3.8332832     0.0436271054363
3.8258375     0.0436175686931
3.8185001     0.0437796933269
3.8112635     0.043858371458
3.8041211     0.0437856537914
3.7970671     0.0437522751903
3.790096     0.0437022072887
3.783203     0.0437796933269
3.7763837     0.0436580998516
3.7696348     0.0436294896221
3.7629524     0.0436044556713
3.7563327     0.0435853821849
3.7497726     0.0436020714855
3.7432692     0.0436449868297
3.7368215     0.0437403542614
3.7304258     0.0437355858898
3.7240795     0.0435877663707
3.7177817     0.0439430100536
3.7115303     0.0435210091686
3.7053225     0.0437737328624
3.6991583     0.0438035351848
3.6930349     0.0437486989116
3.6869512     0.0437224728679
3.6809064     0.0436223370647
3.6748981     0.043835721693
3.6689268     0.0436271054363
3.6629893     0.0437236649608
3.6570869     0.0437773091411
3.6512163     0.0438190323925
3.6453787     0.0437177044963
3.6395713     0.0438142640209
3.6337948     0.0436855179882
3.6280474     0.0439966542339
3.6223288     0.0437546593761
3.6166385     0.0436998231029
3.6109748     0.0435853821849
3.6053388     0.0439370495891
3.5997284     0.0441170556163
3.5941433     0.0445450169658
3.5885838     0.0446058137035
3.5830482     0.0446296555614
3.5775366     0.0448180062389
3.5720489     0.0450051648235
3.5665838     0.0451684815502
3.5611411     0.0451374871349
3.5557213     0.0453949792003
3.5503228     0.0452578885173
3.5449454     0.0454319340801
3.5395894     0.0454545838451
3.5342542     0.0453198773479
3.528939     0.0452447754955
3.5236436     0.0456703526592
3.5183681     0.0457645279979
3.5131123     0.0461948735332
3.5078753     0.0465429646587
3.502657     0.0471938473796
3.497457     0.047223649702
3.4922758     0.0478006226635
3.4871126     0.0480259282207
3.4819671     0.0483585221385
3.476839     0.0485230309581
3.4717282     0.0487793309307
3.4666344     0.0487197262859
3.461558     0.0488901955699
3.4564982     0.0489831788158
3.4514549     0.0487054211711
3.4464278     0.0487078053569
3.4414169     0.0484360081768
3.4364218     0.0489295346355
3.4314425     0.0490332467174
3.4264789     0.0494778973674
3.4215308     0.0498557908153
3.4165982     0.0502169949626
3.4116807     0.0504589898204
3.4067782     0.0511003357982
3.4018906     0.0510013920879
3.3970176     0.0516868455028
3.3921593     0.0517845971202
3.3873154     0.052437864027
3.3824859     0.0527525765514
3.3776706     0.0532866341686
3.3728694     0.0538123471355
3.3680822     0.0541365964031
3.3633088     0.0547457558727
3.3585492     0.0549949032878
3.3538033     0.0554550511455
3.3490709     0.0556529385662
3.344352     0.0561059338665
3.3396464     0.0562847478008
3.3349541     0.0565195901012
3.330275     0.0569880826091
3.3256088     0.0571668965435
3.3209557     0.0571084839916
3.3163154     0.0574613434886
3.311688     0.0574553830242
3.3070732     0.0579429490184
3.302471     0.0576830727672
3.2978814     0.0582123620128
3.2933042     0.057913146696
3.2887394     0.058358989439
3.2841868     0.0582195145702
3.2796465     0.0583899838542
3.2751185     0.0587750298595
3.2706027     0.0583709103679
3.2660988     0.0586105210399
3.2616069     0.0585258824443
3.2571269     0.0587571484661
3.2526586     0.0582910401439
3.248202     0.0585437638378
3.2437571     0.0583601815319
3.2393237     0.058267198286
3.2349021     0.0582123620128
3.2304921     0.0581789834117
3.2260935     0.0577593667125
3.2217063     0.0579524857616
3.2173303     0.0573838574504
3.2129655     0.0576067788219
3.2086118     0.057308755598
3.2042695     0.0571919304943
3.1999385     0.0568426472759
3.1956184     0.0568009240245
3.1913092     0.0564444882488
3.1870109     0.055940232954
3.1827233     0.0557638032054
3.1784471     0.055176101408
3.1741816     0.0548828465557
3.1699267     0.0542319638347
3.1656824     0.0537336690044
3.1614486     0.0531388146495
3.157226     0.0524187905406
3.1530138     0.0511766297435
3.1488119     0.0505507809734
3.1446203     0.0493360383129
3.1404394     0.0489784104442
3.1362691     0.0482667309856
3.1321089     0.048273883543
3.1279589     0.0479794365978
3.1238192     0.048399053297
3.11969     0.0486255509471
3.1155708     0.0489796025371
3.1114615     0.0491643769359
3.1073625     0.0492823941326
3.1032738     0.0493825299358
3.0991948     0.0494039876079
3.0951256     0.0492621285533
3.0910668     0.0489915234661
3.0870178     0.0489593369579
3.0829784     0.0486827714061
3.078949     0.048421703062
3.0749296     0.0479448659038
3.0709196     0.0478113514995
3.0669192     0.0473309380626
3.0629291     0.0471139771556
3.0589482     0.0465703827953
3.0549767     0.0464094502544
3.0510154     0.0457573754406
3.0470633     0.0455058438396
3.0431204     0.0444615704631
3.0391876     0.0443733555889
3.0352639     0.0440491063213
3.0313493     0.0435293538188
3.0274448     0.0430751664257
3.0235492     0.0424600464916
3.0196627     0.0418628079509
3.015786     0.0413812024211
3.0119181     0.041109405241
3.0080596     0.0404120308971
3.0042104     0.0401676518535
3.0003699     0.0395811421489
2.996539     0.0390613896465
2.992717     0.0385559422588
2.9889038     0.038074336729
2.9851002     0.0374973637676
2.981305     0.0371909958934
2.9775192     0.0364518982982
2.9737422     0.036146722517
2.9699737     0.0354445798015
2.9662148     0.035153709135
2.9624641     0.0344384533977
2.9587227     0.0341416222667
2.9549898     0.033556304655
2.9512656     0.0330806595897
2.9475505     0.032438121519
2.9438434     0.0319219452953
2.9401458     0.0314939839458
2.9364562     0.0308621747112
2.9327757     0.0305021626567
2.9291035     0.0300014836406
2.9254399     0.0294328553295
2.9217849     0.0287938935375
2.9181382     0.028376661024
2.9145003     0.0279022080516
2.9108704     0.0274742467021
2.9072495     0.026940189085
2.9036363     0.0266910416698
2.9000322     0.0258363110637
2.8964357     0.0256157738781
2.8928483     0.0250483376598
2.8892685     0.0245130879497
2.8856976     0.0238180977916
2.8821343     0.023483119688
2.8785798     0.0228775364971
2.8750329     0.0223291737651
2.8714948     0.0217271668529
2.8679641     0.0210250241375
2.8644423     0.0206185204601
2.8609278     0.0197530610179
2.8574221     0.019136748991
2.8539236     0.0181389672374
2.8504341     0.017356954298
2.8469517     0.0162304265117
2.8434779     0.0151992661571
2.8400116     0.0141406876659
2.8365536     0.0135243756389
2.8331031     0.0129235608196
2.8296607     0.0127459389781
2.8262261     0.0125182492351
2.8227991     0.0126613003826
2.8193803     0.0126756054973
2.8159686     0.0131893975353
2.8125655     0.0130964142894
2.8091693     0.0130141598796
2.8057815     0.0124896390056
2.802401     0.0121713502025
2.7990281     0.0117016656017
2.7956631     0.0113297326183
2.7923052     0.0110925061321
2.7889556     0.0107777936077
2.7856129     0.010591827116
2.7822782     0.0106883866405
2.7789508     0.0108064038372
2.7756306     0.0108159405803
2.7723185     0.0110543591594
2.7690132     0.0114334447002
2.7657159     0.012337051115
2.7624257     0.012759052
2.7591426     0.0139392239666
2.7558675     0.0150216443157
2.7525992     0.0172842366313
2.7493384     0.0185371262645
2.7460851     0.019900880537
2.7428384     0.0205112320995
2.7395997     0.0225401742076
2.736368     0.0251437050914
2.733143     0.0266421658611
2.729926     0.0281787736034
2.7267156     0.0300014836406
2.7235124     0.0325823647594
2.7203167     0.0337994916057
2.7171276     0.0347507817363
2.7139457     0.0358022076702
2.7107712     0.0379348618602
2.7076032     0.0397611481761
2.7044425     0.0408793313121
2.7012889     0.0407136303997
2.6981419     0.0405336243724
2.6950021     0.0409282071208
2.6918694     0.0413227898693
2.6887432     0.0408173424816
2.6856241     0.041918836317
2.6825121     0.0452245099163
2.6794066     0.0483692509746
2.6763078     0.0495923382854
2.6732164     0.0504661423778
2.6701313     0.0517845971202
2.6670527     0.0523627621746
2.6639816     0.0531209332561
2.660917     0.0536311490154
2.6578587     0.0544668061351
2.6548074     0.0537515503978
2.651763     0.0519038064098
2.6487248     0.0513506753063
2.6456931     0.052790723524
2.6426687     0.053898177824
2.6396505     0.0530005318737
2.6366387     0.0521839482402
2.6336335     0.0541497094249
2.6306353     0.0552261693096
2.6276432     0.0538743359661
2.6246574     0.0524962765789
2.6216784     0.0545466763591
2.618706     0.0551451069927
2.6157398     0.0530517918682
2.6127797     0.05226620265
2.6098265     0.0546229703044
2.6068797     0.0556481701946
2.6039391     0.054867349348
2.6010045     0.0556851250743
2.5980767     0.0568140370464
2.5951553     0.0566054207897
2.5922399     0.0564885956859
2.5893306     0.0572920662975
2.5864277     0.0574220044231
2.5835314     0.0564182622051
2.5806411     0.0560987813091
2.5777568     0.058062158308
2.5748785     0.0593961102581
2.5720068     0.0590468270397
2.5691413     0.0585020405864
2.5662818     0.0586057526683
2.5634282     0.0587011201
2.5605804     0.058780990324
2.5577395     0.0590015275096
2.5549044     0.058894239149
2.5520752     0.0586975438213
2.5492519     0.0587857586956
2.5464344     0.0592089516735
2.5436235     0.0589121205425
2.5408184     0.0590074879741
2.5380192     0.0588096005535
2.5352258     0.0586367470836
2.5324381     0.0582517010784
2.5296566     0.0583148820018
2.5268812     0.057810626707
2.5241116     0.0578308922863
2.5213476     0.0575698239421
2.5185895     0.0575817448711
2.515837     0.0574947220897
2.5130905     0.0573802811718
2.51035     0.0575841290569
2.5076152     0.0578606946086
2.5048861     0.0578249318218
2.5021626     0.0580609662151
2.4994447     0.0583375317668
2.4967324     0.0588346345043
2.4940263     0.0589907986736
2.4913259     0.0594974381542
2.488631     0.0598967892742
2.4859416     0.060458265028
2.4832578     0.0609768254375
2.4805795     0.0613439900493
2.4779067     0.0621033532238
2.4752398     0.062705360136
2.4725786     0.0638092381572
2.4699228     0.0647438389873
2.4672725     0.0660169941997
2.4646276     0.0672329289531
2.4619882     0.0686777455425
2.4593542     0.0699425561046
2.4567256     0.0715876443004
2.4541025     0.0729001385784
2.4514851     0.0744796616649
2.4488732     0.076155744276
2.4462665     0.0774503571605
2.4436653     0.0790024621105
2.4410693     0.0805796010112
2.4384787     0.0820268017864
2.4358933     0.0835514885997
2.4333133     0.0851584298229
2.4307385     0.0865543706035
2.428169     0.0880325657939
2.425605     0.0894773823833
2.4230463     0.0909853798961
2.4204929     0.0924397332286
2.4179446     0.093998990736
2.4154016     0.0953532082653
2.4128637     0.096668086729
2.410331     0.09820827075
2.4078035     0.0997699124431
2.4052811     0.10117658206
2.4027638     0.102816901884
2.4002516     0.103929124556
2.3977446     0.105500302992
2.3952426     0.106854520521
2.3927458     0.10833629199
2.3902539     0.109369836531
2.3877674     0.110617957792
2.3852859     0.111812434874
2.3828094     0.112925849638
2.380338     0.11428960391
2.3778715     0.115465007505
2.37541     0.116729818068
2.3729535     0.118163905821
2.3705019     0.119525275907
2.3680552     0.120735250196
2.3656135     0.122093044004
2.3631768     0.123310170851
2.3607449     0.124703727446
2.3583179     0.125920854292
2.3558958     0.126993737898
2.3534785     0.127873502455
2.3510661     0.129089437208
2.3486585     0.129883371077
2.3462558     0.131058774672
2.3438579     0.131937347135
2.3414647     0.13286956378
2.3390764     0.133774362287
2.3366928     0.134631477079
2.334314     0.135690055571
2.33194     0.136379085264
2.3295707     0.137535415373
2.3272061     0.138276897154
2.3248462     0.13930448123
2.322491     0.140234313688
2.3201405     0.141419254026
2.3177946     0.142086826048
2.3154534     0.14309652873
2.3131169     0.143858276091
2.310785     0.144815526686
2.3084577     0.145791850767
2.306135     0.146566711149
2.3038169     0.147289119444
2.3015034     0.148232064924
2.2991944     0.149054609022
2.29689     0.149810395918
2.2945901     0.150635324202
2.2922948     0.151410184584
2.2900039     0.15205510684
2.2877176     0.152658305845
2.2854357     0.15338905879
2.2831584     0.154116235456
2.2808854     0.154821954451
2.2786169     0.155547939024
2.2763529     0.156163058958
2.2740933     0.156542144499
2.271838     0.157228790007
2.2695872     0.157659135542
2.2673409     0.158312402449
2.2650991     0.158709369383
2.2628616     0.159150443754
2.2606285     0.159494958601
2.2583997     0.159782252989
2.2561752     0.159994445524
2.2539551     0.160527311048
2.2517392     0.160553537092
2.2495276     0.160789571485
2.2473202     0.161110244474
2.2451172     0.16105898448
2.2429183     0.161250911436
2.2407237     0.161352239332
2.2385333     0.16156562396
2.2363471     0.161624036512
2.2341652     0.161670528135
2.2319877     0.161649070463
2.2298145     0.161701522551
2.2276453     0.161774240217
2.2254803     0.161801658354
2.2233195     0.161638341627
2.2211627     0.161423764906
2.2190101     0.161173425398
2.2168615     0.161165080748
2.214717     0.160902820311
2.2125766     0.160589299879
2.2104402     0.160250745497
2.2083083     0.159827552519
2.2061805     0.159660659513
2.2040567     0.159162364683
2.2019369     0.158814273558
2.199821     0.158689103804
2.1977092     0.158296905241
2.1956013     0.15808232852
2.1934973     0.157821260176
2.1913973     0.157363496504
2.1893014     0.156749568663
2.1872098     0.155917487822
2.1851221     0.155305944166
2.1830383     0.15430697032
2.1809584     0.153560720167
2.1788823     0.152646384916
2.17681     0.151730857573
2.1747416     0.150913081846
2.1726771     0.150377832136
2.170617     0.149593435011
2.1685606     0.148941360197
2.1665081     0.148286901197
2.1644593     0.147527538023
2.1624143     0.146676383696
2.160373     0.145746551237
2.1583354     0.144692741117
2.1563021     0.143860660276
2.1542727     0.142726979933
2.152247     0.141601644239
2.150225     0.140454850874
2.1482066     0.139490447721
2.1461919     0.138399682722
2.1441809     0.137298188887
2.1421741     0.136522136412
2.1401711     0.135339580259
2.1381717     0.134589753828
2.1361759     0.133409581861
2.1341836     0.132238946638
2.132195     0.131321035109
2.1302102     0.130122981749
2.1282295     0.1292754037
2.1262523     0.128065429411
2.1242787     0.12714274951
2.1223085     0.126077018461
2.1203419     0.12494453021
2.118379     0.124026618681
2.1164202     0.122897706709
2.1144649     0.121836744032
2.112513     0.12081512042
2.1105645     0.120059333525
2.1086194     0.119021020613
2.1066784     0.118516765318
2.1047411     0.117570243559
2.1028072     0.116992078505
2.1008767     0.116354308805
2.0989495     0.115630708418
2.0970259     0.115119300566
2.0951064     0.114439807615
2.0931902     0.113780580244
2.0912773     0.112937770567
2.0893677     0.112301192961
2.0874614     0.111287914
2.0855594     0.110875449858
2.0836607     0.110161386213
2.0817653     0.109425864897
2.079873     0.108590207777
2.077984     0.108044229231
2.0760993     0.107443414411
2.0742177     0.10673888751
2.0723394     0.106129728041
2.0704643     0.105503879271
2.0685924     0.10482438632
2.0667247     0.104192577085
2.0648601     0.103484473906
2.0629987     0.102968297682
2.0611404     0.102151714048
2.0592856     0.101566396437
2.0574346     0.100789151869
2.0555868     0.100118003569
2.0537419     0.0995756013011
2.0519002     0.0987530572032
2.0500625     0.0979710442638
2.048228     0.0974167210674
2.0463965     0.0967098099803
2.044568     0.0960934979534
2.0427431     0.095584474287
2.0409218     0.0950182301616
2.0391036     0.0942397935009
2.0372883     0.0937701089
2.035476     0.0929892880535
2.0336679     0.0925708634471
2.0318626     0.0918365342235
2.0300603     0.0911165101146
2.0282609     0.0906575543499
2.0264655     0.0899208409404
2.0246732     0.0895202977275
2.0228837     0.0887263638591
2.021097     0.0881708485698
2.0193143     0.0876201016521
2.0175347     0.0870717389202
2.0157579     0.0865186078166
2.0139839     0.085806928358
2.0122137     0.0852537972545
2.0104467     0.0847161633586
2.0086824     0.0841475350475
2.0069208     0.083651624403
2.0051632     0.0831151826
2.0034086     0.0826228482341
2.0016567     0.0820279938793
1.9999075     0.0817764622783
1.9981624     0.0810767037487
1.99642     0.0804484707927
1.9946803     0.0801277978038
1.9929435     0.0791598183727
1.9912106     0.0789726597881
1.9894803     0.0782812459087
1.9877527     0.0778222901439
1.9860283     0.0774181706523
1.9843074     0.076829276762
1.9825891     0.0764168126201
1.9808733     0.0755811555004
1.9791613     0.0754929406261
1.9774523     0.074787221632
1.9757457     0.074421249113
1.974042     0.0739158017253
1.9723421     0.0732661110973
1.9706447     0.0727666241741
1.9689498     0.0720620972728
1.9672584     0.0716806275463
1.96557     0.0710273606395
1.9638842     0.0704158169841
1.962201     0.070120177946
1.9605216     0.0691557747936
1.9588447     0.0687135083293
1.9571702     0.0678349358654
1.9554992     0.0672102791881
1.9538312     0.0661302430248
1.9521655     0.0651360375499
1.9505028     0.0641060692882
1.9488435     0.0628794056987
1.9471866     0.0620854718303
1.945532     0.0608278138256
1.9438814     0.0595093590831
1.9422332     0.057697377882
1.9405872     0.0558305604076
1.9389448     0.0532461030101
1.9373052     0.0507522446727
1.9356678     0.04809149333
1.9340335     0.0451506001567
1.9324024     0.042489848814
1.9307735     0.040687404356
1.9291472     0.0396085602855
1.9275246     0.0399936062908
1.9259041     0.0404322964763
1.924286     0.0416756493663
1.9226717     0.0436151845073
1.9210596     0.0459504944896
1.9194496     0.0479281766033
1.9178435     0.0498414857006
1.9162396     0.0518525464153
1.9146379     0.0536979062175
1.9130398     0.0557196957683
1.9114441     0.0572849137401
1.9098506     0.0589311940288
1.9082605     0.0606442315197
1.9066729     0.0625134331798
1.9050874     0.0639868599987
1.9035053     0.0652862412548
1.9019258     0.0658620221233
1.9003483     0.0669384820079
1.8987741     0.0677240712261
1.8972026     0.0689829213237
1.895633     0.0695694310283
1.8940668     0.0704933030223
1.8925031     0.0709975583171
1.8909414     0.0721431595897
1.8893831     0.0728607995128
1.8878272     0.0731838566875
1.8862732     0.0735259873485
1.8847229     0.0737048012828
1.8831747     0.0738776547527
1.8816284     0.0741601807689
1.880086     0.0746918542003
1.8785455     0.0758458001232
1.877007     0.0769604069805
1.8754722     0.077855668745
1.8739393     0.0786627156353
1.8724087     0.0791228634929
1.8708814     0.0794328076458
1.8693559     0.0794089657878
1.8678332     0.0798416955089
1.8663134     0.0803483349895
1.8647953     0.0807798726177
1.8632804     0.0808966977214
1.861768     0.0817979199504
1.8602572     0.0824583394146
1.8587501     0.0824571473217
1.857245     0.0820721013164
1.8557418     0.0827456338024
1.8542422     0.084027133665
1.8527442     0.0843883378124
1.8512488     0.0842119080638
1.8497564     0.0843919140911
1.8482656     0.0850344521617
1.8467779     0.08515723773
1.8452926     0.0858462674236
1.8438088     0.0866950375652
1.8423289     0.0878418309307
1.8408506     0.0881195885753
1.8393746     0.0887013299083
1.8379016     0.0890053135967
1.8364302     0.0896299702739
1.8349619     0.0900245530223
1.8334959     0.0908625943279
1.8320314     0.091385923109
1.8305707     0.0916159970378
1.8291115     0.0918222291088
1.8276547     0.0925458294963
1.8262008     0.0932980401134
1.8247482     0.0936389786815
1.8232992     0.0942064148998
1.8218519     0.0947845799541
1.8204067     0.0952316147899
1.8189646     0.0954616887187
1.8175239     0.0961709839916
1.8160864     0.0963521821117
1.8146509     0.0970936638927
1.8132172     0.097329698286
1.8117868     0.0978387219524
1.8103578     0.0980044228649
1.8089317     0.0984979493236
1.8075077     0.0988448483562
1.8060854     0.0995279175853
1.8046666     0.0996769291973
1.803249     0.0999236924266
1.8018343     0.100537620268
1.8004218     0.100824914656
1.7990109     0.101261220655
1.7976034     0.101641498289
1.7961971     0.102163634977
1.7947938     0.102403245649
1.7933924     0.102868161879
1.7919929     0.103132806501
1.7905965     0.103607259474
1.7892013     0.10396369525
1.7878093     0.104465566359
1.786419     0.104583583555
1.7850307     0.105214200697
1.7836453     0.105484805784
1.7822609     0.106095157347
1.7808802     0.106622062406
1.7795007     0.10686644145
1.7781237     0.107098899565
1.776749     0.107777200422
1.7753758     0.108149133406
1.7740059     0.10851749011
1.772637     0.108852468214
1.7712713     0.109412751875
1.7699071     0.109741769514
1.7685451     0.110148273191
1.7671857     0.110709748945
1.7658274     0.110988698683
1.7644727     0.11147745677
1.7631188     0.111799321852
1.761768     0.112198672972
1.7604189     0.112636171064
1.7590718     0.113073669157
1.7577272     0.113217912397
1.7563838     0.113861642561
1.7550439     0.11400111743
1.7537048     0.114290796003
1.7523688     0.114654384336
1.7510343     0.114828429899
1.749702     0.114994130812
1.748372     0.115186057768
1.7470435     0.11547931262
1.7457179     0.115535340986
1.7443932     0.115777335844
1.743072     0.11555322238
1.7417518     0.115839324675
1.7404343     0.115730844221
1.7391184     0.115897737226
1.7378046     0.115739188871
1.7364932     0.115864358625
1.735183     0.115639053068
1.7338759     0.115588985167
1.7325696     0.115498386106
1.7312668     0.115432820997
1.7299647     0.115145526609
1.7286656     0.114852271757
1.7273679     0.114601932249
1.7260723     0.114469609938
1.7247789     0.114208541594
1.723487     0.113867603025
1.7221979     0.113561235151
1.7209096     0.113188110075
1.7196247     0.112843595228
1.7183404     0.112478814802
1.7170594     0.111898265562
1.7157793     0.111570440016
1.7145019     0.111008964262
1.7132259     0.110558353147
1.7119522     0.110137544355
1.7106804     0.10940679141
1.7094103     0.108769021711
1.7081426     0.10825403758
1.7068761     0.107733092985
1.7056124     0.107141814909
1.7043496     0.106308541975
1.70309     0.105843625746
1.7018309     0.105146251402
1.7005752     0.104323707304
1.6993201     0.103885017118
1.698068     0.103216253004
1.6968169     0.102385364256
1.6955684     0.101840577803
1.6943213     0.100940547667
1.6930764     0.100312314711
1.6918332     0.0992585045909
1.6905919     0.0986922604656
1.6893526     0.0980699879741
1.6881149     0.0971055848217
1.6868795     0.0961340291118
1.6856454     0.0953913552379
1.6844138     0.0943470818614
1.6831833     0.0935257298564
1.6819556     0.0925327164745
1.6807286     0.0916803700542
1.6795047     0.0907660348033
1.6782813     0.0897384507274
1.6770612     0.0888968331432
1.6758413     0.0881529671764
1.674625     0.0871325356578
1.6734089     0.0862098557567
1.6721961     0.0853253228282
1.6709837     0.0842858178234
1.6697744     0.0832868439769
1.6685657     0.0826037747478
1.66736     0.0815451962566
1.666155     0.0805605275249
1.6649528     0.079543672285
1.6637514     0.0786949021434
1.6625528     0.0775218827343
1.661355     0.0768352372264
1.6601599     0.0756634099102
1.6589657     0.0747192723369
1.6577741     0.0737977845287
1.6565835     0.0726438386058
1.6553954     0.0716698987102
1.6542083     0.0707424504375
1.6530238     0.0697506291484
1.6518402     0.0687802655315
1.6506591     0.0678480488872
1.6494791     0.0667084080791
1.6483015     0.0657869202709
1.6471249     0.0649906022167
1.6459508     0.0639308316326
1.6447777     0.0628436429119
1.6436071     0.0618852002239
1.6424374     0.0609458310222
1.6412703     0.0597549302196
1.6401039     0.0588429791545
1.6389403     0.058004937849
1.6377773     0.0569189412212
1.6366172     0.0560439450359
1.6354576     0.0549484116649
1.6343009     0.0540757996654
1.6331446     0.0531257016277
1.6319913     0.0520206315135
1.6308383     0.0511456353282
1.6296886     0.0501883847332
1.6285388     0.0492645127391
1.6273925     0.0484479291057
1.6262462     0.0475014073467
1.6251031     0.0467265469646
1.6239603     0.045900426588
1.6228204     0.0449562890148
1.621681     0.0439620835399
1.6205443     0.0430787427043
1.6194084     0.0423849446392
1.6182749     0.0414944512462
1.6171423     0.0407422406291
1.6160119     0.0396467072582
1.6148829     0.0389099938488
1.6137556     0.0382066590404
1.6126299     0.0372911316967
1.6115057     0.0365448815441
1.6103835     0.0359190327739
1.6092623     0.0350476128673
1.6081435     0.0344968659496
1.6070254     0.0335837227916
1.60591     0.0329089982128
1.6047948     0.032005391798
1.6036829     0.0315118653392
1.6025709     0.0305152756786
1.6014621     0.0299871785259
1.6003535     0.0291956288433
1.5992477     0.0285781247234
1.5981426     0.0280845982646
1.5970397     0.0272203309154
1.5959379     0.0265944821453
1.5948379     0.0260330063915
1.5937395     0.0254202706432
1.5926424     0.0247646195507
1.5915474     0.0242579800701
1.5904531     0.0234545094585
1.5893615     0.023038469038
1.58827     0.0224185807323
1.5871818     0.0219906193828
1.5860935     0.021418414793
1.5850082     0.020961843214
1.5839234     0.020117841444
1.5828408     0.0199855191326
1.5817593     0.0190294606304
1.5806795     0.018782697401
1.5796014     0.0182498318767
1.5785243     0.0178206784343
1.5774495     0.0173712594127
1.5763751     0.0169468743419
1.5753036     0.0163579804515
1.5742322     0.0158823353862
1.5731638     0.015542588911
1.5720957     0.0151134354686
1.5710299     0.014869056425
1.5699652     0.014231286726
1.568902     0.0140536648845
1.5678406     0.0133956296062
1.56678     0.0134421212291
1.5657219     0.0128079278087
1.5646639     0.0126160008525
1.5636091     0.0119806153392
1.5625544     0.0118995530223
1.5615022     0.0114251000499
1.5604507     0.011241517744
1.559401     0.0107718331432
1.5583529     0.0105310303783
1.5573057     0.0102794987773
1.5562609     0.00982531138415
1.5552161     0.00959046908374
1.5541746     0.00941880770679
1.5531331     0.009017072401
1.552094     0.00883945055957
1.5510559     0.00855692454333
1.5500192     0.0083006245708
1.5489843     0.00792273112292
1.5479499     0.00767596789355
1.5469184     0.00779279299731
1.5458868     0.00719913073535
1.5448581     0.00731237956042
1.5438298     0.00683196612353
1.5428034     0.00670083590503
1.5417784     0.00644930430408
1.5407542     0.00640758105273
1.5397325     0.0059116704082
1.5387108     0.00601538249011
1.5376921     0.00544198580737
1.5366737     0.00547655650134
1.5356573     0.00526794024463
1.5346421     0.00525601931567
1.5336279     0.00504025050159
1.532616     0.00475176402087
1.5316041     0.00478514262195
1.5305953     0.00440963335986
1.5295867     0.00435956545825
1.52858     0.00412353106494
1.5275746     0.00407346316333
1.5265701     0.00358947344775
1.5255679     0.00387557574268
1.5245658     0.00393398829456
1.5235666     0.0377989632701
1.5225677     0.0411296708202
1.5215705     0.0414694172954
1.5205749     0.0418532712078
1.5195797     0.0422812325573
1.5185873     0.0420916897869
1.517595     0.0422585827922
1.516605     0.0422371251201
1.5156159     0.0422705037212
1.5146279     0.042147718153
1.513642     0.0422132832622
1.512656     0.0424373967266
1.5116732     0.0423515660381
1.5106905     0.0423646790599
1.5097096     0.0422395093059
1.5087302     0.0424135548687
1.5077511     0.0422323567485
1.5067749     0.0424350125408
1.5057986     0.0421644074535
1.5048247     0.042557798109
1.5038516     0.0423098427867
1.5028795     0.042660318098
1.5019096     0.0422097069835
1.5009398     0.0426305157756
1.4999726     0.0422919613933
1.499006     0.0424469334697
1.4980406     0.0422168595409
1.4970772     0.0423479897594
1.4961137     0.0424314362621
1.4951533     0.0423169953441
1.494193     0.0424695832347
1.4932343     0.0422716958141
1.4922772     0.0425089223003
1.4913202     0.0422538144207
1.4903663     0.042660318098
1.4894124     0.0422788483715
1.4884602     0.0426627022838
1.4875095     0.0423730237102
1.4865589     0.0425113064861
1.4856113     0.042283616743
1.4846638     0.0424648148632
1.483718     0.0423944813823
1.4827736     0.0425029618358
1.4818293     0.0422478539562
1.4808881     0.0424052102184
1.4799469     0.0423885209178
1.4790073     0.0423849446392
1.4780693     0.0422919613933
1.4771312     0.0422418934917
1.4761963     0.0424528939342
1.4752614     0.0424266678905
1.474328     0.0424385888195
1.4733962     0.0423813683605
1.4724644     0.0424183232402
1.4715356     0.0423360688304
1.470607     0.0426197869396
1.4696796     0.042318187437
1.4687541     0.0424743516063
1.4678286     0.0422776562786
1.4669058     0.0424421650981
1.4659834     0.042363486967
1.4650619     0.0424850804424
1.4641427     0.0423313004589
1.4632234     0.0424993855571
1.4623064     0.0423396451091
1.4613903     0.0425887925243
1.4604745     0.0423658711528
1.4595615     0.0424159390544
1.4586486     0.0423909051036
1.4577372     0.0423336846447
1.4568273     0.0423897130107
1.4559175     0.0423551423168
1.4550105     0.0426543576335
1.4541037     0.0422633511638
1.4531979     0.0425291878795
1.4522942     0.042295537672
1.4513906     0.0425685269451
1.4504891     0.042203746519
1.4495885     0.0426460129833
1.4486882     0.042340837202
1.4477907     0.0424481255626
1.4468932     0.0422597748851
1.4459971     0.0424826962566
1.4451027     0.042181096754
1.4442083     0.0425780636882
1.4433164     0.0422168595409
1.4424251     0.042272887907
1.4415342     0.0422514302349
1.440646     0.0424362046337
1.4397578     0.0423658711528
1.438871     0.0423694474315
1.4379859     0.0424362046337
1.4371007     0.0420869214153
1.436218     0.0423932892894
1.435336     0.0420726163005
1.4344543     0.0423611027812
1.4335752     0.0421489102458
1.4326962     0.0424683911418
1.4318185     0.0419283730602
1.4309426     0.0424254757976
1.4300666     0.0421095711803
1.4291929     0.0424362046337
1.42832     0.0421441418743
1.4274472     0.0423193795299
1.4265773     0.0423158032512
1.4257075     0.0423670632457
1.4248385     0.0421453339672
1.4239717     0.042330108366
1.4231049     0.0423742158031
1.4222399     0.0424075944042
1.4213761     0.0423444134807
1.4205123     0.0421119553661
