3.69212786891 0.381517469536
3.68985082363 0.378969594937
3.6875763105 0.380822495986
3.68530432561 0.378504469976
3.68303486509 0.379981850278
3.68076792506 0.380002909625
3.67850350164 0.38171505742
3.67624159096 0.38307959882
3.67398218917 0.381135002298
3.67172529243 0.381987188688
3.66947089688 0.379210997155
3.6672189987 0.379887452059
3.66496959405 0.378779884686
3.66272267913 0.378852920843
3.66047825012 0.380669147513
3.65823630321 0.378841577539
3.65599683461 0.380432508914
3.65375984053 0.378497184463
3.6515253172 0.377504134762
3.64929326083 0.377803382482
3.64706366766 0.374881791994
3.64483653393 0.375913409308
3.6426118559 0.375154031224
3.64038962982 0.373685321777
3.63816985194 0.374521661751
3.63595251856 0.375037324168
3.63373762593 0.374493131417
3.63152517035 0.375641908044
3.62931514812 0.371926026861
3.62710755552 0.372171208182
3.62490238888 0.371707275464
3.6226996445 0.369767416966
3.62049931872 0.370058381096
3.61830140784 0.370219290493
3.61610590823 0.368370810763
3.61391281621 0.37026400519
3.61172212815 0.368713403652
3.60953384039 0.36713008828
3.60734794931 0.369013347988
3.60516445128 0.367094287691
3.60298334268 0.364696897298
3.60080461989 0.364956717775
3.59862827931 0.362493250573
3.59645431734 0.360635128796
3.59428273039 0.361033668095
3.59211351488 0.359268683443
3.58994666722 0.356146610079
3.58778218386 0.356356638295
3.58562006121 0.355324050688
3.58346029573 0.352418677266
3.58130288387 0.348621414347
3.57914782209 0.348461557738
3.57699510684 0.34484255604
3.57484473461 0.343459913419
3.57269670186 0.34213313934
3.57055100508 0.338181197244
3.56840764078 0.337796160834
3.56626660543 0.337796082827
3.56412789556 0.335271712473
3.56199150766 0.331179351498
3.55985743827 0.330515540834
3.5577256839 0.327887561307
3.5555962411 0.327438304257
3.55346910639 0.326365032997
3.55134427633 0.324754299754
3.54922174746 0.321794157365
3.54710151635 0.31977390806
3.54498357957 0.318950731482
3.54286793368 0.315287405539
3.54075457527 0.311136677253
3.53864350092 0.307651936327
3.53653470723 0.305542283111
3.53442819079 0.301506812032
3.53232394821 0.294541975202
3.5302219761 0.291337927003
3.52812227108 0.289008301692
3.52602482978 0.284337953759
3.52392964884 0.279769288463
3.52183672487 0.276077225043
3.51974605455 0.271478984425
3.51765763451 0.265432671169
3.51557146141 0.261414287387
3.51348753192 0.256152797313
3.5114058427 0.25490813535
3.50932639045 0.252123299184
3.50724917183 0.245409406495
3.50517418354 0.241298527244
3.50310142228 0.240541509587
3.50103088475 0.237395872897
3.49896256766 0.232640213704
3.49689646772 0.229247233562
3.49483258165 0.228040338057
3.4927709062 0.227393358032
3.49071143808 0.225453962378
3.48865417403 0.220616216656
3.48659911082 0.218520545837
3.48454624518 0.217879999715
3.48249557389 0.217719796103
3.48044709369 0.216753450413
3.47840080138 0.216563221698
3.47635669371 0.213728249467
3.47431476749 0.214957461257
3.47227501949 0.215178910578
3.47023744652 0.217809573988
3.46820204538 0.219762104997
3.46616881287 0.220800774229
3.46413774581 0.219033551845
3.46210884103 0.220810264792
3.46008209534 0.221891650275
3.45805750558 0.225508542821
3.4560350686 0.2255533598
3.45401478123 0.226511719156
3.45199664032 0.227782672436
3.44998064274 0.228842150466
3.44796678535 0.228721728685
3.44595506501 0.230369898669
3.4439454786 0.230736977621
3.441938023 0.233398305693
3.4399326951 0.233705387172
3.43792949179 0.235157770688
3.43592840996 0.236453443119
3.43392944653 0.237985486889
3.4319325984 0.237529131651
3.4299378625 0.237129411718
3.42794523573 0.2387324735
3.42595471503 0.238701968772
3.42396629733 0.240073775078
3.42197997958 0.240911220609
3.41999575871 0.243852295903
3.41801363168 0.24350701351
3.41603359544 0.24386734462
3.41405564696 0.243457380264
3.41207978321 0.243924610446
3.41010600116 0.242254837152
3.40813429778 0.241377145434
3.40616467007 0.242566821586
3.40419711501 0.243296412346
3.4022316296 0.244390560393
3.40026821085 0.245155301584
3.39830685576 0.245863194882
3.39634756134 0.244759553161
3.39439032462 0.24458454633
3.39243514261 0.24556264543
3.39048201236 0.246499972722
3.38853093089 0.246870632459
3.38658189524 0.24640369332
3.38463490247 0.247955721691
3.38268994963 0.248364989147
3.38074703377 0.249349558538
3.37880615196 0.248481114783
3.37686730126 0.246715794808
3.37493047876 0.245983140509
3.37299568152 0.247493803156
3.37106290665 0.248355090614
3.36913215122 0.249760540236
3.36720341233 0.249587666637
3.36527668709 0.247480425579
3.36335197261 0.247410087776
3.36142926599 0.246956996887
3.35950856435 0.247062380195
3.35758986482 0.249317648127
3.35567316452 0.251408815271
3.35375846059 0.25065015549
3.35184575018 0.250416261427
3.34993503041 0.252341386024
3.34802629845 0.255779559499
3.34611955145 0.258474824914
3.34421478657 0.262328581333
3.34231200097 0.267241815776
3.34041119183 0.270749212923
3.33851235633 0.272771281525
3.33661549163 0.276070540587
3.33472059494 0.2772732872
3.33282766344 0.280521758429
3.33093669433 0.282065002717
3.32904768482 0.284045766788
3.3271606321 0.285254872545
3.3252755334 0.286871136063
3.32339238593 0.288861384671
3.32151118692 0.29174222143
3.31963193358 0.292633539292
3.31775462317 0.292083842651
3.3158792529 0.293239462799
3.31400582004 0.294748462098
3.31213432182 0.295791496851
3.3102647555 0.297518156528
3.30839711834 0.301691907476
3.30653140761 0.303335117643
3.30466762056 0.306283111146
3.30280575448 0.307373642559
3.30094580665 0.310705329977
3.29908777434 0.312631640593
3.29723165485 0.312765622131
3.29537744547 0.313714061676
3.2935251435 0.317538659136
3.29167474625 0.319399500991
3.28982625101 0.31899040956
3.28797965512 0.321291563668
3.28613495588 0.321472598609
3.28429215061 0.323642973005
3.28245123665 0.32591521977
3.28061221134 0.326250287863
3.278775072 0.324246399282
3.27693981598 0.323641805708
3.27510644063 0.325187827502
3.27327494331 0.326451277895
3.27144532136 0.326713282085
3.26961757215 0.326969142037
3.26779169306 0.328504266728
3.26596768144 0.330752557569
3.26414553469 0.329850083899
3.26232525017 0.328827748762
3.26050682528 0.32660689081
3.25869025741 0.329564757365
3.25687554395 0.330043965651
3.2550626823 0.328069582883
3.25325166988 0.327231989944
3.25144250408 0.328809457813
3.24963518233 0.327885475675
3.24782970204 0.328411803423
3.24602606064 0.328828044506
3.24422425556 0.328118867263
3.24242428423 0.3275805944
3.24062614409 0.32851813681
3.23882983257 0.328249027082
3.23703534714 0.328365465441
3.23524268524 0.328987655608
3.23345184433 0.326789866746
3.23166282187 0.327453429126
3.22987561532 0.327980663284
3.22809022216 0.328286232968
3.22630663986 0.330187908283
3.2245248659 0.329289777641
3.22274489776 0.326803096818
3.22096673294 0.326958517675
3.21919036892 0.327593095387
3.21741580321 0.326585890436
3.21564303331 0.327319184183
3.21387205672 0.325606365541
3.21210287096 0.324361234229
3.21033547354 0.324345366783
3.20856986198 0.322651331991
3.2068060338 0.32463406976
3.20504398654 0.325982940718
3.20328371773 0.323059535967
3.20152522491 0.321559138781
3.19976850562 0.321783403372
3.1980135574 0.325024361381
3.19626037781 0.323306793131
3.19450896441 0.322089085516
3.19275931475 0.321310378181
3.1910114264 0.322859430914
3.18926529692 0.320779891564
3.18752092389 0.319588416601
3.1857783049 0.318296671563
3.18403743751 0.318675191716
3.18229831932 0.318681921125
3.18056094791 0.319345517265
3.17882532089 0.315894217676
3.17709143585 0.314110785158
3.17535929039 0.316658041008
3.17362888212 0.314943435021
3.17190020866 0.314853223949
3.17017326762 0.314572163316
3.16844805661 0.314669725633
3.16672457328 0.316246251429
3.16500281523 0.313250744989
3.16328278012 0.309553627157
3.16156446557 0.309881445483
3.15984786923 0.309833138904
3.15813298873 0.30929645799
3.15641982174 0.30845635518
3.15470836591 0.308699448813
3.15299861889 0.309956450687
3.15129057836 0.31344948264
3.14958424196 0.308756930722
3.14787960738 0.306013783828
3.14617667229 0.30391046808
3.14447543437 0.305330849569
3.1427758913 0.303324278493
3.14107804077 0.304397291198
3.13938188047 0.305026837254
3.1376874081 0.305133747764
3.13599462135 0.3045924616
3.13430351793 0.303163129165
3.13261409555 0.301289148821
3.13092635192 0.302587151349
3.12924028476 0.302927859113
3.12755589178 0.30185114718
3.1258731707 0.301521046658
3.12419211927 0.301620377286
3.1225127352 0.30007008214
3.12083501624 0.29851949674
3.11915896012 0.299888315479
3.11748456459 0.298801133997
3.11581182739 0.298091175824
3.11414074628 0.297093226571
3.11247131902 0.297395930406
3.11080354336 0.295669124425
3.10913741706 0.296857956217
3.1074729379 0.296063401011
3.10581010364 0.294259161406
3.10414891207 0.293990451837
3.10248936096 0.297459838812
3.10083144808 0.297763309894
3.09917517125 0.295534459044
3.09752052823 0.29401950471
3.09586751683 0.294390235421
3.09421613484 0.294473190689
3.09256638007 0.295118912203
3.09091825033 0.293039746028
3.08927174342 0.29309465514
3.08762685716 0.29217311774
3.08598358937 0.29335414533
3.08434193786 0.293008562306
3.08270190047 0.289848715518
3.08106347502 0.292196794181
3.07942665935 0.292467688212
3.07779145129 0.290316611728
3.07615784868 0.290260827055
3.07452584938 0.291472470837
3.07289545122 0.292505977817
3.07126665206 0.293766509899
3.06963944975 0.293215884639
3.06801384216 0.291932972729
3.06638982714 0.290675439861
3.06476740257 0.290598765403
3.06314656631 0.289771146042
3.06152731624 0.288797717571
3.05990965024 0.287021560939
3.05829356618 0.289366292635
3.05667906196 0.290368570891
3.05506613546 0.289649330974
3.05345478457 0.286392799028
3.0518450072 0.287706726297
3.05023680124 0.287999458252
3.0486301646 0.28847199998
3.04702509517 0.290027460729
3.04542159088 0.288196136271
3.04381964964 0.283403259139
3.04221926937 0.284679585996
3.04062044798 0.287382320293
3.0390231834 0.288301023289
3.03742747357 0.284485992465
3.03583331641 0.286359771958
3.03424070986 0.284111798081
3.03264965186 0.285917009043
3.03106014035 0.286992863842
3.02947217328 0.285830119306
3.02788574861 0.284126247408
3.02630086427 0.285822578263
3.02471751824 0.286540580209
3.02313570847 0.284239062439
3.02155543292 0.281762276947
3.01997668957 0.281809237009
3.01839947638 0.285602041942
3.01682379134 0.285481769548
3.01524963241 0.285050869051
3.01367699758 0.28482132075
3.01210588484 0.284998358935
3.01053629217 0.280693469103
3.00896821757 0.280222478747
3.00740165902 0.284760505873
3.00583661454 0.282675345947
3.00427308212 0.281894264296
3.00271105978 0.280911236479
3.0011505455 0.284562076292
2.99959153732 0.283091870621
2.99803403325 0.282325494979
2.9964780313 0.281951315804
2.9949235295 0.28255343459
2.99337052588 0.282137947936
2.99181901846 0.2818676437
2.99026900528 0.280250755329
2.98872048438 0.279864715945
2.98717345379 0.280309776115
2.98562791155 0.283720762708
2.98408385572 0.283033776916
2.98254128434 0.281935081364
2.98100019547 0.281275163118
2.97946058716 0.280183704688
2.97792245747 0.280278527093
2.97638580447 0.280422386931
2.97485062622 0.279813223638
2.97331692079 0.280291679848
2.97178468626 0.281156588977
2.97025392069 0.281383749925
2.96872462217 0.279698781408
2.96719678879 0.279110496155
2.96567041862 0.278494521145
2.96414550976 0.278817447832
2.96262206029 0.28158372417
2.96110006832 0.28167728424
2.95957953195 0.280110080417
2.95806044927 0.279412308296
2.95654281839 0.281470457954
2.95502663742 0.280552514827
2.95351190447 0.278597572702
2.95199861766 0.280329950167
2.9504867751 0.280521131415
2.94897637492 0.280900383905
2.94746741523 0.279807152929
2.94595989417 0.279894000001
2.94445380987 0.280999347124
2.94294916047 0.280552753704
2.94144594408 0.280815367298
2.93994415887 0.282845349927
2.93844380297 0.280338077216
2.93694487453 0.280100998409
2.9354473717 0.280304035941
2.93395129263 0.283517759874
2.93245663547 0.281429462016
2.93096339839 0.280016676727
2.92947157954 0.28169474957
2.9279811771 0.282103111977
2.92649218923 0.282972776822
2.9250046141 0.279628708023
2.92351844989 0.279681943932
2.92203369477 0.281775600326
2.92055034692 0.282329473005
2.91906840453 0.282395146639
2.91758786578 0.280996490348
2.91610872887 0.279613619073
2.91463099199 0.284652344169
2.91315465332 0.284222085508
2.91167971107 0.280552870905
2.91020616345 0.281294462614
2.90873400865 0.283228583696
2.90726324489 0.283729986306
2.90579387037 0.283939348897
2.90432588331 0.283417937249
2.90285928192 0.284305052397
2.90139406443 0.284729644055
2.89993022906 0.288654810004
2.89846777403 0.286080758145
2.89700669757 0.284230895289
2.89554699791 0.284956083757
2.89408867329 0.287644538096
2.89263172194 0.28646279893
2.89117614211 0.284040619607
2.88972193203 0.285813198907
2.88826908996 0.286445548992
2.88681761414 0.285039933748
2.88536750283 0.286093857704
2.88391875428 0.287898168804
2.88247136674 0.287395827795
2.88102533848 0.286086796551
2.87958066777 0.287553312201
2.87813735286 0.289603881716
2.87669539203 0.289539574628
2.87525478354 0.287443841519
2.87381552569 0.287739978336
2.87237761673 0.290025951168
2.87094105496 0.289623767661
2.86950583865 0.288696534194
2.8680719661 0.290061014748
2.86663943559 0.292591453496
2.86520824541 0.292450032611
2.86377839387 0.291534797466
2.86234987925 0.290394229891
2.86092269986 0.290661529865
2.85949685399 0.292303028057
2.85807233997 0.290275420989
2.85664915609 0.289810994794
2.85522730067 0.290713664848
2.85380677202 0.294570406617
2.85238756846 0.293564394652
2.85096968831 0.293050443659
2.8495531299 0.293515498321
2.84813789154 0.292864521063
2.84672397156 0.292476937426
2.84531136831 0.293869452252
2.8439000801 0.295287187865
2.84249010529 0.294303503848
2.8410814422 0.29429283938
2.83967408918 0.294408341433
2.83826804457 0.296783610785
2.83686330672 0.29429692064
2.83545987399 0.294817928516
2.83405774472 0.294391659133
2.83265691727 0.295758030718
2.83125739 0.296379080984
2.82985916126 0.296999758778
2.82846222944 0.295860795395
2.82706659287 0.296428020332
2.82567224995 0.295388209229
2.82427919904 0.296557236564
2.82288743851 0.297097694843
2.82149696675 0.296329314575
2.82010778212 0.295892441957
2.81871988302 0.296343216945
2.81733326782 0.295891653146
2.81594793492 0.297356415706
2.81456388271 0.296787825023
2.81318110958 0.295505273045
2.81179961392 0.294232517714
2.81041939413 0.295851409651
2.80904044861 0.296302828728
2.80766277578 0.297215308809
2.80628637402 0.294402665447
2.80491124175 0.295414396465
2.80353737739 0.295833862185
2.80216477934 0.295771978747
2.80079344602 0.293960542791
2.79942337586 0.292154785353
2.79805456726 0.293219987319
2.79668701866 0.294120583737
2.79532072848 0.292395398776
2.79395569516 0.291363294213
2.79259191711 0.292720311661
2.79122939278 0.293560691237
2.78986812061 0.291556469989
2.78850809903 0.290973259097
2.78714932648 0.2918624994
2.78579180142 0.292572840201
2.78443552227 0.290885640592
2.78308048751 0.290064935158
2.78172669557 0.291870769458
2.78037414491 0.292512185673
2.77902283398 0.291644569421
2.77767276126 0.29084980734
2.77632392519 0.292461020194
2.77497632425 0.293559293334
2.77362995689 0.293655434988
2.7722848216 0.293455504582
2.77094091683 0.295800685423
2.76959824107 0.29658119763
2.76825679279 0.29582211179
2.76691657048 0.296767069105
2.7655775726 0.298275630987
2.76423979765 0.299538769675
2.76290324411 0.297746101066
2.76156791047 0.299095575886
2.76023379523 0.302193413552
2.75890089687 0.305030344813
2.75756921389 0.305883946081
2.7562387448 0.307055807371
2.75490948808 0.308886409309
2.75358144225 0.311175822457
2.75225460581 0.312581344581
2.75092897727 0.316541269383
2.74960455514 0.319617179605
2.74828133793 0.321127325301
2.74695932415 0.323624431414
2.74563851234 0.32916564989
2.74431890099 0.332268435246
2.74300048865 0.333655066033
2.74168327383 0.335115000655
2.74036725505 0.339552324824
2.73905243086 0.34381189165
2.73773879977 0.346249727954
2.73642636033 0.349270584246
2.73511511108 0.353365962882
2.73380505054 0.35674618152
2.73249617726 0.359769085748
2.73118848979 0.364075903813
2.72988198667 0.368797349094
2.72857666645 0.371317329002
2.72727252767 0.373659926912
2.7259695689 0.379549525748
2.72466778869 0.381762969694
2.72336718559 0.384651371417
2.72206775816 0.387113861905
2.72076950498 0.389570503623
2.71947242459 0.3916885071
2.71817651557 0.395192653813
2.71688177648 0.399532307774
2.7155882059 0.400891677322
2.7142958024 0.401511406859
2.71300456456 0.405211724489
2.71171449095 0.407333869193
2.71042558015 0.409445480292
2.70913783075 0.412253859408
2.70785124133 0.414574423603
2.70656581048 0.415228226323
2.70528153679 0.418261268263
2.70399841884 0.42096076652
2.70271645524 0.422907926073
2.70143564457 0.426222685646
2.70015598544 0.428915500834
2.69887747644 0.429665854534
2.69760011618 0.432512985848
2.69632390327 0.43392932798
2.6950488363 0.435860772102
2.69377491389 0.438997433205
2.69250213465 0.440252519429
2.6912304972 0.440864927625
2.68996000014 0.44326678392
2.6886906421 0.446036761697
2.6874224217 0.445934413914
2.68615533756 0.448210347139
2.6848893883 0.448443950512
2.68362457255 0.449473519297
2.68236088893 0.451785182141
2.68109833609 0.451269017467
2.67983691265 0.451994495778
2.67857661725 0.454001377993
2.67731744852 0.454492781577
2.6760594051 0.454092641392
2.67480248564 0.455797699305
2.67354668878 0.458322213071
2.67229201316 0.458646772917
2.67103845744 0.459776872404
2.66978602026 0.457465489894
2.66853470027 0.45904086002
2.66728449613 0.461831441687
2.6660354065 0.462961400604
2.66478743003 0.462372856077
2.66354056539 0.461438938921
2.66229481123 0.462077248479
2.66105016623 0.463457792214
2.65980662904 0.464584712228
2.65856419835 0.465456641969
2.65732287281 0.466160148941
2.6560826511 0.466710236079
2.6548435319 0.465100086233
2.65360551389 0.466529753436
2.65236859573 0.467907262449
2.65113277613 0.468364402749
2.64989805375 0.46941549175
2.64866442728 0.469388522536
2.64743189542 0.468176913063
2.64620045684 0.470753688381
2.64497011025 0.471576663949
2.64374085434 0.470528278948
2.64251268779 0.471687948829
2.64128560932 0.472037052209
2.64005961761 0.471136748876
2.63883471138 0.472086900279
2.63761088932 0.47224422677
2.63638815014 0.471514549023
2.63516649255 0.473177077657
2.63394591525 0.472772727127
2.63272641697 0.471725846657
2.63150799641 0.473109500784
2.63029065229 0.474302967903
2.62907438332 0.472489455048
2.62785918823 0.473403820998
2.62664506574 0.473221968325
2.62543201458 0.473611607223
2.62422003345 0.475304286802
2.62300912111 0.475593051904
2.62179927627 0.47310625429
2.62059049767 0.47410305945
2.61938278403 0.473868262118
2.61817613411 0.473547950909
2.61697054662 0.47588066481
2.61576602032 0.475595942946
2.61456255394 0.474505462042
2.61336014623 0.474068330712
2.61215879593 0.474041043284
2.61095850179 0.472933146457
2.60975926256 0.474046591472
2.60856107699 0.475929189622
2.60736394383 0.474889486127
2.60616786184 0.475211495304
2.60497282977 0.476071507676
2.60377884639 0.474030021819
2.60258591045 0.474637932271
2.60139402072 0.47498893521
2.60020317595 0.473568166184
2.59901337492 0.47420513799
2.5978246164 0.474832604668
2.59663689915 0.473439587962
2.59545022195 0.472236055783
2.59426458358 0.473053200582
2.59307998279 0.472808719569
2.59189641838 0.471669029602
2.59071388913 0.472963260079
2.58953239381 0.473247562327
2.58835193121 0.472417171978
2.58717250011 0.472339576591
2.58599409931 0.471282059967
2.58481672758 0.469112985411
2.58364038372 0.46953594712
2.58246506652 0.469479481947
2.58129077478 0.468068623157
2.5801175073 0.468198239444
2.57894526286 0.469536888775
2.57777404028 0.469139803702
2.57660383835 0.467792254137
2.57543465587 0.467447750497
2.57426649166 0.466921237759
2.57309934451 0.465998993524
2.57193321325 0.46517051168
2.57076809667 0.463278884679
2.56960399359 0.461785083066
2.56844090283 0.462371060253
2.5672788232 0.460696033043
2.56611775352 0.459011576267
2.56495769261 0.457884203252
2.56379863929 0.457069589964
2.56264059238 0.456082562126
2.56148355072 0.453328212487
2.56032751312 0.452888302135
2.55917247842 0.452164688011
2.55801844544 0.448891935303
2.55686541302 0.446687409845
2.55571338 0.444933670862
2.5545623452 0.443263798029
2.55341230747 0.442331063271
2.55226326565 0.439596890614
2.55111521857 0.43708497898
2.54996816508 0.435437793389
2.54882210403 0.435103078571
2.54767703426 0.433225681095
2.54653295461 0.430966951003
2.54538986395 0.430122346141
2.54424776111 0.430537158981
2.54310664496 0.428645412136
2.54196651435 0.427024636054
2.54082736813 0.425540762351
2.53968920517 0.426579845639
2.53855202433 0.426074291072
2.53741582446 0.425890570178
2.53628060443 0.425747298367
2.5351463631 0.426140063549
2.53401309935 0.426620034603
2.53288081204 0.42715611672
2.53174950004 0.427997919144
2.53061916223 0.427749914289
2.52948979747 0.428605575147
2.52836140465 0.429344985301
2.52723398264 0.4291192719
2.52610753033 0.429415506056
2.52498204658 0.430982944581
2.52385753029 0.432969884198
2.52273398033 0.432565103654
2.5216113956 0.432743892825
2.52048977498 0.434461609226
2.51936911735 0.435552170407
2.51824942162 0.435111062135
2.51713068667 0.434759547139
2.5160129114 0.435647981745
2.51489609471 0.435914140719
2.51378023548 0.436308476239
2.51266533262 0.437040821127
2.51155138503 0.438244171531
2.51043839162 0.437941490221
2.50932635128 0.43804946368
2.50821526292 0.438436555104
2.50710512545 0.438755606549
2.50599593778 0.438984381854
2.50488769882 0.440317293523
2.50378040748 0.44055351316
2.50267406267 0.440403846638
2.50156866332 0.44090667755
2.50046420833 0.441904821676
2.49936069662 0.442708003352
2.49825812713 0.441328166593
2.49715649876 0.441949063192
2.49605581044 0.443463085093
2.49495606109 0.444172858637
2.49385724965 0.443611901445
2.49275937505 0.444290085464
2.4916624362 0.445435900298
2.49056643204 0.445937393256
2.48947136151 0.445500966732
2.48837722354 0.446220447427
2.48728401707 0.4483899895
2.48619174103 0.449787675708
2.48510039436 0.449146829931
2.48400997601 0.449369656263
2.48292048491 0.450600767391
2.48183192002 0.45108239128
2.48074428027 0.450704107288
2.47965756462 0.451396379624
2.478571772 0.452362543671
2.47748690139 0.453808360207
2.47640295171 0.453850635168
2.47531992194 0.455281541907
2.47423781101 0.456242754561
2.4731566179 0.456788624834
2.47207634155 0.456958251364
2.47099698094 0.458099911527
2.46991853501 0.458625067029
2.46884100273 0.458882850034
2.46776438306 0.459165502127
2.46668867498 0.460175097639
2.46561387745 0.460565736023
2.46453998943 0.461040896862
2.4634670099 0.461703318514
2.46239493783 0.462494235729
2.4613237722 0.463058265189
2.46025351197 0.463569000261
2.45918415612 0.464287926528
2.45811570364 0.464213469118
2.4570481535 0.465159699652
2.45598150468 0.466106296336
2.45491575616 0.466450809662
2.45385090693 0.467521117404
2.45278695598 0.467856283556
2.45172390229 0.468221528837
2.45066174484 0.468102107609
2.44960048264 0.468906721211
2.44854011467 0.469345128806
2.44748063991 0.470137312983
2.44642205738 0.47043959263
2.44536436606 0.47112091608
2.44430756495 0.471987185546
2.44325165305 0.471916929933
2.44219662935 0.472537085872
2.44114249287 0.473268962663
2.44008924261 0.47280918032
2.43903687756 0.473089912883
2.43798539673 0.4741149345
2.43693479914 0.47511692077
2.43588508379 0.476174680978
2.43483624969 0.475882800912
2.43378829585 0.475436977165
2.43274122129 0.4756390851
2.43169502502 0.475466113448
2.43064970606 0.476221287792
2.42960526343 0.476703736082
2.42856169613 0.477907052687
2.42751900321 0.479510170664
2.42647718366 0.479308132902
2.42543623653 0.479278538316
2.42439616083 0.47917935224
2.4233569556 0.478946579763
2.42231861985 0.479285602851
2.42128115262 0.480271690227
2.42024455293 0.480765980961
2.41920881983 0.481225249992
2.41817395233 0.481435033577
2.41713994949 0.480009306877
2.41610681033 0.480356824741
2.41507453388 0.480457626856
2.4140431192 0.481444447039
2.41301256532 0.482079918839
2.41198287128 0.481831521327
2.41095403612 0.481696816531
2.40992605889 0.482036591826
2.40889893864 0.48189913054
2.40787267441 0.48218911404
2.40684726525 0.482007960317
2.40582271021 0.482098503846
2.40479900834 0.483006027718
2.40377615869 0.482947547135
2.40275416032 0.48309528264
2.40173301229 0.482882498198
2.40071271365 0.482388158195
2.39969326345 0.481653164911
2.39867466077 0.48273141055
2.39765690465 0.4831399291
2.39663999416 0.483855923755
2.39562392837 0.482701425301
2.39460870634 0.482457890798
2.39359432713 0.482093965674
2.39258078982 0.483176253866
2.39156809347 0.48357016105
2.39055623716 0.483979791284
2.38954521995 0.482860451697
2.38853504091 0.482287376408
2.38752569913 0.481492099411
2.38651719368 0.48264956864
2.38550952363 0.483985062023
2.38450268806 0.484527640669
2.38349668606 0.482876145533
2.3824915167 0.482063159528
2.38148717907 0.480824570362
2.38048367224 0.482261328594
2.37948099531 0.482204132984
2.37847914737 0.482187536411
2.37747812749 0.481782936192
2.37647793476 0.480852148499
2.37547856829 0.479693777824
2.37448002715 0.480210920712
2.37348231045 0.480000292906
2.37248541727 0.48000966955
2.37148934671 0.478873953521
2.37049409787 0.477842603376
2.36949966985 0.476895051494
2.36850606174 0.47693505065
2.36751327265 0.476527154164
2.36652130168 0.476157048822
2.36553014792 0.475204103898
2.3645398105 0.473934622325
2.3635502885 0.473477422793
2.36256158104 0.473499978129
2.36157368723 0.472161038058
2.36058660617 0.470467548449
2.35960033698 0.469938435754
2.35861487877 0.4684713917
2.35763023065 0.46843772296
2.35664639173 0.467248451974
2.35566336114 0.466739581757
2.35468113799 0.465712253596
2.3536997214 0.464140130354
2.35271911048 0.463639469398
2.35173930437 0.463399466245
2.35076030217 0.463324053227
2.34978210302 0.462423883817
2.34880470603 0.461680014599
2.34782811035 0.461425487778
2.34685231508 0.460029304886
2.34587731936 0.459943515595
2.34490312232 0.459556628447
2.3439297231 0.458542635061
2.34295712081 0.458519863349
2.34198531461 0.458256013932
2.34101430361 0.458276280282
2.34004408696 0.457643375504
2.33907466379 0.457776855148
2.33810603325 0.458184938114
2.33713819446 0.4587947929
2.33617114658 0.458261849378
2.33520488874 0.457910357071
2.33423942009 0.45783342186
2.33327473977 0.4586416985
2.33231084692 0.459835440935
2.3313477407 0.45970598344
2.33038542025 0.459398849348
2.32942388472 0.459448176048
2.32846313327 0.460667904165
2.32750316503 0.461562386864
2.32654397917 0.461459777978
2.32558557484 0.461947441291
2.32462795119 0.462564977729
2.32367110738 0.462654035772
2.32271504257 0.462766310959
2.32175975592 0.463714058421
2.32080524659 0.463455824405
2.31985151373 0.463935358712
2.31889855651 0.464410129087
2.3179463741 0.464359004683
2.31699496566 0.464814772091
2.31604433034 0.465671909407
2.31509446733 0.465854144013
2.31414537579 0.465459240677
2.31319705489 0.465915255429
2.3122495038 0.466020298752
2.31130272169 0.466786662018
2.31035670773 0.467236568204
2.30941146109 0.467252896637
2.30846698097 0.467325811667
2.30752326652 0.467952835611
2.30658031692 0.468591658923
2.30563813136 0.468965801167
2.30469670902 0.46817581213
2.30375604907 0.468152653062
2.3028161507 0.468350138915
2.30187701309 0.468844120149
2.30093863543 0.469946125006
2.30000101689 0.469705655442
2.29906415668 0.469693542612
2.29812805397 0.470855350798
2.29719270795 0.47085423117
2.29625811782 0.471546207752
2.29532428276 0.471533885529
2.29439120197 0.471538969135
2.29345887465 0.472575551905
2.29252729997 0.473008682613
2.29159647715 0.473254522351
2.29066640538 0.472915310696
2.28973708386 0.473668426861
2.28880851178 0.474116056087
2.28788068834 0.474261201642
2.28695361275 0.474583116207
2.28602728421 0.47471196381
2.28510170193 0.475273555273
2.2841768651 0.475546989161
2.28325277293 0.475744682254
2.28232942464 0.475872084261
2.28140681942 0.476858565402
2.28048495649 0.478384498271
2.27956383505 0.478103663017
2.27864345433 0.477855091574
2.27772381352 0.477888618331
2.27680491185 0.478378288861
2.27588674853 0.478957408316
2.27496932277 0.479490388775
2.2740526338 0.479652257205
2.27313668082 0.479694946509
2.27222146306 0.480576111488
2.27130697974 0.481048927157
2.27039323007 0.480425962983
2.26948021329 0.481324933007
2.26856792861 0.482037728235
2.26765637526 0.481467646503
2.26674555246 0.481704667914
2.26583545945 0.48238339046
2.26492609544 0.483020141947
2.26401745967 0.482478857533
2.26310955136 0.482742104999
2.26220236975 0.482100218155
2.26129591407 0.482579881161
2.26039018355 0.483927295647
2.25948517742 0.483934389728
2.25858089493 0.484014135097
2.2576773353 0.483836104126
2.25677449778 0.484212073277
2.25587238159 0.484943064609
2.25497098599 0.484798816399
2.25407031021 0.48451516714
2.25317035348 0.484610053143
2.25227111507 0.485436494009
2.2513725942 0.485668854046
2.25047479012 0.485541824999
2.24957770208 0.485795393579
2.24868132933 0.48633309723
2.2477856711 0.485846720518
2.24689072666 0.485698339872
2.24599649525 0.486976858928
2.24510297611 0.487004111358
2.24421016851 0.485939331338
2.24331807169 0.485997287608
2.24242668491 0.486707686527
2.24153600743 0.487440182443
2.24064603849 0.487238320083
2.23975677736 0.487199146594
2.23886822329 0.487330820027
2.23798037555 0.487426809875
2.23709323338 0.487404575972
2.23620679606 0.487610286721
2.23532106285 0.487403023698
2.234436033 0.487197566739
2.23355170578 0.487671529873
2.23266808046 0.487306860834
2.23178515631 0.486985779463
2.23090293258 0.487127759456
2.23002140855 0.48731608491
2.22914058348 0.487876392385
2.22826045665 0.487854634704
2.22738102733 0.487717883972
2.22650229479 0.487829147224
2.2256242583 0.487711903627
2.22474691713 0.48834034287
2.22387027057 0.48817541092
2.22299431788 0.48802128801
2.22211905834 0.488026413099
2.22124449124 0.488239120322
2.22037061584 0.488568728862
2.21949743144 0.488182615117
2.2186249373 0.488009104529
2.21775313272 0.488608049465
2.21688201697 0.48854816906
2.21601158935 0.488536268854
2.21514184912 0.488124488224
2.21427279559 0.489121067819
2.21340442803 0.489214437291
2.21253674573 0.488733444598
2.21166974799 0.488749308207
2.21080343408 0.488833202342
2.20993780331 0.48893625219
2.20907285497 0.489448094027
2.20820858834 0.488627718111
2.20734500272 0.489139487725
2.2064820974 0.489644074064
2.20561987168 0.489745194339
2.20475832486 0.489032578721
2.20389745623 0.489081562283
2.20303726509 0.490230686704
2.20217775074 0.490616153053
2.20131891248 0.489330805095
2.20046074962 0.488175505027
2.19960326144 0.489042507681
2.19874644727 0.489609335482
2.19789030639 0.489685486518
2.19703483812 0.489524182454
2.19618004176 0.489970052468
2.19532591661 0.489815334952
2.19447246199 0.489798610757
2.19361967721 0.490009703849
2.19276756157 0.490984319801
2.19191611438 0.490106132077
2.19106533495 0.489596677811
2.19021522261 0.489841421813
2.18936577665 0.490944734826
2.1885169964 0.490429328463
2.18766888117 0.49024981145
2.18682143027 0.489659477235
2.18597464303 0.48923395129
2.18512851875 0.489553521954
2.18428305677 0.489350063828
2.18343825639 0.489979642802
2.18259411695 0.489596771452
2.18175063775 0.489324649609
2.18090781813 0.489581632894
2.18006565741 0.490299418833
2.1792241549 0.489699586075
2.17838330995 0.488411869552
2.17754312186 0.489395076478
2.17670358998 0.489770175824
2.17586471362 0.49018361833
2.17502649212 0.489298943254
2.1741889248 0.489269101002
2.173352011 0.488840865466
2.17251575005 0.488899295489
2.17168014127 0.489036817272
2.17084518401 0.489479945299
2.1700108776 0.489465078498
2.16917722137 0.488864312644
2.16834421466 0.488653433767
2.1675118568 0.48871475647
2.16668014714 0.488078538737
2.16584908501 0.488314487635
2.16501866975 0.487933457787
2.1641889007 0.487966537235
2.16335977721 0.487676690918
2.1625312986 0.487567396581
2.16170346424 0.487662532652
2.16087627346 0.487341197766
2.16004972561 0.487455304296
2.15922382002 0.487667065738
2.15839855606 0.487628120853
2.15757393306 0.486961879816
2.15674995038 0.48657407154
2.15592660736 0.486344104433
2.15510390335 0.485938119475
2.15428183771 0.487253127709
2.15346040979 0.485817919469
2.15263961893 0.486077773882
2.15181946449 0.485902109832
2.15099994584 0.485853196941
2.15018106231 0.485866974778
2.14936281327 0.486422157654
2.14854519808 0.485880278985
2.14772821609 0.485845649518
2.14691186666 0.486792791764
2.14609614915 0.486792300689
2.14528106292 0.486646794152
2.14446660733 0.487395849986
2.14365278175 0.486736872715
2.14283958553 0.485623262052
2.14202701805 0.486686927003
2.14121507866 0.486030358448
2.14040376673 0.486209601466
2.13959308162 0.485315463709
2.13878302271 0.484144613241
2.13797358937 0.483125643165
2.13716478095 0.484253201112
2.13635659683 0.484127029318
2.13554903639 0.48473962976
2.13474209898 0.485868656612
2.13393578399 0.485902408352
2.13313009078 0.485874854319
2.13232501874 0.486046126959
2.13152056723 0.485284583768
2.13071673563 0.48483560615
2.12991352332 0.486308971052
2.12911092967 0.485298659762
2.12830895407 0.486258060863
2.12750759588 0.488852115797
2.12670685449 0.491997443646
2.12590672929 0.493996592103
2.12510721964 0.492637816486
2.12430832494 0.489066723583
2.12351004456 0.49059097968
2.1227123779 0.493676817452
2.12191532432 0.496886145647
2.12111888323 0.497038060713
2.120323054 0.49611528096
2.11952783603 0.491858632446
2.11873322869 0.494868713627
2.11793923138 0.497594970007
2.11714584349 0.500922768099
2.11635306441 0.49981499902
2.11556089353 0.494808123072
2.11476933023 0.492111860004
2.11397837392 0.48766565343
2.11318802398 0.489056589234
2.11239827982 0.49045556418
2.11160914082 0.491881658601
2.11082060638 0.494137094685
2.11003267589 0.496090160327
2.10924534876 0.494763243096
2.10845862438 0.493950164704
2.10767250216 0.49020150078
2.10688698148 0.492247987772
2.10610206175 0.493358926987
2.10531774238 0.495104264453
2.10453402276 0.496980434592
2.1037509023 0.500401531706
2.10296838039 0.50204591494
2.10218645646 0.50175732744
2.10140512989 0.500820453654
2.1006244001 0.498897358333
2.09984426648 0.497725400443
2.09906472846 0.497117730588
2.09828578544 0.49704593684
2.09750743682 0.49666909667
2.09672968202 0.495325787652
2.09595252045 0.493286145381
2.09517595151 0.492537092937
2.09439997463 0.492983680067
2.09362458921 0.49262449969
2.09284979466 0.492736421146
2.09207559041 0.494507657703
2.09130197586 0.49688617581
2.09052895043 0.497095037101
2.08975651355 0.498076790844
2.08898466462 0.498989923151
2.08821340306 0.498346389411
2.08744272829 0.496903614979
2.08667263974 0.496995885759
2.08590313682 0.496131482795
2.08513421896 0.495787436247
2.08436588557 0.495765194437
2.08359813608 0.494844205995
2.08283096992 0.494432226621
2.0820643865 0.494652892209
2.08129838525 0.494393652265
2.0805329656 0.494158509043
2.07976812697 0.493517474169
2.07900386879 0.493795096934
2.07824019049 0.493662742333
2.0774770915 0.493365193007
2.07671457124 0.491380619752
2.07595262916 0.489627149069
2.07519126466 0.489580533592
2.0744304772 0.493684402693
2.0736702662 0.495390622215
2.0729106311 0.495056948937
2.07215157132 0.493745031695
2.0713930863 0.493476911993
2.07063517549 0.489863901768
2.06987783831 0.490552158681
2.06912107419 0.491337009592
2.06836488259 0.492713999979
2.06760926294 0.493063742554
2.06685421466 0.493380873988
2.06609973722 0.492799932567
2.06534583004 0.493783809114
2.06459249256 0.495007614937
2.06383972424 0.494418735592
2.0630875245 0.493714654089
2.0623358928 0.493142976425
2.06158482858 0.492608746145
2.06083433128 0.492654360099
2.06008440035 0.494007952715
2.05933503523 0.493837849805
2.05858623537 0.493901333577
2.05783800023 0.493082699041
2.05709032924 0.491552444743
2.05634322185 0.491742779138
2.05559667752 0.491848697214
2.0548506957 0.492671098456
2.05410527583 0.493319713892
2.05336041737 0.491833433983
2.05261611977 0.490562018049
2.05187238249 0.491366941368
2.05112920498 0.492174541756
2.05038658668 0.492069793535
2.04964452707 0.492610508368
2.04890302559 0.491504272297
2.0481620817 0.49058488593
2.04742169486 0.491131853204
2.04668186453 0.489773437595
2.04594259016 0.489388052701
2.04520387121 0.490091328932
2.04446570715 0.491693654711
2.04372809744 0.491449488551
2.04299104153 0.490471334104
2.0422545389 0.491110220713
2.04151858899 0.491462942741
2.04078319128 0.491206619457
2.04004834523 0.490735205773
2.03931405031 0.490097865521
2.03858030597 0.489792361614
2.0378471117 0.489337407695
2.03711446695 0.489181779748
2.03638237119 0.488864515453
2.03565082389 0.489375368877
2.03491982452 0.488849289312
2.03418937255 0.488986531745
2.03345946745 0.487983166085
2.03273010869 0.488606766415
2.03200129574 0.488363322934
2.03127302808 0.489081482405
2.03054530518 0.48853835938
2.0298181265 0.489362832309
2.02909149154 0.488584453876
2.02836539975 0.488887715255
2.02763985063 0.48900041017
2.02691484363 0.489182000036
2.02619037825 0.4890630259
2.02546645396 0.489168875361
2.02474307023 0.487985449909
2.02402022655 0.48741395346
2.0232979224 0.487723041362
2.02257615725 0.487638287808
2.02185493059 0.488593069929
2.0211342419 0.488239541312
2.02041409066 0.488352328172
2.01969447636 0.48705168077
2.01897539848 0.487100498515
2.0182568565 0.487651836738
2.01753884991 0.488029847316
2.01682137819 0.488368542105
2.01610444083 0.487577005171
2.01538803732 0.486215664464
2.01467216714 0.485887730781
2.01395682979 0.486753509619
2.01324202475 0.487351222429
2.01252775151 0.487902674208
2.01181400957 0.487158895615
2.0111007984 0.487844504152
2.01038811752 0.487099617926
2.00967596639 0.488151736005
2.00896434453 0.487553918005
2.00825325142 0.486794033299
2.00754268656 0.487009045681
2.00683264944 0.487352327151
2.00612313956 0.486521542285
2.00541415641 0.486913951328
2.00470569949 0.486344174668
2.0039977683 0.487279537977
2.00329036233 0.486948644904
2.00258348109 0.486937015104
2.00187712407 0.486413504851
2.00117129078 0.486952580313
2.0004659807 0.4867497979
1.99976119336 0.486931585865
1.99905692823 0.487085846734
1.99835318484 0.486944874523
1.99764996268 0.486971667959
1.99694726125 0.487483606319
1.99624508006 0.487662982361
1.99554341862 0.486282118408
1.99484227642 0.486007546611
1.99414165298 0.486360743113
1.99344154781 0.487331970132
1.9927419604 0.48867223213
1.99204289027 0.487238686784
1.99134433693 0.486796274275
1.99064629988 0.485844244412
1.98994877864 0.486752157571
1.98925177271 0.487325137372
1.98855528161 0.485853972681
1.98785930485 0.484203339439
1.98716384194 0.486017637323
1.98646889239 0.486331939114
1.98577445572 0.48700056404
1.98508053144 0.486487116978
1.98438711907 0.485078367931
1.98369421812 0.485899716861
1.9830018281 0.486609705232
1.98230994854 0.48747735417
1.98161857895 0.487713419911
1.98092771885 0.486642492514
1.98023736775 0.486318180402
1.97954752518 0.488764978427
1.97885819066 0.488883344109
1.9781693637 0.487870144444
1.97748104382 0.48674389733
1.97679323056 0.48740312424
1.97610592342 0.488095195758
1.97541912194 0.489433617624
1.97473282563 0.488453049261
1.97404703401 0.487314681168
1.97336174663 0.488409234028
1.97267696299 0.488050723945
1.97199268262 0.487836635164
1.97130890505 0.488003131676
1.97062562981 0.487917560376
1.96994285642 0.488380445605
1.96926058442 0.488929089883
1.96857881332 0.488251565
1.96789754266 0.487067812751
1.96721677198 0.487980792783
1.96653650079 0.48693101278
1.96585672863 0.485875183276
1.96517745503 0.486491743102
1.96449867952 0.486572759021
1.96382040164 0.4871136329
1.96314262092 0.488201024006
1.96246533689 0.488663619399
1.96178854908 0.488017387349
1.96111225704 0.487080366433
1.96043646029 0.487713997204
1.95976115838 0.487428474083
1.95908635084 0.487076066216
1.9584120372 0.487282865032
1.95773821701 0.487807543899
1.9570648898 0.484376903573
1.95639205511 0.486573024411
1.95571971248 0.488501599167
1.95504786146 0.489044118347
1.95437650158 0.487508592911
1.95370563237 0.486874390708
1.9530352534 0.4880389601
1.95236536419 0.489196306468
1.95169596429 0.489319933398
1.95102705324 0.487245850352
1.95035863059 0.486138173864
1.94969069588 0.486986486594
1.94902324866 0.488597286859
1.94835628847 0.487218494421
1.94768981486 0.486725415771
1.94702382738 0.487760115818
1.94635832557 0.487850196569
1.94569330898 0.487982998349
1.94502877716 0.488401189978
1.94436472966 0.48830863842
1.94370116602 0.487594159797
1.94303808581 0.486843123711
1.94237548856 0.487557008412
1.94171337384 0.489217434754
1.94105174118 0.48789107851
1.94039059015 0.488258565878
1.9397299203 0.487915924894
1.93906973118 0.488165851622
1.93841002234 0.489325646598
1.93775079334 0.487986853979
1.93709204374 0.486425266539
1.93643377309 0.486803894192
1.93577598094 0.48991723436
1.93511866686 0.489472998229
1.9344618304 0.488666577844
1.93380547111 0.487456495906
1.93314958856 0.488333838901
1.93249418231 0.489687345466
1.93183925192 0.488833755995
1.93118479693 0.489188456545
1.93053081693 0.488901211962
1.92987731146 0.488986231118
1.92922428009 0.487876546296
1.92857172238 0.488020292794
1.92791963789 0.488132450244
1.92726802619 0.487741536222
1.92661688684 0.486822053207
1.92596621941 0.484478365025
1.92531602345 0.483936068059
1.92466629854 0.48430676276
1.92401704424 0.485165777309
1.92336826012 0.486141181658
1.92271994574 0.486818500502
1.92207210068 0.487312868582
1.92142472449 0.488678403484
1.92077781675 0.487759189161
1.92013137703 0.488436529172
1.9194854049 0.489823982884
1.91883989992 0.490043080463
1.91819486167 0.487397593276
1.91755028972 0.488124026014
1.91690618364 0.490547469684
1.91626254301 0.491323874886
1.91561936739 0.488412842689
1.91497665635 0.486759284868
1.91433440949 0.486837587487
1.91369262635 0.487277459751
1.91305130654 0.486117854385
1.9124104496 0.485739242972
1.91177005514 0.485590785414
1.91113012271 0.485932878164
1.91049065189 0.486626932916
1.90985164228 0.487407861925
1.90921309343 0.487789026793
1.90857500493 0.48744908882
1.90793737637 0.48771581249
1.90730020731 0.489071270434
1.90666349734 0.490759660373
1.90602724604 0.490775135672
1.90539145299 0.48933607782
1.90475611777 0.488937812623
1.90412123997 0.490949767925
1.90348681916 0.491451643656
1.90285285493 0.490658578601
1.90221934687 0.489930107354
1.90158629455 0.489044561666
1.90095369756 0.489609817062
1.90032155549 0.491592321544
1.89968986792 0.490994884228
1.89905863444 0.489585631069
1.89842785464 0.490688345566
1.89779752809 0.492443184404
1.8971676544 0.490897374517
1.89653823315 0.490034400283
1.89590926392 0.491065400384
1.8952807463 0.492014960137
1.89465267989 0.490637821779
1.89402506428 0.491051005908
1.89339789905 0.492292293471
1.89277118379 0.492982684902
1.89214491811 0.491046481695
1.89151910158 0.489809713273
1.89089373381 0.491190217402
1.89026881438 0.492207523415
1.88964434289 0.491285948643
1.88902031894 0.49147525286
1.88839674211 0.492446857
1.887773612 0.492863186519
1.88715092821 0.492354900538
1.88652869034 0.491477103655
1.88590689798 0.49232899877
1.88528555072 0.491933446522
1.88466464817 0.490948517702
1.88404418992 0.490525424113
1.88342417558 0.49134920658
1.88280460473 0.492521868433
1.88218547698 0.492087440442
1.88156679193 0.490606773122
1.88094854918 0.490014827826
1.88033074833 0.489980002262
1.87971338899 0.491091811673
1.87909647074 0.492049950489
1.8784799932 0.491778496117
1.87786395597 0.491521101276
1.87724835865 0.492192568391
1.87663320085 0.49359776001
1.87601848217 0.49409577499
1.87540420221 0.493671961829
1.87479036057 0.491896566273
1.87417695688 0.492631004017
1.87356399072 0.493980760491
1.87295146171 0.495595505602
1.87233936946 0.495220149472
1.87172771356 0.493676362495
1.87111649364 0.494767345866
1.8705057093 0.495318269685
1.86989536014 0.496586962608
1.86928544577 0.496150350397
1.86867596582 0.494170269945
1.86806691988 0.493249576249
1.86745830756 0.493292364228
1.86685012849 0.495884468111
1.86624238226 0.497630895174
1.8656350685 0.497351222389
1.86502818681 0.495668944385
1.86442173681 0.496883202988
1.86381571811 0.498153090716
1.86321013033 0.499281426268
1.86260497308 0.497455954984
1.86200024597 0.495932959452
1.86139594862 0.495927995978
1.86079208064 0.498279313596
1.86018864166 0.498712515826
1.85958563129 0.498255404635
1.85898304914 0.496479521805
1.85838089484 0.497535021342
1.857779168 0.496159304159
1.85717786824 0.495221983392
1.85657699518 0.497143715827
1.85597654843 0.499419884127
1.85537652763 0.497249268281
1.85477693239 0.495506380584
1.85417776232 0.497366849586
1.85357901706 0.4980539166
1.85298069622 0.497085759451
1.85238279943 0.498318587822
1.8517853263 0.497264620719
1.85118827647 0.498775471291
1.85059164955 0.49710428933
1.84999544517 0.498130084903
1.84939966295 0.498686281115
1.84880430252 0.497696632624
1.8482093635 0.496682708819
1.84761484552 0.49764786373
1.84702074821 0.499132458895
1.84642707119 0.499463549527
1.84583381409 0.496675176719
1.84524097653 0.495356587696
1.84464855815 0.497496493757
1.84405655857 0.497836377635
1.84346497743 0.498510040638
1.84287381434 0.498215354156
1.84228306895 0.497643238879
1.84169274088 0.495736908807
1.84110282976 0.49529262342
1.84051333522 0.498266150978
1.8399242569 0.49747880608
1.83933559442 0.496240990512
1.83874734742 0.49467379705
1.83815951553 0.496089299015
1.83757209839 0.49553410665
1.83698509563 0.495192370404
1.83639850687 0.498315383682
1.83581233177 0.496562626738
1.83522656995 0.494603524148
1.83464122104 0.494728744939
1.83405628469 0.49760420293
1.83347176053 0.495736865772
1.83288764819 0.496938052789
1.83230394732 0.496443219879
1.83172065754 0.493841013251
1.83113777851 0.49546786819
1.83055530985 0.497301861146
1.82997325121 0.497301727391
1.82939160223 0.495379054808
1.82881036254 0.495513481148
1.82822953179 0.494119446924
1.82764910961 0.493002929597
1.82706909564 0.494910623562
1.82648948954 0.494892878911
1.82591029093 0.49425129429
1.82533149947 0.494098083645
1.82475311479 0.495223456213
1.82417513654 0.493317569104
1.82359756436 0.494740655309
1.8230203979 0.495631409679
1.8224436368 0.492629081404
1.8218672807 0.493449689583
1.82129132924 0.495069998303
1.82071578209 0.492842653798
1.82014063887 0.494641797299
1.81956589925 0.49583794292
1.81899156285 0.492981839059
1.81841762934 0.49100851558
1.81784409836 0.491626587017
1.81727096955 0.492162299113
1.81669824257 0.4936058516
1.81612591706 0.494396733411
1.81555399268 0.493842851331
1.81498246907 0.492101774703
1.81441134589 0.494447839143
1.81384062277 0.494734184826
1.81327029939 0.494450007956
1.81270037538 0.496064313722
1.8121308504 0.496663929483
1.8115617241 0.493160064002
1.81099299613 0.491891878888
1.81042466614 0.491851838129
1.8098567338 0.493267579426
1.80928919875 0.493759005672
1.80872206065 0.494343426413
1.80815531915 0.491752669199
1.8075889739 0.491306951564
1.80702302457 0.495542444708
1.80645747081 0.493677577916
1.80589231227 0.493789227965
1.80532754861 0.493831102525
1.80476317949 0.493379322162
1.80419920456 0.492250167307
1.80363562349 0.493590793917
1.80307243593 0.494719205701
1.80250964154 0.495280610846
1.80194723998 0.494472673059
1.8013852309 0.496559572154
1.80082361398 0.493240873983
1.80026238886 0.493464166491
1.79970155521 0.494795816258
1.7991411127 0.492313894836
1.79858106097 0.493059998017
1.7980213997 0.495462523584
1.79746212854 0.493674000941
1.79690324716 0.493904654796
1.79634475522 0.495840807303
1.79578665238 0.495462127439
1.79522893832 0.493537282971
1.79467161268 0.495497004651
1.79411467514 0.495291726957
1.79355812536 0.49510235073
1.79300196301 0.494246989381
1.79244618776 0.495705715418
1.79189079926 0.495699448966
1.79133579718 0.494535556402
1.7907811812 0.495079377991
1.79022695098 0.49626233729
1.78967310618 0.495553346599
1.78911964648 0.497073666133
1.78856657154 0.495998182358
1.78801388104 0.494423661119
1.78746157463 0.49626003716
1.786909652 0.498930302076
1.7863581128 0.495922476678
1.78580695672 0.497879896151
1.78525618342 0.498492405632
1.78470579257 0.495277847355
1.78415578384 0.495628001624
1.78360615692 0.497011781909
1.78305691146 0.49672059421
1.78250804714 0.496153903342
1.78195956363 0.498594937384
1.78141146061 0.497068385793
1.78086373776 0.496022427317
1.78031639473 0.495801634218
1.77976943122 0.495406816278
1.77922284689 0.496870285777
1.77867664142 0.496770261568
1.77813081449 0.495987385619
1.77758536576 0.495655488649
1.77704029493 0.496054665711
1.77649560166 0.496174754094
1.77595128563 0.493177937062
1.77540734652 0.495234848147
1.774863784 0.497368737059
1.77432059776 0.496093345761
1.77377778748 0.494135966865
1.77323535283 0.495549145409
1.77269329348 0.493324655865
1.77215160913 0.49305186324
1.77161029946 0.49383973527
1.77106936413 0.495472568847
1.77052880284 0.492219765915
1.76998861526 0.494316810984
1.76944880107 0.494543751425
1.76890935997 0.494186429688
1.76837029162 0.493392810483
1.76783159572 0.495236806177
1.76729327194 0.495438915363
1.76675531997 0.495255084348
1.76621773949 0.494467137932
1.76568053019 0.493111264761
1.76514369175 0.496266751052
1.76460722385 0.49583039464
1.76407112619 0.4959229934
1.76353539844 0.496644836878
1.7630000403 0.495975748992
1.76246505144 0.495044784964
1.76193043156 0.493609726315
1.76139618034 0.490462896091
1.76086229748 0.491891138285
1.76032878265 0.492621549705
1.75979563554 0.49205713737
1.75926285585 0.495010949891
1.75873044326 0.496345493469
1.75819839746 0.493816079888
1.75766671815 0.493339780548
1.757135405 0.492629573214
1.75660445772 0.492389401767
1.75607387599 0.492309455498
1.7555436595 0.49212202499
1.75501380794 0.493786490418
1.75448432101 0.493206309817
1.7539551984 0.49261946301
1.7534264398 0.494604000768
1.7528980449 0.493261533545
1.7523700134 0.4938349546
1.75184234498 0.496091000751
1.75131503935 0.49270395658
1.75078809619 0.491478886634
1.75026151521 0.492477172007
1.74973529609 0.493188692572
1.74920943853 0.492669583936
1.74868394223 0.493654440645
1.74815880688 0.494881844193
1.74763403218 0.494034185857
1.74710961783 0.493582688282
1.74658556351 0.497096446262
1.74606186894 0.495092252774
1.7455385338 0.49363905199
1.7450155578 0.494010900848
1.74449294063 0.491791686119
1.74397068199 0.493362341955
1.74344878158 0.493371102879
1.7429272391 0.491516836502
1.74240605424 0.491599249449
1.74188522672 0.494686391925
1.74136475623 0.496227245731
1.74084464247 0.495070056019
1.74032488513 0.49532565014
1.73980548393 0.496457169328
1.73928643856 0.496302293098
1.73876774873 0.496418093633
1.73824941414 0.495408620014
1.73773143449 0.497380073802
1.73721380948 0.49523293528
1.73669653881 0.497337286375
1.7361796222 0.496118010822
1.73566305935 0.494638920201
1.73514684995 0.493988731512
1.73463099371 0.494535477095
1.73411549035 0.496461148967
1.73360033956 0.498401401796
1.73308554104 0.498284013008
1.73257109452 0.494855426863
1.73205699968 0.494907807422
1.73154325625 0.495602495511
1.73102986392 0.496139335333
1.7305168224 0.493405889788
1.73000413141 0.493542206547
1.72949179064 0.495741245812
1.72897979981 0.495523983762
1.72846815862 0.495165747001
1.7279568668 0.496700440961
1.72744592403 0.496201121152
1.72693533004 0.494394974707
1.72642508453 0.496958599756
1.72591518721 0.497554218225
1.72540563781 0.497571851897
1.72489643601 0.498073857654
1.72438758154 0.49881531411
1.72387907412 0.496826523575
1.72337091344 0.497488408635
1.72286309922 0.496272254083
1.72235563118 0.495463956987
1.72184850903 0.497688270871
1.72134173248 0.498045163
1.72083530124 0.498194866695
1.72032921503 0.495620637182
1.71982347357 0.49617843536
1.71931807656 0.494486442905
1.71881302373 0.499295946015
1.71830831478 0.499762194667
1.71780394944 0.498430841792
1.71729992741 0.495457416789
1.71679624842 0.496963707857
1.71629291219 0.497495514155
1.71578991842 0.498056656075
1.71528726683 0.498137538282
1.71478495715 0.498678564808
1.71428298909 0.499943203736
1.71378136236 0.501086749756
1.7132800767 0.502090786855
1.71277913181 0.499836465742
1.71227852741 0.496478405848
1.71177826323 0.496546872555
1.71127833898 0.496112777305
1.71077875438 0.49941699967
1.71027950916 0.496614732552
1.70978060303 0.500764444134
1.70928203572 0.497394409836
1.70878380694 0.496258789468
1.70828591642 0.495767707194
1.70778836388 0.496584522835
1.70729114904 0.496990258576
1.70679427163 0.497524879934
1.70629773136 0.499805933465
1.70580152797 0.498719430682
1.70530566116 0.494479541394
1.70481013067 0.496084823884
1.70431493623 0.494414852444
1.70382007755 0.496339619842
1.70332555436 0.498589074934
1.70283136638 0.498926116238
1.70233751334 0.500209920847
1.70184399497 0.496900070723
1.70135081099 0.493898253335
1.70085796113 0.499255346915
1.70036544511 0.496117036002
1.69987326266 0.495029812057
1.69938141351 0.496687416534
1.69888989739 0.496580351467
1.69839871401 0.495579338478
1.69790786312 0.495520199812
1.69741734444 0.496483107163
1.69692715769 0.497856420716
1.69643730261 0.495836796869
1.69594777893 0.49645717694
1.69545858637 0.497159062634
1.69496972467 0.496050113607
1.69448119355 0.49452960578
1.69399299275 0.497033143245
1.69350512199 0.496561193953
1.69301758101 0.493915078846
1.69253036954 0.496391184857
1.69204348731 0.497208599339
1.69155693405 0.496770347231
1.69107070949 0.495312250061
1.69058481338 0.499660057366
1.69009924543 0.500141332111
1.68961400538 0.497459077103
1.68912909297 0.495697313397
1.68864450792 0.494806512201
1.68816024998 0.495277712851
1.68767631888 0.494262983166
1.68719271435 0.497589125938
1.68670943613 0.495729131848
1.68622648395 0.492245014287
1.68574385755 0.494298391425
1.68526155666 0.495545878644
1.68477958102 0.496039837577
1.68429793037 0.495894045557
1.68381660444 0.495488232301
1.68333560296 0.493541891371
1.68285492569 0.492918368635
1.68237457235 0.494747386575
1.68189454268 0.495648704983
1.68141483642 0.49306656823
1.6809354533 0.499006997359
1.68045639308 0.496474923933
1.67997765548 0.494458372681
1.67949924025 0.495025933144
1.67902114712 0.493847434197
1.67854337583 0.493340067971
1.67806592613 0.494524691291
1.67758879775 0.492429847447
1.67711199044 0.492470244075
1.67663550394 0.495418528535
1.67615933798 0.493053524807
1.67568349231 0.492660717024
1.67520796668 0.493495118983
1.67473276082 0.493800174549
1.67425787447 0.498560196754
1.67378330738 0.495533310405
1.67330905929 0.491664312954
1.67283512995 0.493529544772
1.67236151909 0.492619156771
1.67188822647 0.496213431993
1.67141525182 0.493244698982
1.67094259489 0.492050524934
1.67047025543 0.492921777552
1.66999823318 0.491967560947
1.66952652788 0.493156041324
1.66905513928 0.491313788186
1.66858406713 0.49001299701
1.66811331117 0.491539479055
1.66764287115 0.493938781145
1.66717274682 0.492312678239
1.66670293792 0.49197065901
1.6662334442 0.493633202137
1.6657642654 0.493533673331
1.66529540128 0.490676978219
1.66482685158 0.492577315368
1.66435861605 0.493831869803
1.66389069445 0.492835169017
1.66342308651 0.488831580514
1.66295579199 0.489250949896
1.66248881063 0.490515755485
1.66202214219 0.490557509309
1.66155578642 0.489939045998
1.66108974307 0.490053651031
1.66062401188 0.494791598908
1.66015859261 0.492685462727
1.65969348501 0.4948199639
1.65922868883 0.488093123726
1.65876420382 0.488017466826
1.65830002973 0.487098272697
1.65783616633 0.488958157955
1.65737261335 0.489877910456
1.65690937055 0.491065057967
1.65644643768 0.489158513626
1.65598381451 0.489998444054
1.65552150077 0.487986949596
1.65505949623 0.487720901495
1.65459780063 0.492779278101
1.65413641374 0.489033118452
1.65367533531 0.489856385736
1.65321456509 0.487414986579
1.65275410283 0.487950448225
1.6522939483 0.488893287974
1.65183410125 0.489655695611
1.65137456143 0.487447003943
1.6509153286 0.487604400258
1.65045640252 0.489222255699
1.64999778294 0.489539944233
1.64953946963 0.49015831298
1.64908146233 0.485983316281
1.64862376081 0.49029809566
1.64816636482 0.489611158479
1.64770927412 0.491332210988
1.64725248847 0.488394021228
1.64679600763 0.491808631211
1.64633983135 0.488208854595
1.64588395941 0.489159840832
1.64542839154 0.485973904501
1.64497312753 0.491036715721
1.64451816711 0.490421583564
1.64406351006 0.495195735692
1.64360915614 0.491928619555
1.64315510511 0.489347144245
1.64270135672 0.492230955113
1.64224791074 0.492987579886
1.64179476693 0.492275712402
1.64134192505 0.488752353282
1.64088938486 0.492357330349
1.64043714613 0.49311224132
1.63998520862 0.494032362986
1.63953357209 0.4893677709
1.6390822363 0.493596054687
1.63863120102 0.494231424858
1.63818046601 0.49543319729
1.63773003104 0.493440424657
1.63727989586 0.491736193692
1.63683006025 0.491872464123
1.63638052396 0.491151758374
1.63593128677 0.49417271376
1.63548234843 0.493786753736
1.63503370871 0.494504638065
1.63458536739 0.491481232119
1.63413732422 0.493767833895
1.63368957896 0.491230512653
1.6332421314 0.493552162575
1.63279498129 0.491764438143
1.63234812839 0.494582964756
1.63190157249 0.494564258988
1.63145531334 0.493212685118
1.63100935071 0.494355474212
1.63056368437 0.493243423593
1.63011831408 0.494904235514
1.62967323963 0.492209315705
1.62922846077 0.495297028055
1.62878397727 0.493872764178
1.62833978891 0.493150527525
1.62789589544 0.491893199058
1.62745229665 0.492762150408
1.6270089923 0.493156426836
1.62656598217 0.49420027738
1.62612326601 0.493772389782
1.62568084361 0.492668623088
1.62523871473 0.491893451603
1.62479687915 0.491107664485
1.62435533663 0.493370356618
1.62391408695 0.489943230687
1.62347312988 0.492062332499
1.62303246519 0.491150219462
1.62259209265 0.491983177072
1.62215201205 0.491215119689
1.62171222314 0.49032242442
