3.69212786891 0.0594034915742
3.68985082363 0.0606923446416
3.6875763105 0.0594982610612
3.68530432561 0.057803623387
3.68303486509 0.0557863454158
3.68076792506 0.0571445921323
3.67850350164 0.0590476053602
3.67624159096 0.0596996955218
3.67398218917 0.0587300693217
3.67172529243 0.0580336827646
3.66947089688 0.0570310609451
3.6672189987 0.0559588525658
3.66496959405 0.0586083934518
3.66272267913 0.0589910165216
3.66047825012 0.0569703691782
3.65823630321 0.0562966702971
3.65599683461 0.0560890082176
3.65375984053 0.0583114863297
3.6515253172 0.0596917266792
3.64929326083 0.0608416595338
3.64706366766 0.0585775119085
3.64483653393 0.0573205800465
3.6426118559 0.0558836958894
3.64038962982 0.0565520722007
3.63816985194 0.0576214755194
3.63595251856 0.0572107318551
3.63373762593 0.0567380574894
3.63152517035 0.0568564409406
3.62931514812 0.0552595524664
3.62710755552 0.0571098105758
3.62490238888 0.0579897433983
3.6226996445 0.0574026492309
3.62049931872 0.0578605109421
3.61830140784 0.0566674612795
3.61610590823 0.0559911968514
3.61391281621 0.0571673239416
3.61172212815 0.0588541666013
3.60953384039 0.0606624356356
3.60734794931 0.061457341483
3.60516445128 0.0604303612868
3.60298334268 0.0592098753933
3.60080461989 0.0571982532286
3.59862827931 0.0577492465583
3.59645431734 0.0593105713546
3.59428273039 0.0592677706833
3.59211351488 0.0592107582799
3.58994666722 0.0580647730309
3.58778218386 0.0572123144779
3.58562006121 0.0564644156189
3.58346029573 0.0552486958808
3.58130288387 0.0565214793808
3.57914782209 0.0573579197502
3.57699510684 0.0592227965276
3.57484473461 0.0566109443134
3.57269670186 0.0570017503739
3.57055100508 0.0560243870477
3.56840764078 0.0546169995685
3.56626660543 0.057642111835
3.56412789556 0.0581170539537
3.56199150766 0.0587425802679
3.55985743827 0.0588800882209
3.5577256839 0.0578306350296
3.5555962411 0.0567609579922
3.55346910639 0.0562835337451
3.55134427633 0.0577407032171
3.54922174746 0.0560772711249
3.54710151635 0.0564678942623
3.54498357957 0.0588539342337
3.54286793368 0.0582731674829
3.54075457527 0.0576558339728
3.53864350092 0.0560434431204
3.53653470723 0.0569470673631
3.53442819079 0.0578303930592
3.53232394821 0.0619866490992
3.5302219761 0.0605152648642
3.52812227108 0.0597207824804
3.52602482978 0.0598293790592
3.52392964884 0.0592007735729
3.52183672487 0.0603543210685
3.51974605455 0.059762161754
3.51765763451 0.0611698861077
3.51557146141 0.0630858746662
3.51348753192 0.0616408915991
3.5114058427 0.0610708032015
3.50932639045 0.0619992635018
3.50724917183 0.061533834894
3.50517418354 0.0614176761533
3.50310142228 0.0639463916312
3.50103088475 0.0656770518767
3.49896256766 0.0637761059254
3.49689646772 0.062325225846
3.49483258165 0.0619051502237
3.4927709062 0.0627706669914
3.49071143808 0.0644689550104
3.48865417403 0.0657568470988
3.48659911082 0.0632368256823
3.48454624518 0.0633159356904
3.48249557389 0.0632828962942
3.48044709369 0.0646943290959
3.47840080138 0.0679951944855
3.47635669371 0.0676913968563
3.47431476749 0.0678243565437
3.47227501949 0.0652630638625
3.47023744652 0.0654271035356
3.46820204538 0.0675470618773
3.46616881287 0.0681764084459
3.46413774581 0.0686767994481
3.46210884103 0.0675482069273
3.46008209534 0.0679760064952
3.45805750558 0.0687061546128
3.4560350686 0.0687352188518
3.45401478123 0.0703164117674
3.45199664032 0.0688501135452
3.44998064274 0.0670787751028
3.44796678535 0.0683087722378
3.44595506501 0.0694300101018
3.4439454786 0.07042130764
3.441938023 0.0681860632381
3.4399326951 0.0668272825867
3.43792949179 0.0685924561255
3.43592840996 0.070749111901
3.43392944653 0.0730386482559
3.4319325984 0.0714491265023
3.4299378625 0.0699113303242
3.42794523573 0.0698833564564
3.42595471503 0.0728527701211
3.42396629733 0.0746879660984
3.42197997958 0.0740180252485
3.41999575871 0.0724373603303
3.41801363168 0.0741245024319
3.41603359544 0.0758044665331
3.41405564696 0.0767345788482
3.41207978321 0.0745836093233
3.41010600116 0.0732940233416
3.40813429778 0.0747313247966
3.40616467007 0.0767171018202
3.40419711501 0.0783363764782
3.4022316296 0.0783463002567
3.40026821085 0.076983995659
3.39830685576 0.0790481518424
3.39634756134 0.0810395675002
3.39439032462 0.0798993949317
3.39243514261 0.0791553208742
3.39048201236 0.0794527389514
3.38853093089 0.082799966807
3.38658189524 0.0840263477538
3.38463490247 0.0837236528945
3.38268994963 0.0822915780514
3.38074703377 0.0847999481728
3.37880615196 0.0864113460404
3.37686730126 0.0863028285046
3.37493047876 0.0830695922326
3.37299568152 0.0865012616474
3.37106290665 0.0885674593704
3.36913215122 0.0902350659242
3.36720341233 0.0882577734326
3.36527668709 0.0889767623095
3.36335197261 0.0915997812418
3.36142926599 0.091939855558
3.35950856435 0.0901829176794
3.35758986482 0.0892933140746
3.35567316452 0.0917658705123
3.35375846059 0.0944258859904
3.35184575018 0.095406781286
3.34993503041 0.093950591093
3.34802629845 0.0927654998773
3.34611955145 0.0957597047813
3.34421478657 0.0961091598283
3.34231200097 0.0974158499226
3.34041119183 0.0964808673412
3.33851235633 0.0957519936603
3.33661549163 0.0992024449536
3.33472059494 0.0976828614002
3.33282766344 0.0980919601902
3.33093669433 0.0985856172281
3.32904768482 0.0998081389299
3.3271606321 0.100204894663
3.3252755334 0.100789561958
3.32339238593 0.100129087098
3.32151118692 0.100084955068
3.31963193358 0.100682420183
3.31775462317 0.102142312523
3.3158792529 0.0998309790258
3.31400582004 0.10127590298
3.31213432182 0.103183961896
3.3102647555 0.102097927484
3.30839711834 0.100272364145
3.30653140761 0.100752151427
3.30466762056 0.103364966422
3.30280575448 0.10583610848
3.30094580665 0.101854790907
3.29908777434 0.0998565733474
3.29723165485 0.100236278271
3.29537744547 0.103064210047
3.2935251435 0.102306920984
3.29167474625 0.100365086063
3.28982625101 0.103587592374
3.28797965512 0.104937777081
3.28613495588 0.105369952766
3.28429215061 0.101540471891
3.28245123665 0.0992930717186
3.28061221134 0.102396123637
3.278775072 0.104808323726
3.27693981598 0.101951950271
3.27510644063 0.101216871029
3.27327494331 0.102814732339
3.27144532136 0.102497882887
3.26961757215 0.0999386082432
3.26779169306 0.0991009665568
3.26596768144 0.100635418024
3.26414553469 0.102533620176
3.26232525017 0.102483615789
3.26050682528 0.101120795541
3.25869025741 0.100531369005
3.25687554395 0.101237337162
3.2550626823 0.102049848502
3.25325166988 0.101085256702
3.25144250408 0.0994948286338
3.24963518233 0.1010578612
3.24782970204 0.101389443854
3.24602606064 0.100951845658
3.24422425556 0.0983885933204
3.24242428423 0.097410419582
3.24062614409 0.101144108974
3.23882983257 0.101634030508
3.23703534714 0.0997961868921
3.23524268524 0.099486306379
3.23345184433 0.0999660001654
3.23166282187 0.101011168764
3.22987561532 0.0983210164914
3.22809022216 0.0962951403137
3.22630663986 0.0990526698416
3.2245248659 0.101233277096
3.22274489776 0.100591602028
3.22096673294 0.0993612501971
3.21919036892 0.100228928358
3.21741580321 0.100930248206
3.21564303331 0.101794824695
3.21387205672 0.0989317168882
3.21210287096 0.0962842693536
3.21033547354 0.0980522650605
3.20856986198 0.0987937993963
3.2068060338 0.0957827303491
3.20504398654 0.0935238949657
3.20328371773 0.0971303006389
3.20152522491 0.100467241945
3.19976850562 0.098260064048
3.1980135574 0.0938083776154
3.19626037781 0.0952601147379
3.19450896441 0.0994066644063
3.19275931475 0.0970089443726
3.1910114264 0.0933276688771
3.18926529692 0.0937950030049
3.18752092389 0.0958847833607
3.1857783049 0.0946352046586
3.18403743751 0.0928038298861
3.18229831932 0.0930379398715
3.18056094791 0.0952719376514
3.17882532089 0.0952237967625
3.17709143585 0.0918461567053
3.17535929039 0.0911669464066
3.17362888212 0.0931308449315
3.17190020866 0.0917474242637
3.17017326762 0.0912726333091
3.16844805661 0.0910602967353
3.16672457328 0.0928482576756
3.16500281523 0.0933609272661
3.16328278012 0.0931819314511
3.16156446557 0.0932048938506
3.15984786923 0.0916689042188
3.15813298873 0.091751943324
3.15641982174 0.0926079027839
3.15470836591 0.0902925491204
3.15299861889 0.0894708621031
3.15129057836 0.0912055467124
3.14958424196 0.0901696848763
3.14787960738 0.090423051331
3.14617667229 0.0878153207857
3.14447543437 0.0891242905343
3.1427758913 0.0914978926057
3.14107804077 0.092307956072
3.13938188047 0.088625331362
3.1376874081 0.0885864159728
3.13599462135 0.0920586243891
3.13430351793 0.0916567861525
3.13261409555 0.0881144389667
3.13092635192 0.0879304159269
3.12924028476 0.0891919367184
3.12755589178 0.0930523458814
3.1258731707 0.0895106376899
3.12419211927 0.0881278348214
3.1225127352 0.0900112864775
3.12083501624 0.0905476239361
3.11915896012 0.0891886145439
3.11748456459 0.087219936103
3.11581182739 0.0889542505202
3.11414074628 0.0899297157317
3.11247131902 0.0885913996905
3.11080354336 0.0862206367131
3.10913741706 0.0854619278413
3.1074729379 0.0873881212029
3.10581010364 0.0890934183697
3.10414891207 0.0885715018506
3.10248936096 0.0865722937153
3.10083144808 0.0874828740154
3.09917517125 0.0881449798929
3.09752052823 0.0863896901882
3.09586751683 0.0833137307073
3.09421613484 0.0835085066594
3.09256638007 0.0867930838467
3.09091825033 0.0848042250083
3.08927174342 0.0837131475049
3.08762685716 0.0846064387532
3.08598358937 0.0877162655426
3.08434193786 0.0870202105834
3.08270190047 0.0845345139812
3.08106347502 0.0828459562506
3.07942665935 0.0838246659947
3.07779145129 0.085040890452
3.07615784868 0.0796935901226
3.07452584938 0.0802193210416
3.07289545122 0.0863784566244
3.07126665206 0.0867495137942
3.06963944975 0.0843667492802
3.06801384216 0.0819278684589
3.06638982714 0.0855377899381
3.06476740257 0.0861271279247
3.06314656631 0.082462828678
3.06152731624 0.0822080675156
3.05990965024 0.0840381175809
3.05829356618 0.0866614014535
3.05667906196 0.0839617486779
3.05506613546 0.0807155534601
3.05345478457 0.0821042267587
3.0518450072 0.0850561460209
3.05023680124 0.0822516970938
3.0486301646 0.0816244653634
3.04702509517 0.080840238756
3.04542159088 0.0821699437919
3.04381964964 0.0821027769046
3.04221926937 0.0820454296753
3.04062044798 0.0813563366904
3.0390231834 0.0808034107422
3.03742747357 0.0830743711526
3.03583331641 0.0827801437111
3.03424070986 0.0814240292441
3.03264965186 0.0813549411077
3.03106014035 0.0808885043862
3.02947217328 0.0802468410154
3.02788574861 0.0811684079592
3.02630086427 0.0818024429742
3.02471751824 0.0802887452849
3.02313570847 0.0806722803867
3.02155543292 0.0797269659871
3.01997668957 0.0780940738341
3.01839947638 0.0801688528563
3.01682379134 0.0807013676029
3.01524963241 0.08172636696
3.01367699758 0.0822979444499
3.01210588484 0.0829174380285
3.01053629217 0.0816520081903
3.00896821757 0.0821954546678
3.00740165902 0.0797716817059
3.00583661454 0.0788452225074
3.00427308212 0.0812537259958
3.00271105978 0.0816266372708
3.0011505455 0.0796327336589
2.99959153732 0.0773454290559
2.99803403325 0.0791952765948
2.9964780313 0.0825240071512
2.9949235295 0.0826169520589
2.99337052588 0.0810195564726
2.99181901846 0.0805867122056
2.99026900528 0.081169127699
2.98872048438 0.081054775621
2.98717345379 0.0794393768177
2.98562791155 0.0809119594158
2.98408385572 0.0828747433602
2.98254128434 0.0829409772454
2.98100019547 0.0821173029583
2.97946058716 0.0787824027232
2.97792245747 0.0811194958692
2.97638580447 0.0807626335471
2.97485062622 0.0791214816557
2.97331692079 0.0795033231827
2.97178468626 0.0812133710473
2.97025392069 0.0818396843102
2.96872462217 0.0790794214405
2.96719678879 0.0802235472891
2.96567041862 0.0828547884741
2.96414550976 0.084928052331
2.96262206029 0.0825953186696
2.96110006832 0.0775320781255
2.95957953195 0.079288333432
2.95806044927 0.0812644752928
2.95654281839 0.0821201867562
2.95502663742 0.0800707815572
2.95351190447 0.0792400352221
2.95199861766 0.0804499986306
2.9504867751 0.0818618160089
2.94897637492 0.0808942249778
2.94746741523 0.0828557028594
2.94595989417 0.0833395350336
2.94445380987 0.0810209266083
2.94294916047 0.0782169130343
2.94144594408 0.0806495546484
2.93994415887 0.0827756404082
2.93844380297 0.0849392774299
2.93694487453 0.0823177381669
2.9354473717 0.0801375153912
2.93395129263 0.0820079359939
2.93245663547 0.0830433897372
2.93096339839 0.0810984791751
2.92947157954 0.0780256449725
2.9279811771 0.0798534875781
2.92649218923 0.0810758230743
2.9250046141 0.0817154678278
2.92351844989 0.0822732374468
2.92203369477 0.0809550673143
2.92055034692 0.0826656711026
2.91906840453 0.0805184100722
2.91758786578 0.0801135208394
2.91610872887 0.0823805083212
2.91463099199 0.0819634942134
2.91315465332 0.0818751631659
2.91167971107 0.0825274898992
2.91020616345 0.0797891106491
2.90873400865 0.0806834002314
2.90726324489 0.0818187396141
2.90579387037 0.079419805779
2.90432588331 0.0791603202651
2.90285928192 0.0800371107295
2.90139406443 0.0810733549792
2.89993022906 0.083463955586
2.89846777403 0.0815915843707
2.89700669757 0.0806584027655
2.89554699791 0.0803985010422
2.89408867329 0.0806624906633
2.89263172194 0.0804080677115
2.89117614211 0.0800693757817
2.88972193203 0.0796770696031
2.88826908996 0.0812009379076
2.88681761414 0.0814212220032
2.88536750283 0.078567173823
2.88391875428 0.0798374968846
2.88247136674 0.0800711359634
2.88102533848 0.0796906505129
2.87958066777 0.0797304561671
2.87813735286 0.08047671718
2.87669539203 0.081413279143
2.87525478354 0.0794729327648
2.87381552569 0.0766196286194
2.87237761673 0.0750374294621
2.87094105496 0.0770577138434
2.86950583865 0.0780019051486
2.8680719661 0.07668212856
2.86663943559 0.0746929830144
2.86520824541 0.0751287426599
2.86377839387 0.0786728091599
2.86234987925 0.0780177842804
2.86092269986 0.076011113112
2.85949685399 0.0752133126479
2.85807233997 0.0750684065211
2.85664915609 0.0750862089991
2.85522730067 0.075971968601
2.85380677202 0.0763817513674
2.85238756846 0.0749702430112
2.85096968831 0.075741512612
2.8495531299 0.0713532514553
2.84813789154 0.0722793972409
2.84672397156 0.0735925292157
2.84531136831 0.0733244677429
2.8439000801 0.0701877678106
2.84249010529 0.0699239977905
2.8410814422 0.0703281859295
2.83967408918 0.072049626661
2.83826804457 0.0706698200767
2.83686330672 0.0686658895766
2.83545987399 0.0698592500196
2.83405774472 0.0699848366132
2.83265691727 0.0682504847324
2.83125739 0.0673198760087
2.82985916126 0.0680859949996
2.82846222944 0.0693588072501
2.82706659287 0.0671334825508
2.82567224995 0.0638812863798
2.82427919904 0.0644156125056
2.82288743851 0.0651427172684
2.82149696675 0.0643061994014
2.82010778212 0.0635357197367
2.81871988302 0.0627987712766
2.81733326782 0.0640550448955
2.81594793492 0.0640737431034
2.81456388271 0.0629438188591
2.81318110958 0.0612702239465
2.81179961392 0.061784263561
2.81041939413 0.0629728593526
2.80904044861 0.062447381228
2.80766277578 0.0602446786784
2.80628637402 0.0583724279812
2.80491124175 0.0592597268037
2.80353737739 0.0589764947345
2.80216477934 0.0593067621801
2.80079344602 0.0595057832243
2.79942337586 0.0601857064044
2.79805456726 0.0590371065373
2.79668701866 0.0580926703341
2.79532072848 0.057251767649
2.79395569516 0.0585773204282
2.79259191711 0.0575585636293
2.79122939278 0.0566260465988
2.78986812061 0.0572215744348
2.78850809903 0.0573974547701
2.78714932648 0.0587773548666
2.78579180142 0.0582800218458
2.78443552227 0.0564562661588
2.78308048751 0.0566053340443
2.78172669557 0.05631384606
2.78037414491 0.0568293175207
2.77902283398 0.0569851128365
2.77767276126 0.0565764175089
2.77632392519 0.059194735219
2.77497632425 0.058347546978
2.77362995689 0.0567635279535
2.7722848216 0.0574235048126
2.77094091683 0.0572483556179
2.76959824107 0.0573669432921
2.76825679279 0.0570351134373
2.76691657048 0.0570914551377
2.7655775726 0.0587758693772
2.76423979765 0.0594383810504
2.76290324411 0.0589231423384
2.76156791047 0.0584753984331
2.76023379523 0.0592625001772
2.75890089687 0.0606041606542
2.75756921389 0.0606136883334
2.7562387448 0.0591576690292
2.75490948808 0.0591785493975
2.75358144225 0.0603763852557
2.75225460581 0.0617767855905
2.75092897727 0.0610315143638
2.74960455514 0.0617274794691
2.74828133793 0.0636179151035
2.74695932415 0.0654201973482
2.74563851234 0.0655712698594
2.74431890099 0.065740330546
2.74300048865 0.0670481750182
2.74168327383 0.0685502078938
2.74036725505 0.0682056152459
2.73905243086 0.0683211569947
2.73773879977 0.0701161957666
2.73642636033 0.0714110259962
2.73511511108 0.0721908800546
2.73380505054 0.0726412850244
2.73249617726 0.0742202007056
2.73118848979 0.0764081971892
2.72988198667 0.0783083900224
2.72857666645 0.0784152666776
2.72727252767 0.0791312197731
2.7259695689 0.0802118881007
2.72466778869 0.0816388564756
2.72336718559 0.0810286593358
2.72206775816 0.0823807214192
2.72076950498 0.0837755241501
2.71947242459 0.0860684798025
2.71817651557 0.0866128536795
2.71688177648 0.0867378773507
2.7155882059 0.087551953334
2.7142958024 0.0899800522912
2.71300456456 0.0899863633492
2.71171449095 0.0893859078994
2.71042558015 0.0905596296869
2.70913783075 0.0922170963464
2.70785124133 0.0931758180754
2.70656581048 0.094848159577
2.70528153679 0.0954245097456
2.70399841884 0.0969872688637
2.70271645524 0.0982855017749
2.70143564457 0.0995665549317
2.70015598544 0.100331102039
2.69887747644 0.10254246916
2.69760011618 0.104686972186
2.69632390327 0.10524993772
2.6950488363 0.105184845995
2.69377491389 0.106735181238
2.69250213465 0.108492393532
2.6912304972 0.110354306804
2.68996000014 0.110662890295
2.6886906421 0.110974699625
2.6874224217 0.112810594156
2.68615533756 0.114832489767
2.6848893883 0.114796740398
2.68362457255 0.115237303399
2.68236088893 0.115958207987
2.68109833609 0.116843798096
2.67983691265 0.118278717336
2.67857661725 0.119217916754
2.67731744852 0.118263786247
2.6760594051 0.119853119678
2.67480248564 0.122415680035
2.67354668878 0.123021391975
2.67229201316 0.121568340007
2.67103845744 0.121646803734
2.66978602026 0.122369455388
2.66853470027 0.123762978716
2.66728449613 0.124059661867
2.6660354065 0.122962590379
2.66478743003 0.123625112981
2.66354056539 0.125604784474
2.66229481123 0.125543385699
2.66105016623 0.126335664185
2.65980662904 0.125734371294
2.65856419835 0.12615078743
2.65732287281 0.127017396448
2.6560826511 0.127404279583
2.6548435319 0.127782368856
2.65360551389 0.12754381803
2.65236859573 0.127504791247
2.65113277613 0.129334557703
2.64989805375 0.129561881958
2.64866442728 0.12941335729
2.64743189542 0.128690619313
2.64620045684 0.130148011816
2.64497011025 0.13114717995
2.64374085434 0.131400339373
2.64251268779 0.131257024292
2.64128560932 0.131540914499
2.64005961761 0.132919175522
2.63883471138 0.134756698431
2.63761088932 0.133758227315
2.63638815014 0.133894011571
2.63516649255 0.13399544103
2.63394591525 0.135524119315
2.63272641697 0.135613796069
2.63150799641 0.134647236804
2.63029065229 0.134608810376
2.62907438332 0.134580252234
2.62785918823 0.135215107688
2.62664506574 0.13638233727
2.62543201458 0.136147733442
2.62422003345 0.136381931307
2.62300912111 0.136570030024
2.62179927627 0.138174236357
2.62059049767 0.139306452569
2.61938278403 0.139168541952
2.61817613411 0.138716541763
2.61697054662 0.138015636226
2.61576602032 0.139874808571
2.61456255394 0.139708683447
2.61336014623 0.13955991574
2.61215879593 0.139456447033
2.61095850179 0.139262530938
2.60975926256 0.13989078929
2.60856107699 0.140598290598
2.60736394383 0.14042717993
2.60616786184 0.140594381396
2.60497282977 0.14016526668
2.60377884639 0.140856409704
2.60258591045 0.142294951167
2.60139402072 0.141891438845
2.60020317595 0.141382321105
2.59901337492 0.141669197911
2.5978246164 0.141206813462
2.59663689915 0.142445180137
2.59545022195 0.143512888143
2.59426458358 0.143668267915
2.59307998279 0.142624677159
2.59189641838 0.142670186422
2.59071388913 0.144208193643
2.58953239381 0.144327358462
2.58835193121 0.145525259316
2.58717250011 0.144929862162
2.58599409931 0.144980505897
2.58481672758 0.145952554259
2.58364038372 0.146587229202
2.58246506652 0.146740460509
2.58129077478 0.147219500206
2.5801175073 0.14681601174
2.57894526286 0.145604267773
2.57777404028 0.14763949515
2.57660383835 0.147468268018
2.57543465587 0.14753077031
2.57426649166 0.148076950309
2.57309934451 0.148488251787
2.57193321325 0.148852469768
2.57076809667 0.149838198603
2.56960399359 0.149568541062
2.56844090283 0.148898606867
2.5672788232 0.149353285408
2.56611775352 0.148357087756
2.56495769261 0.148856054724
2.56379863929 0.150146337477
2.56264059238 0.150796169106
2.56148355072 0.150694186091
2.56032751312 0.15071465359
2.55917247842 0.150284669925
2.55801844544 0.151089766343
2.55686541302 0.151453801235
2.55571338 0.151089447476
2.5545623452 0.15218300848
2.55341230747 0.151577714729
2.55226326565 0.151887993368
2.55111521857 0.152737018051
2.54996816508 0.152859784518
2.54882210403 0.154138606495
2.54767703426 0.153267723649
2.54653295461 0.152435924661
2.54538986395 0.152632101832
2.54424776111 0.153746746323
2.54310664496 0.154667254921
2.54196651435 0.155235173341
2.54082736813 0.154714036518
2.53968920517 0.154653236482
2.53855202433 0.154287627962
2.53741582446 0.155050271466
2.53628060443 0.154681156511
2.5351463631 0.155757840237
2.53401309935 0.154948090147
2.53288081204 0.155052517937
2.53174950004 0.154686697399
2.53061916223 0.154670646376
2.52948979747 0.156494859777
2.52836140465 0.156929342093
2.52723398264 0.157461098317
2.52610753033 0.157344286711
2.52498204658 0.158337299632
2.52385753029 0.158562545981
2.52273398033 0.158800901069
2.5216113956 0.159526902717
2.52048977498 0.16013936506
2.51936911735 0.159749660097
2.51824942162 0.159239850072
2.51713068667 0.160000128942
2.5160129114 0.161574385553
2.51489609471 0.161451325331
2.51378023548 0.162282269057
2.51266533262 0.162879837472
2.51155138503 0.162487662599
2.51043839162 0.162020498744
2.50932635128 0.16232123483
2.50821526292 0.163141549099
2.50710512545 0.164256148883
2.50599593778 0.164827947914
2.50488769882 0.164827536444
2.50378040748 0.165113379259
2.50267406267 0.165268694534
2.50156866332 0.165335725776
2.50046420833 0.166530790585
2.49936069662 0.16656376452
2.49825812713 0.16628086407
2.49715649876 0.165869376854
2.49605581044 0.166397409782
2.49495606109 0.167396477068
2.49385724965 0.168850574242
2.49275937505 0.168626900514
2.4916624362 0.16865511814
2.49056643204 0.168810241071
2.48947136151 0.169268398594
2.48837722354 0.169823184533
2.48728401707 0.170000598788
2.48619174103 0.170417441044
2.48510039436 0.171113633246
2.48400997601 0.170848291259
2.48292048491 0.170947745272
2.48183192002 0.172192246792
2.48074428027 0.172183278563
2.47965756462 0.172671509001
2.478571772 0.172836718697
2.47748690139 0.172958529976
2.47640295171 0.173196346678
2.47531992194 0.173564996051
2.47423781101 0.174595446208
2.4731566179 0.1751197576
2.47207634155 0.174975376398
2.47099698094 0.175476256606
2.46991853501 0.175594105088
2.46884100273 0.17576744074
2.46776438306 0.176395538654
2.46668867498 0.176886226209
2.46561387745 0.177287219466
2.46453998943 0.176653492622
2.4634670099 0.177239812635
2.46239493783 0.178123134745
2.4613237722 0.17869869949
2.46025351197 0.179207039467
2.45918415612 0.178791655018
2.45811570364 0.178891074475
2.4570481535 0.179036853812
2.45598150468 0.179856911996
2.45491575616 0.180775828519
2.45385090693 0.181275705347
2.45278695598 0.18114539328
2.45172390229 0.181583167812
2.45066174484 0.182203448943
2.44960048264 0.18285212255
2.44854011467 0.183497532146
2.44748063991 0.184189112589
2.44642205738 0.184194988396
2.44536436606 0.184825850117
2.44430756495 0.185126541048
2.44325165305 0.185722395842
2.44219662935 0.186636953895
2.44114249287 0.186200708991
2.44008924261 0.186722645511
2.43903687756 0.187145455215
2.43798539673 0.187510818806
2.43693479914 0.188620943579
2.43588508379 0.189040025199
2.43483624969 0.188632793878
2.43378829585 0.189103776154
2.43274122129 0.190112614915
2.43169502502 0.190408221706
2.43064970606 0.191236876458
2.42960526343 0.191979217323
2.42856169613 0.191332882634
2.42751900321 0.191632733335
2.42647718366 0.193213357195
2.42543623653 0.1936292466
2.42439616083 0.19369128634
2.4233569556 0.193909422217
2.42231861985 0.19400134663
2.42128115262 0.194952298239
2.42024455293 0.195786678842
2.41920881983 0.196266840398
2.41817395233 0.196729200921
2.41713994949 0.197132032052
2.41610681033 0.197334133063
2.41507453388 0.198353434397
2.4140431192 0.198732933139
2.41301256532 0.198869232149
2.41198287128 0.199075038057
2.41095403612 0.199306066198
2.40992605889 0.20073879458
2.40889893864 0.201407089299
2.40787267441 0.202040326225
2.40684726525 0.20190158325
2.40582271021 0.202514912473
2.40479900834 0.204011787838
2.40377615869 0.20435763342
2.40275416032 0.20425225247
2.40173301229 0.205047617759
2.40071271365 0.2059524841
2.39969326345 0.206908681678
2.39867466077 0.207468935104
2.39765690465 0.207743534575
2.39663999416 0.207849032721
2.39562392837 0.208584483889
2.39460870634 0.210135784736
2.39359432713 0.210415966658
2.39258078982 0.210955868927
2.39156809347 0.211305664284
2.39055623716 0.212957639982
2.38954521995 0.214140595726
2.38853504091 0.21387833505
2.38752569913 0.214352306615
2.38651719368 0.214254800006
2.38550952363 0.216369323367
2.38450268806 0.21672567014
2.38349668606 0.217601846789
2.3824915167 0.218021815513
2.38148717907 0.219184471943
2.38048367224 0.220661450547
2.37948099531 0.220620248418
2.37847914737 0.220271994517
2.37747812749 0.220917706351
2.37647793476 0.222346282583
2.37547856829 0.224004058423
2.37448002715 0.223972593644
2.37348231045 0.225112457043
2.37248541727 0.226405714558
2.37148934671 0.227172066756
2.37049409787 0.22837374503
2.36949966985 0.227688147268
2.36850606174 0.228755513417
2.36751327265 0.230002268118
2.36652130168 0.230656507873
2.36553014792 0.231697182468
2.3645398105 0.231804787905
2.3635502885 0.232417896477
2.36256158104 0.23415152932
2.36157368723 0.234637505937
2.36058660617 0.235336683719
2.35960033698 0.235952973854
2.35861487877 0.236467966958
2.35763023065 0.23775297969
2.35664639173 0.238624083234
2.35566336114 0.238088100011
2.35468113799 0.238764746536
2.3536997214 0.240577509931
2.35271911048 0.241433132911
2.35173930437 0.241710015429
2.35076030217 0.241798320997
2.34978210302 0.243189934987
2.34880470603 0.244325735695
2.34782811035 0.244926822514
2.34685231508 0.243791259149
2.34587731936 0.244763881174
2.34490312232 0.246572716725
2.3439297231 0.247111264916
2.34295712081 0.247105748561
2.34198531461 0.247882250648
2.34101430361 0.248665586088
2.34004408696 0.249461848961
2.33907466379 0.250013111071
2.33810603325 0.248662643658
2.33713819446 0.249716264233
2.33617114658 0.251564071707
2.33520488874 0.252266922997
2.33423942009 0.251802224232
2.33327473977 0.25217342061
2.33231084692 0.253517867998
2.3313477407 0.254453519317
2.33038542025 0.254084654815
2.32942388472 0.253820561273
2.32846313327 0.253853757052
2.32750316503 0.255446100399
2.32654397917 0.256296024811
2.32558557484 0.256372658497
2.32462795119 0.255831536568
2.32367110738 0.256593477174
2.32271504257 0.257478003779
2.32175975592 0.257005733167
2.32080524659 0.256404352998
2.31985151373 0.257650130971
2.31889855651 0.25945278367
2.3179463741 0.258891211441
2.31699496566 0.257879193497
2.31604433034 0.258515821196
2.31509446733 0.260277872266
2.31414537579 0.260477235968
2.31319705489 0.260074099825
2.3122495038 0.260003779607
2.31130272169 0.26061186777
2.31035670773 0.260945014561
2.30941146109 0.261264122344
2.30846698097 0.261037779734
2.30752326652 0.261501529864
2.30658031692 0.262538593156
2.30563813136 0.262141110149
2.30469670902 0.261403179158
2.30375604907 0.26173616033
2.3028161507 0.262479586156
2.30187701309 0.262720255594
2.30093863543 0.262463335127
2.30000101689 0.262127881781
2.29906415668 0.263341281166
2.29812805397 0.263795151843
2.29719270795 0.26329070867
2.29625811782 0.262874915218
2.29532428276 0.263276249317
2.29439120197 0.264264331365
2.29345887465 0.263890248232
2.29252729997 0.263130452912
2.29159647715 0.263555258857
2.29066640538 0.264433194831
2.28973708386 0.264429498301
2.28880851178 0.264096763384
2.28788068834 0.264104912305
2.28695361275 0.263824137778
2.28602728421 0.264622211326
2.28510170193 0.264070732829
2.2841768651 0.264399081618
2.28325277293 0.264070991826
2.28232942464 0.264612106636
2.28140681942 0.264563684167
2.28048495649 0.264128847252
2.27956383505 0.263224433008
2.27864345433 0.263840077513
2.27772381352 0.264586160422
2.27680491185 0.264151153452
2.27588674853 0.263355034503
2.27496932277 0.263809665385
2.2740526338 0.265004111849
2.27313668082 0.265535302565
2.27222146306 0.264794431393
2.27130697974 0.26424588582
2.27039323007 0.26496132488
2.26948021329 0.265975287757
2.26856792861 0.264760279926
2.26765637526 0.263877318236
2.26674555246 0.264847857983
2.26583545945 0.266086506558
2.26492609544 0.265504915947
2.26401745967 0.264094162194
2.26310955136 0.265205322454
2.26220236975 0.26667153279
2.26129591407 0.266251947701
2.26039018355 0.264468983746
2.25948517742 0.264545333026
2.25858089493 0.266405921933
2.2576773353 0.266774334724
2.25677449778 0.266098061393
2.25587238159 0.265215669339
2.25497098599 0.266443005163
2.25407031021 0.267762959099
2.25317035348 0.267663207919
2.25227111507 0.266865872443
2.2513725942 0.26719556995
2.25047479012 0.26848554163
2.24957770208 0.26893395104
2.24868132933 0.267814762526
2.2477856711 0.267988203384
2.24689072666 0.269221346443
2.24599649525 0.270127175767
2.24510297611 0.269553659037
2.24421016851 0.268804753171
2.24331807169 0.269583972703
2.24242668491 0.270300880748
2.24153600743 0.270513636322
2.24064603849 0.270363239345
2.23975677736 0.270815964201
2.23886822329 0.271764387396
2.23798037555 0.271856062151
2.23709323338 0.271976531499
2.23620679606 0.272047870673
2.23532106285 0.273964108561
2.234436033 0.27442908897
2.23355170578 0.273579136273
2.23266808046 0.273043517804
2.23178515631 0.274337787047
2.23090293258 0.27576307602
2.23002140855 0.275501192063
2.22914058348 0.275030379821
2.22826045665 0.275331948643
2.22738102733 0.276507233218
2.22650229479 0.276930596441
2.2256242583 0.27672430277
2.22474691713 0.276479646868
2.22387027057 0.277083047196
2.22299431788 0.278080060613
2.22211905834 0.277385124186
2.22124449124 0.276830339436
2.22037061584 0.277374904526
2.21949743144 0.278666486365
2.2186249373 0.278320183312
2.21775313272 0.278103790101
2.21688201697 0.278057952702
2.21601158935 0.27909131581
2.21514184912 0.279346346572
2.21427279559 0.278309292271
2.21340442803 0.278582825374
2.21253674573 0.279429204925
2.21166974799 0.280171069701
2.21080343408 0.279468336795
2.20993780331 0.278123485595
2.20907285497 0.278991584617
2.20820858834 0.280034725015
2.20734500272 0.280756548895
2.2064820974 0.279644970925
2.20561987168 0.280362931727
2.20475832486 0.281449827171
2.20389745623 0.281272189825
2.20303726509 0.280888501014
2.20217775074 0.280918981425
2.20131891248 0.28132333144
2.20046074962 0.281872300486
2.19960326144 0.28092709496
2.19874644727 0.280194885236
2.19789030639 0.280836688342
2.19703483812 0.281375879881
2.19618004176 0.281947105683
2.19532591661 0.281213985479
2.19447246199 0.280611674279
2.19361967721 0.281108572512
2.19276756157 0.28148765978
2.19191611438 0.281935542371
2.19106533495 0.281287163711
2.19021522261 0.281121448719
2.18936577665 0.282243461874
2.1885169964 0.282484243195
2.18766888117 0.28220595578
2.18682143027 0.281534333123
2.18597464303 0.282813531648
2.18512851875 0.282957167318
2.18428305677 0.281912846267
2.18343825639 0.281225732359
2.18259411695 0.281839733918
2.18175063775 0.283760300133
2.18090781813 0.283177599436
2.18006565741 0.281905808628
2.1792241549 0.282184767566
2.17838330995 0.283644163224
2.17754312186 0.283455275674
2.17670358998 0.282386964742
2.17586471362 0.281835056929
2.17502649212 0.282636180459
2.1741889248 0.28301415402
2.173352011 0.282423709373
2.17251575005 0.281754392456
2.17168014127 0.282701839857
2.17084518401 0.283414051047
2.1700108776 0.283880848254
2.16917722137 0.28242542748
2.16834421466 0.281803293406
2.1675118568 0.283045921436
2.16668014714 0.28370301222
2.16584908501 0.282877927139
2.16501866975 0.282198203604
2.1641889007 0.282484178229
2.16335977721 0.284282252259
2.1625312986 0.283707597937
2.16170346424 0.282780549392
2.16087627346 0.282702580222
2.16004972561 0.283188058035
2.15922382002 0.283489480914
2.15839855606 0.283130680033
2.15757393306 0.281637742094
2.15674995038 0.282720287361
2.15592660736 0.285015599397
2.15510390335 0.284082388138
2.15428183771 0.282645541999
2.15346040979 0.282823122885
2.15263961893 0.284217698114
2.15181946449 0.284528454458
2.15099994584 0.283465263791
2.15018106231 0.281484002956
2.14936281327 0.282051609879
2.14854519808 0.283879053134
2.14772821609 0.284082087758
2.14691186666 0.281601508149
2.14609614915 0.282131500683
2.14528106292 0.282882293444
2.14446660733 0.284332533115
2.14365278175 0.283315391752
2.14283958553 0.282577857422
2.14202701805 0.282449132776
2.14121507866 0.282556407072
2.14040376673 0.284258123035
2.13959308162 0.28448309762
2.13878302271 0.283181523432
2.13797358937 0.282636897305
2.13716478095 0.283952934851
2.13635659683 0.285798804139
2.13554903639 0.28313822828
2.13474209898 0.281597746683
2.13393578399 0.28193298261
2.13313009078 0.287093001613
2.13232501874 0.287917916337
2.13152056723 0.286078413969
2.13071673563 0.283080871155
2.12991352332 0.284982226001
2.12911092967 0.288562701968
2.12830895407 0.291303405482
2.12750759588 0.287517729897
2.12670685449 0.287634060681
2.12590672929 0.283612267304
2.12510721964 0.283285252124
2.12430832494 0.289319514741
2.12351004456 0.291634194273
2.1227123779 0.289402514708
2.12191532432 0.281989242474
2.12111888323 0.286616101754
2.120323054 0.289294258836
2.11952783603 0.285623252928
2.11873322869 0.279426293499
2.11793923138 0.276952344014
2.11714584349 0.283508633344
2.11635306441 0.284174059421
2.11556089353 0.287826634124
2.11476933023 0.287839137688
2.11397837392 0.284338974833
2.11318802398 0.281488117335
2.11239827982 0.27857380625
2.11160914082 0.281029646805
2.11082060638 0.282143396596
2.11003267589 0.280828240515
2.10924534876 0.279467521163
2.10845862438 0.279636540481
2.10767250216 0.281390143975
2.10688698148 0.283774347063
2.10610206175 0.282042175923
2.10531774238 0.281929557896
2.10453402276 0.280356676061
2.1037509023 0.279236772957
2.10296838039 0.278041961415
2.10218645646 0.279919809776
2.10140512989 0.280990671358
2.1006244001 0.280407818172
2.09984426648 0.279810007477
2.09906472846 0.279849062342
2.09828578544 0.280343314298
2.09750743682 0.278802359604
2.09672968202 0.27864311102
2.09595252045 0.278478960244
2.09517595151 0.278966158961
2.09439997463 0.279096461925
2.09362458921 0.280321597772
2.09284979466 0.279246844222
2.09207559041 0.278291799737
2.09130197586 0.277607281028
2.09052895043 0.278063882259
2.08975651355 0.278277604444
2.08898466462 0.279098939055
2.08821340306 0.27856323637
2.08744272829 0.27713341599
2.08667263974 0.276515911856
2.08590313682 0.277646531766
2.08513421896 0.278086902656
2.08436588557 0.277312318976
2.08359813608 0.276003964208
2.08283096992 0.276293077141
2.0820643865 0.276664184238
2.08129838525 0.276483209211
2.0805329656 0.276168423139
2.07976812697 0.276327109179
2.07900386879 0.275600655891
2.07824019049 0.27520973788
2.0774770915 0.276032828536
2.07671457124 0.277988390832
2.07595262916 0.2767790665
2.07519126466 0.273210533902
2.0744304772 0.272581697985
2.0736702662 0.273606043113
2.0729106311 0.274366670647
2.07215157132 0.274733775426
2.0713930863 0.275536071348
2.07063517549 0.274328792138
2.06987783831 0.27387332534
2.06912107419 0.275132178341
2.06836488259 0.275904068986
2.06760926294 0.273792224552
2.06685421466 0.272324609789
2.06609973722 0.271955700894
2.06534583004 0.27376718356
2.06459249256 0.273743792876
2.06383972424 0.271550491993
2.0630875245 0.271037190908
2.0623358928 0.272874723073
2.06158482858 0.273728855117
2.06083433128 0.273647855014
2.06008440035 0.271284517186
2.05933503523 0.270943429308
2.05858623537 0.272032368687
2.05783800023 0.272842503908
2.05709032924 0.272914114968
2.05634322185 0.271557753158
2.05559667752 0.26979227963
2.0548506957 0.270528045296
2.05410527583 0.271442723252
2.05336041737 0.27140191873
2.05261611977 0.269451225336
2.05187238249 0.269239589095
2.05112920498 0.269590452086
2.05038658668 0.269793977288
2.04964452707 0.269295030372
2.04890302559 0.268311162325
2.0481620817 0.267631337844
2.04742169486 0.267189540608
2.04668186453 0.268566175208
2.04594259016 0.267818905834
2.04520387121 0.26701204822
2.04446570715 0.266262730135
2.04372809744 0.267702769169
2.04299104153 0.267292774164
2.0422545389 0.267100717476
2.04151858899 0.265879349475
2.04078319128 0.265846998331
2.04004834523 0.266816221667
2.03931405031 0.266302329458
2.03858030597 0.265520684591
2.0378471117 0.265602800024
2.03711446695 0.264892121636
2.03638237119 0.266093331568
2.03565082389 0.265487859452
2.03491982452 0.265039952499
2.03418937255 0.264535684691
2.03345946745 0.264807789449
2.03273010869 0.265576722938
2.03200129574 0.265300363628
2.03127302808 0.264696540947
2.03054530518 0.263885457389
2.0298181265 0.263732807669
2.02909149154 0.265079865313
2.02836539975 0.263422601811
2.02763985063 0.26265418268
2.02691484363 0.262033387363
2.02619037825 0.262113078151
2.02546645396 0.262564925213
2.02474307023 0.261714308714
2.02402022655 0.261452975421
2.0232979224 0.261887210039
2.02257615725 0.263154718059
2.02185493059 0.261834693852
2.0211342419 0.260963134172
2.02041409066 0.260087175265
2.01969447636 0.260908393764
2.01897539848 0.260531368156
2.0182568565 0.259734428171
2.01753884991 0.258623625144
2.01682137819 0.260511129158
2.01610444083 0.260321673061
2.01538803732 0.260050243907
2.01467216714 0.258784820561
2.01395682979 0.25828527997
2.01324202475 0.258920652132
2.01252775151 0.257853593934
2.01181400957 0.257367207564
2.0111007984 0.256498163449
2.01038811752 0.257712279798
2.00967596639 0.257685350451
2.00896434453 0.256822663262
2.00825325142 0.255695317144
2.00754268656 0.256175555402
2.00683264944 0.257665394308
2.00612313956 0.25615724955
2.00541415641 0.256530963474
2.00470569949 0.255554934895
2.0039977683 0.255319681672
2.00329036233 0.256244626757
2.00258348109 0.254942473262
2.00187712407 0.254492252244
2.00117129078 0.254847378195
2.0004659807 0.254056087779
1.99976119336 0.253466048392
1.99905692823 0.252780512367
1.99835318484 0.252351653184
1.99764996268 0.253576188284
1.99694726125 0.252114441442
1.99624508006 0.251669391822
1.99554341862 0.252467352547
1.99484227642 0.251917295893
1.99414165298 0.251848624958
1.99344154781 0.251208286061
1.9927419604 0.249129111388
1.99204289027 0.250053926805
1.99134433693 0.251297198795
1.99064629988 0.25076527838
1.98994877864 0.249479236787
1.98925177271 0.248739040682
1.98855528161 0.249460104044
1.98785930485 0.248729766733
1.98716384194 0.247924442436
1.98646889239 0.248111519551
1.98577445572 0.247736295881
1.98508053144 0.248327182099
1.98438711907 0.247829484509
1.98369421812 0.247894029482
1.9830018281 0.247010766704
1.98230994854 0.246569469121
1.98161857895 0.246351045284
1.98092771885 0.245020924139
1.98023736775 0.243798576657
1.97954752518 0.244922250576
1.97885819066 0.244981605689
1.9781693637 0.243695743449
1.97748104382 0.242034873177
1.97679323056 0.242981691377
1.97610592342 0.244564935611
1.97541912194 0.243870918988
1.97473282563 0.242569128918
1.97404703401 0.242752686842
1.97336174663 0.243993994154
1.97267696299 0.243011126944
1.97199268262 0.24135386057
1.97130890505 0.240740175938
1.97062562981 0.241852287597
1.96994285642 0.241760172136
1.96926058442 0.239866512652
1.96857881332 0.239970925561
1.96789754266 0.240568402232
1.96721677198 0.242074656381
1.96653650079 0.240602077764
1.96585672863 0.239256430973
1.96517745503 0.239168647072
1.96449867952 0.241003675171
1.96382040164 0.240794159263
1.96314262092 0.238572853384
1.96246533689 0.239167525294
1.96178854908 0.24143366829
1.96111225704 0.240306079731
1.96043646029 0.237662001368
1.95976115838 0.238177566585
1.95908635084 0.240070155323
1.9584120372 0.240552855656
1.95773821701 0.238479425004
1.9570648898 0.237230159897
1.95639205511 0.237630308768
1.95571971248 0.239109413547
1.95504786146 0.237468525485
1.95437650158 0.236739287879
1.95370563237 0.237042030759
1.9530352534 0.23818173929
1.95236536419 0.238135318301
1.95169596429 0.235737259407
1.95102705324 0.234962964576
1.95035863059 0.236506342458
1.94969069588 0.236573498413
1.94902324866 0.2356847378
1.94835628847 0.235434347938
1.94768981486 0.235482519638
1.94702382738 0.23596567992
1.94635832557 0.237167965024
1.94569330898 0.235708068719
1.94502877716 0.234649951063
1.94436472966 0.236283082366
1.94370116602 0.236755396636
1.94303808581 0.234751504547
1.94237548856 0.234584004591
1.94171337384 0.236724441908
1.94105174118 0.237003799288
1.94039059015 0.236612445664
1.9397299203 0.236109437563
1.93906973118 0.235587594593
1.93841002234 0.236614315045
1.93775079334 0.236832690113
1.93709204374 0.236956104854
1.93643377309 0.237076159553
1.93577598094 0.23753908247
1.93511866686 0.238442367403
1.9344618304 0.238484378378
1.93380547111 0.238714634113
1.93314958856 0.239658886254
1.93249418231 0.240758307701
1.93183925192 0.240559117039
1.93118479693 0.241140968306
1.93053081693 0.242259656896
1.92987731146 0.243464579026
1.92922428009 0.244393393888
1.92857172238 0.244739850767
1.92791963789 0.246157749667
1.92726802619 0.248256124176
1.92661688684 0.249106987877
1.92596621941 0.24785836057
1.92531602345 0.249619201727
1.92466629854 0.251879386818
1.92401704424 0.253880329927
1.92336826012 0.253443197695
1.92271994574 0.252711970078
1.92207210068 0.255697080041
1.92142472449 0.259050883208
1.92077781675 0.259808511305
1.92013137703 0.259862591555
1.9194854049 0.26030915467
1.91883989992 0.263503035771
1.91819486167 0.264673986974
1.91755028972 0.265027280215
1.91690618364 0.266401025147
1.91626254301 0.269009702621
1.91561936739 0.270620068703
1.91497665635 0.270670113514
1.91433440949 0.273193239243
1.91369262635 0.275348824689
1.91305130654 0.276779613012
1.9124104496 0.277503080964
1.91177005514 0.278543382437
1.91113012271 0.280301327351
1.91049065189 0.28267561088
1.90985164228 0.283903280944
1.90921309343 0.283786870136
1.90857500493 0.285976384061
1.90793737637 0.288861486416
1.90730020731 0.290859681731
1.90666349734 0.291200964699
1.90602724604 0.29191365698
1.90539145299 0.294582175587
1.90475611777 0.297840852103
1.90412123997 0.298017504824
1.90348681916 0.298981083342
1.90285285493 0.301109441274
1.90221934687 0.304190209076
1.90158629455 0.305543844508
1.90095369756 0.306782982587
1.90032155549 0.308576390976
1.89968986792 0.310548813501
1.89905863444 0.311739210577
1.89842785464 0.312743343707
1.89779752809 0.314729397992
1.8971676544 0.316362121758
1.89653823315 0.317271832056
1.89590926392 0.317559166301
1.8952807463 0.318570193829
1.89465267989 0.321720550418
1.89402506428 0.324091160451
1.89339789905 0.32504358548
1.89277118379 0.324341705024
1.89214491811 0.325398436936
1.89151910158 0.328367398003
1.89089373381 0.33116586018
1.89026881438 0.330228683524
1.88964434289 0.330673558798
1.88902031894 0.332776926871
1.88839674211 0.334326150963
1.887773612 0.335821686981
1.88715092821 0.336491140198
1.88652869034 0.337701253755
1.88590689798 0.338234197193
1.88528555072 0.339300390566
1.88466464817 0.338362766605
1.88404418992 0.340954766128
1.88342417558 0.341903366112
1.88280460473 0.342653580875
1.88218547698 0.341780572017
1.88156679193 0.342509475005
1.88094854918 0.345577450244
1.88033074833 0.346322275244
1.87971338899 0.346381614398
1.87909647074 0.346423249471
1.8784799932 0.346994328069
1.87786395597 0.34925839959
1.87724835865 0.350414419059
1.87663320085 0.349715367612
1.87601848217 0.351329814481
1.87540420221 0.352360789171
1.87479036057 0.351552147484
1.87417695688 0.351379572342
1.87356399072 0.353000695757
1.87295146171 0.354656824003
1.87233936946 0.354580003599
1.87172771356 0.352737847486
1.87111649364 0.353635347996
1.8705057093 0.356342154679
1.86989536014 0.356783611005
1.86928544577 0.355986092304
1.86867596582 0.355610522004
1.86806691988 0.355600979811
1.86745830756 0.358398137877
1.86685012849 0.358093237928
1.86624238226 0.356848261295
1.8656350685 0.357872029514
1.86502818681 0.359095517326
1.86442173681 0.359702493376
1.86381571811 0.360004289788
1.86321013033 0.358207139677
1.86260497308 0.358751245879
1.86200024597 0.36152666808
1.86139594862 0.361121287028
1.86079208064 0.361156531246
1.86018864166 0.361406945888
1.85958563129 0.36343554473
1.85898304914 0.363025083618
1.85838089484 0.36011727517
1.857779168 0.36036643801
1.85717786824 0.36316436404
1.85657699518 0.362860771032
1.85597654843 0.362291250417
1.85537652763 0.36221374591
1.85477693239 0.363794591523
1.85417776232 0.364928736639
1.85357901706 0.362961211642
1.85298069622 0.362532699788
1.85238279943 0.362957284819
1.8517853263 0.36426994267
1.85118827647 0.364568593417
1.85059164955 0.362803462969
1.84999544517 0.364214765791
1.84939966295 0.366043252606
1.84880430252 0.366869560433
1.8482093635 0.364934190636
1.84761484552 0.36545180549
1.84702074821 0.367396311019
1.84642707119 0.367110375764
1.84583381409 0.366146331212
1.84524097653 0.365443186092
1.84464855815 0.366092376644
1.84405655857 0.368916477991
1.84346497743 0.3690244501
1.84287381434 0.368830925816
1.84228306895 0.366833098801
1.84169274088 0.368672283518
1.84110282976 0.369697637249
1.84051333522 0.367904043147
1.8399242569 0.366029558817
1.83933559442 0.36695222889
1.83874734742 0.367644070029
1.83815951553 0.366668614324
1.83757209839 0.367421561277
1.83698509563 0.367459677574
1.83639850687 0.369277436454
1.83581233177 0.369039305714
1.83522656995 0.367719651632
1.83464122104 0.369114900148
1.83405628469 0.369301518598
1.83347176053 0.37166820602
1.83288764819 0.370683581277
1.83230394732 0.370174519885
1.83172065754 0.373019901357
1.83113777851 0.372689819867
1.83055530985 0.371328354731
1.82997325121 0.371071106337
1.82939160223 0.371851693546
1.82881036254 0.373445559756
1.82822953179 0.374659192396
1.82764910961 0.373545878616
1.82706909564 0.371472190219
1.82648948954 0.371945541936
1.82591029093 0.374215656036
1.82533149947 0.3744694704
1.82475311479 0.373002633756
1.82417513654 0.372123785355
1.82359756436 0.374281576999
1.8230203979 0.37491058078
1.8224436368 0.374581793464
1.8218672807 0.374183357734
1.82129132924 0.374661939206
1.82071578209 0.37615629811
1.82014063887 0.376900076621
1.81956589925 0.37633853924
1.81899156285 0.374865788471
1.81841762934 0.376305667497
1.81784409836 0.377587953657
1.81727096955 0.378255340377
1.81669824257 0.377182709554
1.81612591706 0.375043290011
1.81555399268 0.377513372726
1.81498246907 0.380403977433
1.81441134589 0.374449628477
1.81384062277 0.372303759668
1.81327029939 0.376166398752
1.81270037538 0.379004740839
1.8121308504 0.378818750495
1.8115617241 0.375909147934
1.81099299613 0.374825911953
1.81042466614 0.377676273277
1.8098567338 0.378978160374
1.80928919875 0.378611428204
1.80872206065 0.375700686163
1.80815531915 0.376964955008
1.8075889739 0.378754688974
1.80702302457 0.379344618001
1.80645747081 0.376857025526
1.80589231227 0.374947324776
1.80532754861 0.378507898386
1.80476317949 0.382176363486
1.80419920456 0.380166050232
1.80363562349 0.377872047492
1.80307243593 0.376599578144
1.80250964154 0.378061069566
1.80194723998 0.380294500455
1.8013852309 0.382114361013
1.80082361398 0.381633513931
1.80026238886 0.381724708348
1.79970155521 0.382332027204
1.7991411127 0.381960681508
1.79858106097 0.381415006308
1.7980213997 0.379210011754
1.79746212854 0.379484751516
1.79690324716 0.383679346612
1.79634475522 0.385419124552
1.79578665238 0.383783983083
1.79522893832 0.381977318045
1.79467161268 0.379838069226
1.79411467514 0.379688297166
1.79355812536 0.382211959649
1.79300196301 0.381277638063
1.79244618776 0.379014865058
1.79189079926 0.379832632639
1.79133579718 0.382308780352
1.7907811812 0.38503163672
1.79022695098 0.382219216107
1.78967310618 0.380337770176
1.78911964648 0.38200570364
1.78856657154 0.383381253106
1.78801388104 0.386181967347
1.78746157463 0.386903676356
1.786909652 0.385083353323
1.7863581128 0.383171946761
1.78580695672 0.383216823317
1.78525618342 0.386921498141
1.78470579257 0.38553583933
1.78415578384 0.385988192117
1.78360615692 0.384651418548
1.78305691146 0.383130804748
1.78250804714 0.384971431805
1.78195956363 0.386335764698
1.78141146061 0.384899019001
1.78086373776 0.38288865802
1.78031639473 0.386038889433
1.77976943122 0.385535928874
1.77922284689 0.387237498081
1.77867664142 0.389308862614
1.77813081449 0.386718828714
1.77758536576 0.387397303732
1.77704029493 0.38852517733
1.77649560166 0.386779005039
1.77595128563 0.388094570578
1.77540734652 0.387183759392
1.774863784 0.385320924482
1.77432059776 0.387045384769
1.77377778748 0.388083348219
1.77323535283 0.38765973599
1.77269329348 0.386582807504
1.77215160913 0.38976067966
1.77161029946 0.388087411121
1.77106936413 0.388233360024
1.77052880284 0.391567524395
1.76998861526 0.391913876403
1.76944880107 0.388169295389
1.76890935997 0.390028982649
1.76837029162 0.390699028167
1.76783159572 0.390432052305
1.76729327194 0.390680033616
1.76675531997 0.386813181241
1.76621773949 0.387237326656
1.76568053019 0.389896759329
1.76514369175 0.388295339464
1.76460722385 0.390384633644
1.76407112619 0.391252449441
1.76353539844 0.390013722664
1.7630000403 0.389901542776
1.76246505144 0.392714545769
1.76193043156 0.393262393145
1.76139618034 0.395075687722
1.76086229748 0.394692216482
1.76032878265 0.392045436409
1.75979563554 0.393589863745
1.75926285585 0.394610962255
1.75873044326 0.394674149756
1.75819839746 0.395554013689
1.75766671815 0.395176218233
1.757135405 0.3926157018
1.75660445772 0.391470901255
1.75607387599 0.391812335189
1.7555436595 0.393385446281
1.75501380794 0.395266223632
1.75448432101 0.396319501869
1.7539551984 0.393383605013
1.7534264398 0.394001874475
1.7528980449 0.393326148507
1.7523700134 0.396211035742
1.75184234498 0.394678908903
1.75131503935 0.394095825884
1.75078809619 0.393973331607
1.75026151521 0.392070956568
1.74973529609 0.394835901521
1.74920943853 0.395992407251
1.74868394223 0.39784277956
1.74815880688 0.396249342096
1.74763403218 0.394733533103
1.74710961783 0.39096032773
1.74658556351 0.393805092151
1.74606186894 0.395759213201
1.7455385338 0.396453440655
1.7450155578 0.395677896863
1.74449294063 0.397813180302
1.74397068199 0.394165058704
1.74344878158 0.394691353052
1.7429272391 0.396521610299
1.74240605424 0.397268685368
1.74188522672 0.398646230527
1.74136475623 0.39783095775
1.74084464247 0.39709663842
1.74032488513 0.397031778884
1.73980548393 0.397210225405
1.73928643856 0.399265319207
1.73876774873 0.401061341215
1.73824941414 0.399422658047
1.73773143449 0.401106264659
1.73721380948 0.398811869601
1.73669653881 0.397730777356
1.7361796222 0.39701961425
1.73566305935 0.39953877242
1.73514684995 0.40040936898
1.73463099371 0.400868747746
1.73411549035 0.401774325654
1.73360033956 0.398658930885
1.73308554104 0.398300144992
1.73257109452 0.398517961349
1.73205699968 0.40179369103
1.73154325625 0.402791599883
1.73102986392 0.401394582805
1.7305168224 0.401700687652
1.73000413141 0.399503572389
1.72949179064 0.398648604101
1.72897979981 0.397298164142
1.72846815862 0.399665746115
1.7279568668 0.400368198574
1.72744592403 0.401747240763
1.72693533004 0.402257316231
1.72642508453 0.403310468014
1.72591518721 0.402294300265
1.72540563781 0.40070477567
1.72489643601 0.40028808768
1.72438758154 0.400884421169
1.72387907412 0.399800217461
1.72337091344 0.399238272859
1.72286309922 0.402297196867
1.72235563118 0.403354256428
1.72184850903 0.400665759061
1.72134173248 0.402688383041
1.72083530124 0.402387688178
1.72032921503 0.401764065877
1.71982347357 0.400160438062
1.71931807656 0.401116255771
1.71881302373 0.401013355532
1.71830831478 0.400244830425
1.71780394944 0.401989975993
1.71729992741 0.402559936485
1.71679624842 0.401115776776
1.71629291219 0.402977775797
1.71578991842 0.399277821466
1.71528726683 0.402109586683
1.71478495715 0.402664287751
1.71428298909 0.403411204561
1.71378136236 0.403439622558
1.7132800767 0.402931636453
1.71277913181 0.404653719132
1.71227852741 0.406457217599
1.71177826323 0.404704844204
1.71127833898 0.405333283351
1.71077875438 0.406861985664
1.71027950916 0.40507479216
1.70978060303 0.406928254844
1.70928203572 0.405620567861
1.70878380694 0.404688600905
1.70828591642 0.403095481929
1.70778836388 0.40734955346
1.70729114904 0.405579243604
1.70679427163 0.403989651701
1.70629773136 0.405878152395
1.70580152797 0.406479981975
1.70530566116 0.406665143703
1.70481013067 0.404951751086
1.70431493623 0.407385445515
1.70382007755 0.409136476304
1.70332555436 0.40699662767
1.70283136638 0.408771190768
1.70233751334 0.407310260923
1.70184399497 0.406127340546
1.70135081099 0.406521878171
1.70085796113 0.408337557775
1.70036544511 0.410126553678
1.69987326266 0.40929141801
1.69938141351 0.40944614792
1.69888989739 0.410374792329
1.69839871401 0.410032779615
1.69790786312 0.411935188375
1.69741734444 0.411757583865
1.69692715769 0.41233120782
1.69643730261 0.411471021708
1.69594777893 0.412906384388
1.69545858637 0.412102158804
1.69496972467 0.410761489724
1.69448119355 0.408007156376
1.69399299275 0.411657757893
1.69350512199 0.414450872052
1.69301758101 0.413999780929
1.69253036954 0.410852061131
1.69204348731 0.413229945191
1.69155693405 0.413486714323
1.69107070949 0.414690453847
1.69058481338 0.416335573833
1.69009924543 0.413816206692
1.68961400538 0.412752179193
1.68912909297 0.412515861013
1.68864450792 0.413926267422
1.68816024998 0.415309250026
1.68767631888 0.41265915068
1.68719271435 0.414733877202
1.68670943613 0.415553801551
1.68622648395 0.417898918359
1.68574385755 0.417760873087
1.68526155666 0.414269824413
1.68477958102 0.414701373102
1.68429793037 0.415562627068
1.68381660444 0.415660601505
1.68333560296 0.415165594714
1.68285492569 0.414970204828
1.68237457235 0.416170550847
1.68189454268 0.415309340849
1.68141483642 0.41647311859
1.6809354533 0.418309190764
1.68045639308 0.418688377665
1.67997765548 0.421334532102
1.67949924025 0.419310810482
1.67902114712 0.418518183882
1.67854337583 0.417300968806
1.67806592613 0.417500425926
1.67758879775 0.419812386955
1.67711199044 0.419280619467
1.67663550394 0.423912017805
1.67615933798 0.425191423142
1.67568349231 0.421811941013
1.67520796668 0.420476340304
1.67473276082 0.423682828818
1.67425787447 0.421227015549
1.67378330738 0.421803861344
1.67330905929 0.424269159169
1.67283512995 0.424427149929
1.67236151909 0.422031664142
1.67188822647 0.422466575092
1.67141525182 0.421704047945
1.67094259489 0.421262561813
1.67047025543 0.422392201458
1.66999823318 0.42396190486
1.66952652788 0.42374564952
1.66905513928 0.422564707584
1.66858406713 0.424678729568
1.66811331117 0.420884361142
1.66764287115 0.421852113038
1.66717274682 0.42640110041
1.66670293792 0.425320221106
1.6662334442 0.425008796917
1.6657642654 0.425811962842
1.66529540128 0.424156724363
1.66482685158 0.42682146621
1.66435861605 0.426521440884
1.66389069445 0.428080972146
1.66342308651 0.425991510898
1.66295579199 0.426521317147
1.66248881063 0.424206440431
1.66202214219 0.426665692717
1.66155578642 0.427055121568
1.66108974307 0.426362571735
1.66062401188 0.428923940283
1.66015859261 0.42612498933
1.65969348501 0.424666058526
1.65922868883 0.426826515893
1.65876420382 0.426491814794
1.65830002973 0.428215424696
1.65783616633 0.426381524155
1.65737261335 0.426216316304
1.65690937055 0.42615030491
1.65644643768 0.426825944118
1.65598381451 0.427061100584
1.65552150077 0.429484582042
1.65505949623 0.427792015905
1.65459780063 0.428686964865
1.65413641374 0.428636831905
1.65367533531 0.426819296479
1.65321456509 0.431531116028
1.65275410283 0.42840664039
1.6522939483 0.428764234985
1.65183410125 0.425665145566
1.65137456143 0.426811770921
1.6509153286 0.427462703453
1.65045640252 0.425839859354
1.64999778294 0.428932710822
1.64953946963 0.42928950022
1.64908146233 0.429473681824
1.64862376081 0.429141385671
1.64816636482 0.430197780932
1.64770927412 0.427847998744
1.64725248847 0.430039434361
1.64679600763 0.428137205143
1.64633983135 0.428552394798
1.64588395941 0.428695361175
1.64542839154 0.428013870488
1.64497312753 0.429917004649
1.64451816711 0.427289858762
1.64406351006 0.429293898593
1.64360915614 0.431183479429
1.64315510511 0.429767334584
1.64270135672 0.431670024123
1.64224791074 0.432115293766
1.64179476693 0.432636348376
1.64134192505 0.429123095264
1.64088938486 0.429178380511
1.64043714613 0.43162599202
1.63998520862 0.431691620002
1.63953357209 0.43142180165
1.6390822363 0.433942410674
1.63863120102 0.436170494441
1.63818046601 0.437299795206
1.63773003104 0.433558518394
1.63727989586 0.431615323187
1.63683006025 0.433958981221
1.63638052396 0.436376340319
1.63593128677 0.43406850957
1.63548234843 0.43234306129
1.63503370871 0.432797804988
1.63458536739 0.434044551709
1.63413732422 0.436393044742
1.63368957896 0.43399486418
1.6332421314 0.434635791595
1.63279498129 0.43377015567
1.63234812839 0.437574190655
1.63190157249 0.438988617446
1.63145531334 0.43956428746
1.63100935071 0.436171980338
1.63056368437 0.434201265548
1.63011831408 0.437332990654
1.62967323963 0.439617098591
1.62922846077 0.43636132129
1.62878397727 0.433311940901
1.62833978891 0.434076774687
1.62789589544 0.437377827662
1.62745229665 0.441543910432
1.6270089923 0.438384157704
1.62656598217 0.434007148569
1.62612326601 0.435669345761
1.62568084361 0.437472203117
1.62523871473 0.438182996071
1.62479687915 0.439429463306
1.62435533663 0.436704478667
1.62391408695 0.440156574512
1.62347312988 0.442276408717
1.62303246519 0.440783096519
1.62259209265 0.436297087637
1.62215201205 0.437885970965
1.62171222314 0.440977224985
