2.0750416575921937, 0.586974865203864
2.074698940808792, 0.5691785173239506
2.0746166887807753, 0.5649073938327714
2.074315098011382, 0.5492466076984477
2.074123176612677, 0.5392806528856962
2.0738764205286278, 0.5264672824121586
2.0732732389898407, 0.49514571014351116
2.072766018150406, 0.4688071152812394
2.072724892136398, 0.4666715535356498
2.072313631996316, 0.4453159360797537
2.0719846238842505, 0.42823144211503694
2.0717927024855456, 0.4182654873022855
2.0715459464014963, 0.4054521168287478
2.0802920787139074, 0.535009529394517
2.077961604586776, 0.4139943638111063
2.1098205567717976, 0.4453159360797537
2.1619409251915265, 0.5549414390200199
2.1617764211354937, 0.5463991920376615
2.16172158645015, 0.5435517763768755
2.1604878060299035, 0.4794849240091874
2.1601862152605102, 0.46382413787486365
2.160021711204477, 0.45528189089250526
2.159774955120428, 0.44246852041896767
2.1596104510643954, 0.43392627343660917
2.1594459470083622, 0.4253840264542508
2.1593911123230183, 0.4225366107934647
2.1587056787562147, 0.386943915033638
2.521814110770308, 0.9019702226783302
2.5280172845498785, 0.8994787339751422
2.535378841057347, 0.903038003551125
2.537394015743749, 0.8994787339751422
2.5468667076369718, 0.904461711381518
2.5468118729516274, 0.9016142957207318
2.5593964332381374, 0.905885419211911
2.559341598552793, 0.903038003551125
2.5729406005181725, 0.905885419211911
2.5687183297466634, 0.903038003551125
2.5844284670977973, 0.9073091270423042
2.584373632412453, 0.904461711381518
2.596958192698963, 0.9087328348726972
2.596903358013619, 0.905885419211911
2.610502359978998, 0.9087328348726972
2.606280089207489, 0.905885419211911
2.621990226558623, 0.9101565427030902
2.6219353918732784, 0.9073091270423042
2.6345199521597884, 0.9115802505334833
2.634465117474444, 0.9087328348726972
2.6470222604182823, 0.9115802505334833
2.646974280068606, 0.9090887618302954
2.659551986019448, 0.9130039583638765
2.659497151334104, 0.9101565427030902
2.6720542942779417, 0.9130039583638765
2.6719994595925978, 0.9101565427030902
2.6845566025364356, 0.9130039583638765
2.684501767851091, 0.9101565427030902
2.6970589107949294, 0.9130039583638765
2.697004076109585, 0.9101565427030902
2.7095612190534233, 0.9130039583638765
2.709506384368079, 0.9101565427030902
2.7220361099692445, 0.9115802505334833
2.7219812752839005, 0.9087328348726972
2.7345247095564025, 0.9108683966182868
2.734469874871058, 0.9080209809575006
2.7344287488570496, 0.905885419211911
2.746985891800888, 0.9087328348726972
2.7469310571155434, 0.905885419211911
2.7541783746952113, 0.9035125728279225
2.759447074045373, 0.9065972731271076
2.76562968481794, 0.903038003551125
2.771921964961195, 0.9051735652967146
2.7728770023976077, 0.9006651571671365
2.7843831472056806, 0.903038003551125
2.784328312520336, 0.9001905878903388
2.791575630100004, 0.8978177415063504
2.796844329450166, 0.9009024418055354
2.804068799244274, 0.8973431722295526
2.802972105537388, 0.8944957565687666
2.8155155398098906, 0.8966313183143562
2.815460705124546, 0.89378390265357
2.8154195791105376, 0.8916483409079804
2.82796301338304, 0.89378390265357
2.8279081786976956, 0.8909364869927838
2.8247551842904, 0.8895127791623908
2.835132648491803, 0.8873772174168012
2.8404104869561895, 0.8909364869927838
2.847634956750297, 0.8873772174168012
2.8465245543720754, 0.8838179478408186
2.855969828922626, 0.8873772174168012
2.8590405713019056, 0.884529801756015
2.858985736616561, 0.881682386095229
2.8662239150820046, 0.8788349704344428
2.871501753546391, 0.8823942400104254
2.8713715211686983, 0.8756316278160584
2.8787262233404984, 0.8788349704344428
2.8786165539698096, 0.8731401391128706
2.8837504513851675, 0.8692249425792895
2.8870336781701553, 0.8774112626040498
2.8901044205494344, 0.8745638469432636
2.89004958586409, 0.8717164312824774
2.889939916493402, 0.8660215999609051
2.8972877643295343, 0.8688690156216914
2.8971780949588455, 0.863174184300119
2.902305138038535, 0.8589030608089399
2.905595219159191, 0.8674453077912982
2.9086522528671344, 0.8638860382153155
2.90859741818179, 0.8610386225545295
2.909543316503979, 0.8560556451481537
2.905334754403806, 0.8539200834025641
2.914670359583668, 0.8517845216569745
2.9146223792339914, 0.8492930329537867
2.9179604407043245, 0.860326768639333
2.9210174744122672, 0.8567674990633503
2.9209626397269233, 0.8539200834025641
2.9218537033637673, 0.8460896903354023
2.928187109521031, 0.8503608138265815
2.927001309450461, 0.8428863477170179
2.934356011622261, 0.8460896903354023
2.9342463422515728, 0.8403948590138299
2.939393948338266, 0.8371915163954455
2.942636049109246, 0.8432422746746161
2.9457067914885253, 0.8403948590138299
2.945597122117837, 0.8347000276922577
2.951903110932428, 0.8375474433530439
2.9517934415617395, 0.8318526120314715
2.9580994303763304, 0.8347000276922577
2.957989761005642, 0.8290051963706855
2.9579349263202976, 0.8261577807098993
2.964295749820233, 0.8318526120314715
2.9641312457642, 0.8233103650491131
2.9640832654145237, 0.8208188763459253
2.9704783605927996, 0.8282933424554889
2.9704235259074556, 0.8254459267947027
2.9713145895442996, 0.8176155337275408
2.967106027444127, 0.8154799719819512
2.977647995701563, 0.8218866572187201
2.97748349164553, 0.8133444102363616
2.973274929545357, 0.811208848490772
2.983816897802793, 0.8176155337275408
2.9836523937467607, 0.8090732867451824
2.9825419913685387, 0.8055140171691998
2.988943940882483, 0.8133444102363616
2.9887246021411054, 0.8019547475932172
2.9886697674557614, 0.799107331932431
2.9886217871060854, 0.7966158432292432
2.9951265516550496, 0.8097851406603791
2.995071716969705, 0.8069377249995928
2.995016882284361, 0.8040903093388068
2.995853111235861, 0.7934125006108588
2.991644549135688, 0.7912769388652692
3.0022413520784683, 0.800531039762824
3.001130949700247, 0.7969717701868414
3.0020220133370916, 0.7891413771196796
3.0009116109588696, 0.7855821075436968
2.9977586165515744, 0.7841583997133038
3.0083554194943547, 0.7934125006108588
3.008136080752977, 0.7820228379677142
3.007025678374756, 0.7784635683917316
3.0038726839674608, 0.7770398605613384
3.013468753902708, 0.788429523204483
3.0134139192173635, 0.7855821075436968
3.0142501481688635, 0.7749042988157488
3.0131397457906424, 0.7713450292397662
3.013084911105298, 0.76849761357898
3.0195828213185942, 0.7813109840525176
3.01952798663325, 0.7784635683917316
3.0203093808994055, 0.7649383440029974
3.0191989785211844, 0.7613790744270147
3.0256968887344806, 0.7741924449005523
3.025642054049136, 0.7713450292397662
3.025587219363792, 0.76849761357898
3.026423448315292, 0.7578198048510321
3.0253130459370707, 0.7542605352750494
3.0328116891578993, 0.7649383440029974
3.0317012867796778, 0.7613790744270147
3.032537515731178, 0.7507012656990667
3.0314271133529562, 0.7471419961230841
3.0313722786676123, 0.7442945804622979
3.0282192842603166, 0.7428708726319049
3.0389257565737857, 0.7578198048510321
3.037815354195564, 0.7542605352750494
3.03859674846172, 0.7407353108863153
3.037486346083498, 0.7371760413103325
3.0374315113981543, 0.7343286256495465
3.03737667671281, 0.7314812099887603
3.034223682305514, 0.7300575021583673
3.0439979649681304, 0.7507012656990667
3.0439431302827864, 0.7478538500382805
3.043888295597442, 0.7450064343774945
3.0435592874853765, 0.7279219404127777
3.043504452800032, 0.7250745247519915
3.043449618114688, 0.7222271090912054
3.0433947834293438, 0.7193796934304192
3.0469590379767215, 0.7421590187167083
3.0500160716846647, 0.7385997491407257
3.0499612369993203, 0.7357523334799395
3.049906402313976, 0.7329049178191533
3.0498515676286315, 0.7300575021583673
3.050632961894787, 0.7165322777696331
3.049522559516566, 0.7129730081936504
3.0494677248312216, 0.7101255925328643
3.0463147304239264, 0.7087018847024712
3.056034178401198, 0.7264982325823846
3.055979343715854, 0.7236508169215985
3.0559245090305094, 0.7208034012608123
3.0556503356037883, 0.7065663229568816
3.055595500918444, 0.7037189072960955
3.0555406662330995, 0.7008714916353094
3.0589952514097885, 0.7179559856000262
3.0620659937890675, 0.71510856993924
3.0620111591037236, 0.7122611542784539
3.0619563244183796, 0.7094137386176678
3.061736985677002, 0.6980240759745232
3.0616821509916576, 0.695176660313737
3.0616273163063137, 0.692329244652951
3.0615793359566377, 0.689837755949763
3.068138935190946, 0.7058544690416851
3.068084100505602, 0.703007053380899
3.0680292658202575, 0.7001596377201128
3.068810660086413, 0.6866344133313786
3.067700257708192, 0.683075143755396
3.0676454230228476, 0.6802277280946099
3.074198167921488, 0.6958885142289336
3.074143333236144, 0.6930410985681474
3.0740884985507995, 0.6901936829073614
3.074869892816955, 0.6766684585186272
3.073759490438734, 0.6731091889426446
3.0737046557533896, 0.6702617732818584
3.073649821068045, 0.6674143576210723
3.073594986382701, 0.6645669419602861
3.0735401516973564, 0.6617195262995
3.070387157290061, 0.6602958184691069
3.0802574006520294, 0.6859225594161822
3.0802025659666854, 0.683075143755396
3.080147731281341, 0.6802277280946099
3.080764621491464, 0.6581602567235173
3.0796542191132428, 0.6546009871475347
3.0795993844278984, 0.6517535714867485
3.079544549742554, 0.6489061558259624
3.0794897150572096, 0.6460587401651763
3.0794348803718656, 0.6432113245043901
3.083204764989284, 0.6766684585186272
3.0862755073685637, 0.6738210428578411
3.0862206726832193, 0.670973627197055
3.086165837997875, 0.6681262115362688
3.0861110033125305, 0.6652787958754827
3.086056168627186, 0.6624313802146965
3.085617491144432, 0.6396520549284075
3.085562656459088, 0.6368046392676213
3.0855078217737435, 0.6339572236068352
3.0854529870883995, 0.6311098079460491
3.089126911006465, 0.6595839645539104
3.0890720763211212, 0.6567365488931243
3.0921291100290644, 0.6531772793171416
3.09207427534372, 0.6503298636563555
3.092019440658376, 0.6474824479955693
3.0919646059730317, 0.6446350323347831
3.0919097712876873, 0.6417876166739971
3.092691165553843, 0.6282623922852629
3.091580763175622, 0.6247031227092803
3.088427768768326, 0.6232794148788872
3.098092382060254, 0.6382283470980143
3.0980375473749096, 0.6353809314372283
3.097982712689565, 0.6325335157764421
3.0977633739481885, 0.6211438531332976
3.097708539262844, 0.6182964374725114
3.0976537045774997, 0.6154490218117253
3.0975988698921553, 0.6126016061509392
3.097544035206811, 0.609754190490153
3.097489200521467, 0.606906774829367
3.0974343658361225, 0.6040593591685808
3.1010534550688442, 0.629686100115656
3.1041241974481233, 0.6268386844548699
3.104069362762779, 0.6239912687940837
3.103630685280025, 0.6012119435077946
3.103575850594681, 0.5983645278470086
3.1035210159093367, 0.5955171121862224
3.1034661812239923, 0.5926696965254362
3.103411346538648, 0.58982228086465
3.1033565118533035, 0.586974865203864
3.103301677167959, 0.5841274495430778
3.1071401051420584, 0.6211438531332976
3.1101971388500016, 0.6175845835573149
3.110142304164657, 0.6147371678965288
3.1100874694793132, 0.6118897522357426
3.110032634793969, 0.6090423365749565
3.1099778001086245, 0.6061949209141704
3.10992296542328, 0.6033475052533842
3.1105398556334034, 0.5812800338822917
3.109429453255182, 0.577720764306309
3.1093746185698374, 0.5748733486455229
3.1093197838844935, 0.5720259329847368
3.109264949199149, 0.5691785173239506
3.1092101145138047, 0.5663311016631645
3.1091552798284603, 0.5634836860023783
3.106002285421165, 0.5620599781719853
3.1129799991312233, 0.5997882356774016
3.1160507415105023, 0.5969408200166154
3.115995906825158, 0.5940934043558294
3.115941072139814, 0.5912459886950432
3.11588623745447, 0.588398573034257
3.1158314027691256, 0.5855511573734709
3.115337890601027, 0.5599244164263957
3.1152830559156826, 0.5570770007656095
3.115228221230338, 0.5542295851048235
3.115173386544994, 0.5513821694440373
3.11511855185965, 0.5485347537832511
3.115063717174306, 0.5456873381224651
3.1150088824889615, 0.5428399224616789
3.114960902139285, 0.540348433758491
3.1189021451484047, 0.5827037417126848
3.1188473104630603, 0.5798563260518986
3.1219043441710035, 0.576297056475916
3.121849509485659, 0.5734496408151298
3.1217946748003147, 0.5706022251543437
3.1217398401149707, 0.5677548094935576
3.1216850054296263, 0.5649073938327714
3.1216301707442824, 0.5620599781719853
3.122192226269061, 0.5371450911401066
3.1210818238908393, 0.5335858215641239
3.121026989205495, 0.5307384059033378
3.1209721545201505, 0.5278909902425517
3.1209173198348066, 0.5250435745817655
3.1208624851494626, 0.5221961589209794
3.1208076504641182, 0.5193487432601933
3.1246872044522247, 0.5585007085960026
3.127744238160168, 0.5549414390200199
3.127689403474824, 0.5520940233592339
3.1276345687894795, 0.5492466076984477
3.1275797341041356, 0.5463991920376615
3.127524899418791, 0.5435517763768755
3.127470064733447, 0.5407043607160893
3.1280321202582257, 0.5157894736842106
3.126921717880004, 0.512230204108228
3.1268668831946598, 0.5093827884474418
3.126812048509316, 0.5065353727866556
3.1267572138239714, 0.5036879571258696
3.126702379138627, 0.5008405414650834
3.1235493847313314, 0.49941683363469036
3.13052709844139, 0.5371450911401066
3.133584132149333, 0.5335858215641239
3.133529297463989, 0.5307384059033378
3.1334744627786444, 0.5278909902425517
3.1334196280933, 0.5250435745817655
3.133364793407956, 0.5221961589209794
3.1333099587226116, 0.5193487432601933
3.1339268489327345, 0.49728127188910076
3.1328164465545134, 0.493722002313118
3.132761611869169, 0.49087458665233197
3.1327067771838246, 0.4880271709915458
3.136366992430555, 0.5157894736842106
3.139437734809834, 0.5129420580234244
3.13938290012449, 0.5100946423626384
3.1393280654391456, 0.5072472267018522
3.139273230753801, 0.504399811041066
3.1392183960684568, 0.50155239538028
3.1388893879563913, 0.48446790141556306
3.138834553271047, 0.481620485754777
3.1387797185857025, 0.47877307009399084
3.1387317382360265, 0.476281581390803
3.142289138447736, 0.4987049797194938
3.145346172155679, 0.49514571014351116
3.1452913374703346, 0.492298294482725
3.1452365027849902, 0.48945087882193883
3.1451816680996463, 0.48660346316115266
3.145963062365802, 0.4730782387724186
3.1448526599875803, 0.4695189691964359
3.1447978253022364, 0.4666715535356498
3.144742990616892, 0.46382413787486365
3.1513642788722125, 0.48304419358517003
3.1513094441868685, 0.48019677792438387
3.151254609501524, 0.4773493622635978
3.1509256013894587, 0.4602648682988809
3.1508707667041143, 0.45741745263809486
3.1508159320187703, 0.4545700369773087
3.150761097333426, 0.4517226213165225
3.1507131169837495, 0.4492311326133347
3.1543253518808037, 0.47450194660281164
3.1573960942600827, 0.4716545309420255
3.1573412595747383, 0.4688071152812394
3.157286424889394, 0.46595969962045325
3.1572315902040495, 0.4631122839596671
3.156902582091984, 0.4460277899949503
3.1568477474066396, 0.44318037433416413
3.1567929127212957, 0.44033295867337807
3.1567380780359513, 0.4374855430125919
3.1566900976862753, 0.43499405430940397
3.163414200976616, 0.45955301438368445
3.1633593662912722, 0.4567055987228983
3.163304531605928, 0.4538581830621121
3.163249696920584, 0.45101076740132606
3.1631948622352395, 0.4481633517405399
3.1639214218160507, 0.43179071169101957
3.1628110194378296, 0.42823144211503694
3.162756184752485, 0.4253840264542508
3.162701350067141, 0.4225366107934647
3.1626465153817964, 0.41968919513267855
3.162591680696452, 0.4168417794718924
3.159438686289157, 0.41541807164149935
3.1693774730078057, 0.44460408216455727
3.1693226383224617, 0.4417566665037711
3.1692678036371174, 0.43890925084298493
3.169212968951773, 0.43606183518219876
3.1687742914690187, 0.41328250989590976
3.1687194567836743, 0.4104350942351236
3.16866462209833, 0.4075876785743374
3.168609787412986, 0.40474026291355136
3.1685549527276415, 0.4018928472527652
3.1685001180422976, 0.399045431591979
3.168445283356953, 0.39619801593119297
3.168390448671609, 0.3933506002704068
3.1683424683219323, 0.390859111567219
3.172283711331052, 0.4332144195214127
3.1722288766457076, 0.43036700386062654
3.1752996190249867, 0.4275195881998404
3.1752447843396427, 0.4246721725390543
3.175189949654299, 0.42182475687826815
3.1751351149689544, 0.418977341217482
3.17508028028361, 0.4161299255566959
3.174531933430167, 0.3876557689488346
3.174477098744823, 0.3848083532880484
3.1744222640594786, 0.38196093762726224
3.1743674293741346, 0.3791135219664761
3.1743125946887902, 0.37626610630569
3.1742646143391138, 0.3737746176025021
3.178151022662889, 0.41328250989590976
3.1780961879775447, 0.4104350942351236
3.181153221685488, 0.40687582465914096
3.1810983870001435, 0.4040284089983548
3.1810435523147995, 0.4011809933375686
3.180988717629455, 0.39833357767678257
3.180933882944111, 0.3954861620159964
3.1808790482587668, 0.39263874635521023
3.1808242135734224, 0.3897913306944242
3.1814959384688897, 0.3705712749841177
3.180385536090668, 0.36701200540813506
3.177232541683373, 0.365588297577742
3.186993115674653, 0.385520207203245
3.1869382809893088, 0.3826727915424588
3.1868834463039644, 0.37982537588167264
3.18682861161862, 0.3769779602208865
3.1867737769332756, 0.3741305445601004
3.1876100058847756, 0.36345273583215243
3.1929426790345063, 0.3698594210689212
3.192887844349162, 0.36701200540813506
3.1990704551217286, 0.36345273583215243
3.199015620436384, 0.36060532017136626
3.21154534603755, 0.3620290280017593
3.211490511352206, 0.35918161234097323
3.2187286898176493, 0.35633419668018707
3.2240065282820356, 0.3598934662561697
3.2248975919188796, 0.35206307318900787
3.230189139054602, 0.35633419668018707
3.2300246349985695, 0.3477919496978287
3.2363717498271685, 0.3527749271042043
3.2363169151418245, 0.34992751144341827
3.237262813464013, 0.3449445340370425
3.23305425136384, 0.3428089722914529
3.2423898565437024, 0.3406734105458633
3.242335021858358, 0.33782599488507714
3.2456799376643586, 0.3492156575282217
3.245625102979014, 0.34636824186743553
3.2486958453582933, 0.3435208262066495
3.248531341302261, 0.3349785792242911
3.2484765066169166, 0.3321311635635049
3.248421671931572, 0.32928374790271875
3.2483736915818957, 0.3267922591995309
3.25487845613086, 0.33996155663066674
3.2548236214455155, 0.3371141409698807
3.2556050157116716, 0.3235889165811465
3.25449461333345, 0.3200296470051638
3.2544397786481056, 0.31718223134437773
3.2609925235467463, 0.3328430174787015
3.260937688861402, 0.3299956018179153
3.2608828541760575, 0.32714818615712915
3.2616642484422136, 0.313622961768395
3.260553846063992, 0.31006369219241237
3.267065464948624, 0.3235889165811465
3.2670106302632798, 0.32074150092036036
3.2669557955779354, 0.3178940852595742
3.2667364568365587, 0.30650442261642974
3.266688476486882, 0.3040129339132418
3.273138406350502, 0.31433481568359156
3.2730835716651576, 0.3114874000228054
3.2730287369798137, 0.30863998436201934
3.2739198006166577, 0.3008095912948574
3.2792113477523803, 0.3050807147860366
3.2790536980320155, 0.29689439476127644
3.2823917595023477, 0.30792813044682277
3.285407667196283, 0.30223329912525043
3.285352832510939, 0.2993858834644644
3.28524316314025, 0.29369105214289204
3.2925910109763823, 0.2965384678036782
3.2924813416056935, 0.290843636482106
3.2976152390210514, 0.286928439948525
3.300898465806039, 0.2951147599732852
3.3039692081853183, 0.292267344312499
3.3039143734999743, 0.28941992865171284
3.303811558464954, 0.28408102428773885
3.310110692943877, 0.2865725129909268
3.3100078779088564, 0.2812336086269527
3.3132911046938442, 0.28941992865171284
3.3163070123877794, 0.2837250973301406
3.316204197352759, 0.2783861929661666
3.319487424137747, 0.2865725129909268
3.322503331831682, 0.28087768166935456
3.3223936624609935, 0.2751828503477822
3.3256837435816498, 0.2837250973301406
3.3297415102971257, 0.2780302660085683
3.329631840926437, 0.27233543468699617
3.328521438548216, 0.26877616511101343
3.3284666038628714, 0.26592874945022715
3.328411769177527, 0.2630813337894411
3.3283569344921826, 0.26023391812865504
3.3345395452647493, 0.2566746485526723
3.334484710579405, 0.25382723289188625
3.3344298758940605, 0.25097981723109997
3.3343750412087165, 0.2481324015703139
3.3380489651267826, 0.27660655817817537
3.3379941304414382, 0.2737591425173891
3.3410648728207173, 0.27091172685660303
3.3410100381353733, 0.268064311195817
3.3409552034500294, 0.2652168955350307
3.340900368764685, 0.26236947987424464
3.3408455340793406, 0.25952206421345836
3.340571360652619, 0.24528498590952785
3.340516525967275, 0.24243757024874157
3.3404616912819307, 0.23959015458795552
3.3404068565965863, 0.23674273892716946
3.34035887624691, 0.23425125022398152
3.3470281448519072, 0.25596279463747584
3.346973310166563, 0.25311537897668956
3.3469184754812185, 0.2502679633159035
3.346863640795874, 0.24742054765511745
3.3475902003766858, 0.23104790760559712
3.346479797998464, 0.2274886380296144
3.3464249633131202, 0.22464122236882833
3.346370128627776, 0.22179380670804227
3.34321713422048, 0.22037009887764913
3.353032542897105, 0.24314942416393825
3.3529777082117604, 0.24030200850315198
3.352922873526416, 0.23745459284236592
3.352868038841072, 0.23460717718157986
3.353594598421884, 0.21823453713205954
3.352484196043662, 0.2146752675560768
3.352429361358318, 0.21182785189529074
3.352374526672974, 0.20898043623450446
3.3523196919876295, 0.2061330205737184
3.352264857302285, 0.20328560491293235
3.3590369409423024, 0.23033605369040067
3.358982106256958, 0.2274886380296144
3.3589272715716136, 0.22464122236882833
3.3588724368862692, 0.22179380670804227
3.3594893270963926, 0.1997263353369496
3.358378924718171, 0.19616706576096687
3.3619294705942124, 0.21823453713205954
3.3649865043021556, 0.2146752675560768
3.3649316696168112, 0.21182785189529074
3.3648768349314673, 0.20898043623450446
3.364822000246123, 0.2061330205737184
3.364767165560779, 0.20328560491293235
3.365603394512279, 0.19260779618498436
3.3709497763333456, 0.1997263353369496
3.370894941648001, 0.19687891967616356
3.370730437591968, 0.18833667269380516
3.3770912610919037, 0.19403150401537728
3.3770364264065593, 0.19118408835459122
3.3769267570358705, 0.18548925703301888
3.383232745850462, 0.18833667269380516
3.383129930815441, 0.18299776832983117
3.3894290652943644, 0.18548925703301888
3.396667243759808, 0.18264184137223283
3.3924586816596354, 0.18050627962664323
3.4081276929967608, 0.18264184137223283
3.4080728583114164, 0.17979442571144677
3.414433681811352, 0.18548925703301888
3.4218363643328287, 0.19118408835459122
3.420725961954607, 0.18762481877860848
3.421671860276796, 0.18264184137223283
3.4174632981766226, 0.18050627962664323
3.4271827461538953, 0.19830262750655647
3.427127911468551, 0.19545521184577042
3.434585428675372, 0.2039974588281288
3.43347502629715, 0.20043818925214607
3.4343660899339943, 0.19260779618498436
3.433262541891441, 0.18940445356659996
3.430088984477141, 0.18691296486341202
3.4300341497917968, 0.18406554920262597
3.4399318104964376, 0.21111599798009406
3.4398769758110936, 0.208268582319308
3.4396576370697165, 0.19687891967616356
3.4473344930179146, 0.2168108293016664
3.446224090639693, 0.21325155972568366
3.4471151542765375, 0.20542116665852195
3.446004751898316, 0.2018618970825392
3.4428380488196844, 0.1997263353369496
3.4427420881203314, 0.19474335793057396
3.4536678991751777, 0.2210819527928456
3.4534485604338006, 0.20969229014970114
3.460001305332441, 0.2253530762840248
3.459836801276408, 0.2168108293016664
3.4556145305048993, 0.21396341364088034
3.4663347114897043, 0.22962419977520399
3.4661702074336715, 0.2210819527928456
3.4716262586254265, 0.23389532326638318
3.4714617545693933, 0.2253530762840248
3.4779870821253622, 0.23959015458795552
3.477932247440018, 0.23674273892716946
3.477822578069329, 0.23104790760559712
3.4777677433839846, 0.22820049194481107
3.474546205620009, 0.2232175145384352
3.4853897646468384, 0.24528498590952785
3.484279362268617, 0.24172571633354512
3.4851704259054612, 0.23389532326638318
3.4917780054894463, 0.2524035250614931
3.4906676031112243, 0.24884425548551037
3.4915084016198366, 0.23840373139596127
3.4971243873105125, 0.25952206421345836
3.497069552625168, 0.2566746485526723
3.496850213883791, 0.24528498590952785
3.4967953791984465, 0.24243757024874157
3.504581904517333, 0.268064311195817
3.503471502139112, 0.26450504161983424
3.5034166674537675, 0.26165762595904796
3.504307731090612, 0.25382723289188625
3.5031973287123903, 0.2502679633159035
3.5000306256337588, 0.2481324015703139
3.510970145359941, 0.2751828503477822
3.5098597429817193, 0.2716235807717995
3.510641137247875, 0.25809835638306544
3.5173583862025484, 0.2823013894997475
3.516247983824327, 0.27874211992376496
3.517084212775827, 0.268064311195817
3.5159738103976057, 0.26450504161983424
3.5128071073189737, 0.26236947987424464
3.5237466270451563, 0.28941992865171284
3.5226362246669343, 0.2858606590757302
3.5234724536184348, 0.2751828503477822
3.522368905575881, 0.27197950772939783
3.5301348678877633, 0.2965384678036782
3.5290244655095417, 0.2929791982276956
3.529860694461042, 0.2823013894997475
3.5287571464184886, 0.2790980468813631
3.535426415023485, 0.3008095912948574
3.5352070762821084, 0.28941992865171284
3.535152241596764, 0.2865725129909268
3.542774262859618, 0.30365700695564357
3.5426645934889294, 0.29796217563407124
3.541554191110708, 0.2944029060580886
3.5383874880320763, 0.292267344312499
3.54806580999534, 0.30792813044682277
3.5554136578314726, 0.31077554610760894
3.5553039884607838, 0.3050807147860366
3.551081717689275, 0.30223329912525043
3.5510268830039307, 0.2993858834644644
3.5607052049671943, 0.31504666959878813
3.5670660284671296, 0.32074150092036036
3.567011193781785, 0.3178940852595742
3.566901524411097, 0.31219925393800196
3.566853544061421, 0.30970776523481414
3.563666277975785, 0.30650442261642974
3.5734268519670653, 0.3264363322419326
3.573372017281721, 0.3235889165811465
3.573207513225688, 0.31504666959878813
3.580829534488542, 0.3321311635635049
3.57971913211032, 0.3285718939875222
3.5806101957471648, 0.32074150092036036
3.5763879249756556, 0.3178940852595742
3.587162940645805, 0.3364022870546841
3.58694817146154, 0.32524990904993833
3.5934963468030685, 0.3406734105458633
3.5933318427470358, 0.3321311635635049
3.5891095719755266, 0.32928374790271875
3.5987878939387903, 0.3449445340370425
3.5986233898827575, 0.3364022870546841
3.6050938827533816, 0.3477919496978287
3.604984213382693, 0.34209711837625634
3.6049293786973484, 0.3392497027154703
3.601707840933373, 0.3342667253090945
3.612441730589514, 0.35063936535861473
3.6123320612188254, 0.3449445340370425
3.625026290876024, 0.3549104888497939
3.6239158884978027, 0.3513512192738113
3.623867908148126, 0.34885973057062347
3.6206943507338263, 0.34636824186743553
3.636568992140993, 0.35918161234097323
3.6365141574556485, 0.35633419668018707
3.636459322770304, 0.3534867810194009
3.6332926196916726, 0.3513512192738113
3.6428749809555843, 0.3620290280017593
3.6491809697701756, 0.36487644366254546
3.649071300399487, 0.35918161234097323
3.6490233200498103, 0.3566901236377853
3.655486958584766, 0.3677238593233316
3.6553772892140777, 0.3620290280017593
3.6617929473993573, 0.3705712749841177
3.661683278028669, 0.36487644366254546
3.658461740264693, 0.3598934662561697
3.6680989362139487, 0.37341869064490385
3.66798926684326, 0.3677238593233316
3.6647677290792844, 0.36274088191695586
3.675446784050081, 0.37626610630569
3.6753416842365043, 0.37080855962251646
3.6710737178938757, 0.365588297577742
3.68698948531505, 0.3805372297968692
3.6869346506297056, 0.37768981413608305
3.686879815944361, 0.3748423984752969
3.6837131128657297, 0.3727068367297073
3.6995192109162156, 0.38196093762726224
3.6994643762308717, 0.3791135219664761
3.69629767315224, 0.3769779602208865
3.7120489365173817, 0.38338464545765527
3.7119941018320377, 0.3805372297968692
3.7256205211400886, 0.3848083532880484
3.7245169730975354, 0.381605010669664
3.7213571243545718, 0.37982537588167264
3.73719063974773, 0.39050318460962063
3.7371358050623855, 0.3876557689488346
3.7370809703770416, 0.3848083532880484
3.737039844363033, 0.3826727915424588
3.744593322269207, 0.39619801593119297
3.743482919890985, 0.39263874635521023
3.7510363977971584, 0.4061639707439444
3.749925995418937, 0.40260470116796176
3.7498711607335924, 0.3997572855071756
3.7507119592422047, 0.3893167614176264
3.7464851189135837, 0.38623206111844144
3.75632794493288, 0.4104350942351236
3.756053771506159, 0.39619801593119297
3.7559989368208146, 0.3933506002704068
3.7636757927690128, 0.41328250989590976
3.7635661233983244, 0.4075876785743374
3.7624557210201024, 0.4040284089983548
3.7624008863347584, 0.4011809933375686
3.759234183256127, 0.399045431591979
3.7762603530555228, 0.41755363338708895
3.775149950677301, 0.4139943638111063
3.7719832475986697, 0.4118588020655167
3.7719284129133257, 0.40901138640473056
3.787734510963811, 0.4182654873022855
3.7876796762784672, 0.41541807164149935
3.7845266818711716, 0.4139943638111063
3.7938622870510335, 0.4118588020655167
3.7938143067013574, 0.4093673133623288
3.800209401879633, 0.4168417794718924
3.800154567194289, 0.4139943638111063
3.8010456308311333, 0.4061639707439444
3.7999352284529113, 0.40260470116796176
3.7998803937675674, 0.3997572855071756
3.8073790369883964, 0.4104350942351236
3.8071048635616753, 0.39619801593119297
3.8028963014615025, 0.3940624541856034
3.8124923713967496, 0.4054521168287478
3.812437536711405, 0.40260470116796176
3.812382702026061, 0.3997572855071756
3.8132737656629057, 0.3919268924400138
3.812163363284684, 0.38836762286403104
3.818565312798628, 0.39619801593119297
3.8183528283929187, 0.38516428024564664
3.821636055177907, 0.3933506002704068
3.8247067975571865, 0.39050318460962063
3.824651962871842, 0.3876557689488346
3.8308482823157446, 0.3848083532880484
3.837154271130335, 0.3876557689488346
3.837058310430983, 0.3826727915424588
3.8443970191528916, 0.3850456379264472
3.8496839967315015, 0.3890794767792276
3.8570318445676337, 0.3919268924400138
3.85589402484674, 0.386943915033638
3.852713613096772, 0.38409649937285184
3.869588987511472, 0.39477430810079983
3.868485439468918, 0.39157096548241543
3.865311882054619, 0.3890794767792276
3.8821187131126376, 0.39619801593119297
3.8810151650700844, 0.3929946733128086
3.8778553163271203, 0.3912150385248172
3.8936888317202785, 0.4018928472527652
3.893633997034934, 0.399045431591979
3.8935791623495897, 0.39619801593119297
3.8904124592709586, 0.3940624541856034
3.901091514241755, 0.4075876785743374
3.899981111863534, 0.4040284089983548
3.9074797550843625, 0.4147062177263028
3.9063693527061414, 0.41114694815032016
3.9072055816576414, 0.40046913942237217
3.9029833108861327, 0.397621723761586
3.913867995926971, 0.42182475687826815
3.912757593548749, 0.4182654873022855
3.913593822500249, 0.4075876785743374
3.90937155172874, 0.40474026291355136
3.9192143777480366, 0.4289432960302335
3.919159543062692, 0.42609588036944734
3.9189402043213155, 0.4147062177263028
3.918885369635971, 0.4118588020655167
3.9266718949548576, 0.4374855430125919
3.9255614925766364, 0.43392627343660917
3.925506657891292, 0.4310788577758231
3.9263977215281365, 0.4232484647086612
3.9252873191499145, 0.41968919513267855
3.9221206160712834, 0.41755363338708895
3.9320182767759233, 0.44460408216455727
3.93196344209058, 0.4417566665037711
3.931689268663858, 0.4275195881998404
3.939475793982745, 0.45314632914691566
3.938365391604523, 0.4495870595709329
3.9383105569191788, 0.44673964391014687
3.939201620556023, 0.43890925084298493
3.938091218177802, 0.4353499812670023
3.93492451509917, 0.4332144195214127
3.9348696804138257, 0.43036700386062654
3.9347737197144736, 0.4253840264542508
3.9458640348253526, 0.4602648682988809
3.9447536324471306, 0.4567055987228983
3.945535026713287, 0.44318037433416413
3.9512104166464184, 0.4673834074508463
3.951155581961075, 0.4645359917900602
3.9509362432196973, 0.45314632914691566
3.950881408534353, 0.4502989134861295
3.9508334281846764, 0.44780742478294167
3.9576260748316985, 0.47592565443320467
3.957571240146354, 0.4730782387724186
3.9575164054610097, 0.47023082311163245
3.9573519014049774, 0.46168857612927405
3.957297066719633, 0.4588411604684879
3.9572490863699565, 0.45634967176530006
3.9640417330169786, 0.48446790141556306
3.963986898331634, 0.481620485754777
3.96393206364629, 0.47877307009399084
3.963712724904912, 0.4673834074508463
3.9636578902195687, 0.4645359917900602
3.9714992502237996, 0.49301014839792157
3.9703888478455776, 0.48945087882193883
3.970334013160233, 0.48660346316115266
3.971170242111733, 0.47592565443320467
3.970059839733512, 0.47236638485722204
3.96689313665488, 0.47023082311163245
3.9769004667302097, 0.502976103210673
3.9768456320448653, 0.5001286875498868
3.976790797359521, 0.49728127188910076
3.9765166239328, 0.48304419358517003
3.9764617892474554, 0.48019677792438387
3.9844676533077186, 0.5172131815146037
3.9833572509294974, 0.513653911938621
3.983302416244153, 0.5108064962778348
3.9832475815588086, 0.5079590806170488
3.9831927468734643, 0.5051116649562626
3.984028975824965, 0.4944338562283146
3.982918573446743, 0.49087458665233197
3.9828705930970667, 0.48838309794914403
3.9796970356827677, 0.4858916092459562
3.990965563521015, 0.5300265519881413
3.9898551611427937, 0.5264672824121586
3.9898003264574493, 0.5236198667513725
3.989745491772105, 0.5207724510905863
3.9904172166675727, 0.50155239538028
3.9893068142893506, 0.4979931258042972
3.997463473734311, 0.5428399224616789
3.99635307135609, 0.5392806528856962
3.9962982366707456, 0.5364332372249101
3.996243401985401, 0.5335858215641239
3.9969699615662124, 0.5172131815146037
3.9958595591879913, 0.513653911938621
3.995804724502647, 0.5108064962778348
3.9957567441529704, 0.508315007574647
3.9925831867386705, 0.5058235188714592
4.002864690240722, 0.5528058772744303
4.002809855555378, 0.5499584616136443
4.002755020870033, 0.5471110459528581
4.002426012757968, 0.5300265519881413
4.002371178072623, 0.5271791363273551
4.002316343387279, 0.524331720666569
4.002261508701935, 0.5214843050057829
4.009280348426001, 0.5613481242567887
4.009225513740657, 0.5585007085960026
4.0091706790553125, 0.5556532929352165
4.008951340313936, 0.5442636302920719
4.0088965056285915, 0.5414162146312859
4.008841670943247, 0.5385687989704997
4.008786836257903, 0.5357213833097135
4.005606424507936, 0.5328739676489274
4.016737865632822, 0.5698903712391472
4.015627463254601, 0.5663311016631645
4.015572628569257, 0.5634836860023783
4.016408857520757, 0.5528058772744303
4.015298455142536, 0.5492466076984477
4.012131752063904, 0.5471110459528581
4.022084247453889, 0.5770089103911125
4.0220294127685445, 0.5741614947303264
4.021755239341823, 0.5599244164263957
4.021700404656479, 0.5570770007656095
4.02954176466071, 0.5855511573734709
4.028431362282488, 0.5819918877974882
4.028376527597144, 0.5791444721367021
4.029267591233988, 0.5713140790695402
4.028157188855767, 0.5677548094935576
4.02810920850609, 0.5652633207903697
4.024935651091791, 0.5627718320871818
4.035930005503317, 0.5926696965254362
4.034819603125095, 0.5891104269494536
4.035600997391252, 0.5755852025607194
4.041221552639039, 0.5969408200166154
4.041002213897662, 0.5855511573734709
4.040947379212318, 0.5827037417126848
4.03776696746235, 0.5798563260518986
4.037616172077653, 0.5720259329847368
4.048624235160516, 0.6026356513381877
4.047513832782294, 0.599076381762205
4.048459731104483, 0.5940934043558294
4.047349328726262, 0.5905341347798466
4.04418262564763, 0.588398573034257
4.054957641317779, 0.606906774829367
4.0602491884535015, 0.6111778983205461
4.060084684397468, 0.6026356513381877
4.060036704047792, 0.6001441626349998
4.056849437962156, 0.5969408200166154
4.056808311948148, 0.5948052582710258
4.067651870974978, 0.6168727296421184
4.066541468596756, 0.6133134600661357
4.067487366918945, 0.60833048265976
4.066383818876392, 0.6051271400413756
4.0729434181107, 0.6211438531332976
4.079304241610635, 0.6268386844548699
4.079249406925292, 0.6239912687940837
4.079139737554603, 0.6182964374725114
4.079084902869258, 0.6154490218117253
4.0759044911192905, 0.6126016061509392
4.075849656433946, 0.609754190490153
4.085665065110571, 0.6325335157764421
4.085610230425226, 0.629686100115656
4.085445726369193, 0.6211438531332976
4.093067747632047, 0.6382283470980143
4.091957345253825, 0.6346690775220317
4.09284840889067, 0.6268386844548699
4.088626138119161, 0.6239912687940837
4.088530177419809, 0.619008291387708
4.099455988474655, 0.6453468862499797
4.098345586096433, 0.6417876166739971
4.099181815047934, 0.6311098079460491
4.105844229317262, 0.6524654254019451
4.104733826939041, 0.6489061558259624
4.105570055890541, 0.6382283470980143
4.104466507847987, 0.63502500447963
4.111190611138329, 0.6595839645539104
4.111135776452985, 0.6567365488931243
4.110916437711608, 0.6453468862499797
4.1108616030262635, 0.6424994705891935
4.117551434638265, 0.6652787958754827
4.11749659995292, 0.6624313802146965
4.117332095896887, 0.6538891332323381
4.117277261211543, 0.651041717571552
4.117229280861867, 0.6485502288683641
4.123857423452855, 0.6681262115362688
4.123692919396823, 0.6595839645539104
4.123638084711478, 0.6567365488931243
4.131205271288987, 0.670973627197055
4.131095601918299, 0.6652787958754827
4.126873331146791, 0.6624313802146965
4.142747972553956, 0.6752447506882342
4.142693137868612, 0.672397335027448
4.142645157518936, 0.6699058463242601
4.1394716001046366, 0.6674143576210723
4.149053961368548, 0.6780921663490203
4.155359950183139, 0.6809395820098064
4.15525028081245, 0.6752447506882342
4.152069869062482, 0.672397335027448
4.162707798019271, 0.6837869976705926
4.1625981286485825, 0.6780921663490203
4.169096038861879, 0.6909055368225578
4.167985636483658, 0.6873462672465752
4.175484279704486, 0.6980240759745232
4.174373877326265, 0.6944648063985406
4.175210106277765, 0.6837869976705926
4.170987835506256, 0.6809395820098064
4.170946709492248, 0.6788040202642168
4.180830661525553, 0.7051426151264886
4.180775826840208, 0.7022951994657024
4.180556488098831, 0.6909055368225578
4.1805016534134865, 0.6880581211617718
4.188233344047029, 0.7108374464480608
4.187122941668807, 0.7072781768720782
4.188014005305652, 0.6994477838049163
4.186903602927431, 0.6958885142289336
4.183736899848799, 0.693752952483344
4.194621584889637, 0.7179559856000262
4.193511182511415, 0.7143967160240435
4.194347411462916, 0.7037189072960955
4.199913132025359, 0.7222271090912054
4.1996937932839815, 0.7108374464480608
4.199645812934306, 0.708345957744873
4.20621912083995, 0.7250745247519915
4.206109451469262, 0.7193796934304192
4.206054616783917, 0.7165322777696331
4.206006636434241, 0.7140407890664452
4.212525109654541, 0.7279219404127777
4.212415440283853, 0.7222271090912054
4.219872957490674, 0.7307693560735637
4.219767857677097, 0.7253118093903904
4.215499891334468, 0.7200915473456158
4.232430100434511, 0.7336167717343499
4.23131969805629, 0.7300575021583673
4.228152994977658, 0.7279219404127777
4.2449872433783495, 0.7364641873951361
4.243883695335796, 0.7332608447767517
4.240723846592832, 0.7314812099887603
4.256502527300646, 0.7393116030559221
4.2564476926153025, 0.7364641873951361
4.2532809895366706, 0.7343286256495465
4.263850375136779, 0.7421590187167083
4.269141922272501, 0.7464301422078875
4.268984272552136, 0.7382438221831273
4.275502745772436, 0.7521249735294598
4.275447911087092, 0.7492775578686737
4.275338241716404, 0.7435827265471013
4.275290261366727, 0.7410912378439135
4.281863569272371, 0.7578198048510321
4.2818087345870275, 0.7549723891902459
4.281644230530994, 0.7464301422078875
4.289321086479193, 0.7663620518333905
4.288210684100971, 0.7628027822574078
4.288155849415626, 0.7599553665966217
4.289046913052471, 0.7521249735294598
4.287943365009918, 0.7489216309110754
4.284728681581609, 0.7442945804622979
4.2957093273218, 0.7734805909853558
4.294598924943578, 0.7699213214093731
4.295384888766846, 0.7566333816590378
4.302097568164408, 0.7805991301373212
4.300987165786186, 0.7770398605613384
4.301823394737687, 0.7663620518333905
4.300712992359465, 0.7628027822574078
4.297546289280833, 0.7606672205118182
4.308485809007015, 0.7877176692892864
4.307375406628793, 0.7841583997133038
4.308211635580294, 0.7734805909853558
4.307101233202072, 0.7699213214093731
4.314874049849623, 0.7948362084412518
4.313763647471402, 0.7912769388652692
4.314599876422902, 0.7805991301373212
4.313496328380348, 0.7773957875189368
4.320220431670689, 0.8019547475932172
4.320165596985345, 0.799107331932431
4.319946258243968, 0.7877176692892864
4.319891423558624, 0.7848702536285004
4.3275682795068215, 0.8048021632540032
4.327403775450788, 0.7962599162716448
4.326293373072567, 0.7927006466956622
4.323126669993935, 0.7905650849500726
4.333737181608051, 0.800531039762824
4.34012542245066, 0.8076495789147895
4.339015020072438, 0.8040903093388068
4.352655148051825, 0.8090732867451824
4.351551600009271, 0.805869944126798
4.365184873652991, 0.8104969945755756
4.360962602881482, 0.8076495789147895
4.377742016596829, 0.8133444102363616
4.376638468554275, 0.8101410676179772
4.373478619811312, 0.808361432829986
4.3902991595406675, 0.8161918258971479
4.3891887571624455, 0.8126325563211652
4.3860220540838135, 0.8104969945755756
4.401841860805636, 0.8204629493883271
4.401787026120292, 0.8176155337275408
4.401732191434948, 0.8147681180667548
4.398565488356316, 0.8126325563211652
4.409189708641769, 0.8233103650491131
4.414316751721458, 0.819039241557934
4.411150048642826, 0.8169036798123444
4.420732409906738, 0.8275814885402923
4.420677575221394, 0.8247340728795063
4.420622740536049, 0.8218866572187201
4.427038398721328, 0.8304289042010785
4.434386246557461, 0.8332763198618647
4.434281146743884, 0.8278187731786912
4.430054306415263, 0.8247340728795063
4.4469708068439715, 0.8375474433530439
4.4458604044657495, 0.8339881737770611
4.4426937013871175, 0.8318526120314715
4.44265257537311, 0.8297170502858819
4.4595553671304815, 0.8418185668442231
4.4584449647522595, 0.8382592972682403
4.455278261673628, 0.8361237355226507
4.45523713565962, 0.8339881737770611
4.4721399274169915, 0.8460896903354023
4.47102952503877, 0.8425304207594195
4.467862821960138, 0.8403948590138299
4.46782169594613, 0.8382592972682403
4.484697070360829, 0.8489371059961883
4.483586667982608, 0.8453778364202057
4.480419964903976, 0.8432422746746161
4.496212354283126, 0.8517845216569745
4.496157519597782, 0.8489371059961883
4.492977107847814, 0.8460896903354023
4.502518343097718, 0.8546319373177607
4.50986619093385, 0.8574793529785467
4.509761091120273, 0.8520218062953734
4.505547959462988, 0.8496489599113849
4.521381474856146, 0.860326768639333
4.521326640170803, 0.8574793529785467
4.521278659821126, 0.8549878642753589
4.5287293226922785, 0.863174184300119
4.533870074443304, 0.8596149147241363
4.541286465636117, 0.8660215999609051
4.540176063257896, 0.8624623303849226
4.5527743322157415, 0.8674453077912982
4.552719497530397, 0.8645978921305122
4.565276640474235, 0.8674453077912982
4.565221805788891, 0.8645978921305122
4.571438688239797, 0.8628182573425207
4.5777515313900565, 0.8660215999609051
4.577641862019368, 0.860326768639333
4.583947850833959, 0.863174184300119
4.583838181463271, 0.8574793529785467
4.591186029299403, 0.860326768639333
4.5910763599287145, 0.8546319373177607
4.586867797828542, 0.8524963755721711
4.596203403008404, 0.8503608138265815
4.596155422658728, 0.8478693251233935
4.59949348412906, 0.8589030608089399
4.602550517837003, 0.8553437912329571
4.602495683151659, 0.8524963755721711
4.6033867467885035, 0.8446659825050091
4.6097201529457665, 0.8489371059961883
4.609555648889734, 0.8403948590138299
4.605347086789561, 0.8382592972682403
4.615889055046997, 0.8446659825050091
4.615724550990964, 0.8361237355226507
4.611515988890791, 0.8339881737770611
4.621016098126686, 0.8403948590138299
4.620851594070653, 0.8318526120314715
4.620796759385309, 0.8290051963706855
4.627198708899253, 0.8368355894378473
4.627143874213909, 0.8339881737770611
4.628034937850753, 0.8261577807098993
4.626924535472532, 0.8225985111339167
4.623771541065236, 0.8211748033035235
4.634368344008016, 0.8304289042010785
4.634149005266639, 0.819039241557934
4.633038602888417, 0.8154799719819512
4.632983768203074, 0.8126325563211652
4.639481678416369, 0.8254459267947027
4.639426843731026, 0.8225985111339167
4.640208237997181, 0.8090732867451824
4.639097835618959, 0.8055140171691998
4.645595745832256, 0.8183273876427375
4.645540911146911, 0.8154799719819512
4.645486076461568, 0.8126325563211652
4.646322305413068, 0.8019547475932172
4.645211903034846, 0.7983954780172344
4.652710546255675, 0.8090732867451824
4.651600143877453, 0.8055140171691998
4.652436372828954, 0.7948362084412518
4.651325970450732, 0.7912769388652692
4.648172976043437, 0.789853231034876
4.65778275465002, 0.8019547475932172
4.6577279199646755, 0.799107331932431
4.657508581223299, 0.7877176692892864
4.657453746537954, 0.7848702536285004
4.6607986623439555, 0.7962599162716448
4.6638694047232345, 0.7934125006108588
4.66381457003789, 0.7905650849500726
4.663650065981857, 0.7820228379677142
4.6635952312965125, 0.779175422306928
4.663547250946837, 0.7766839336037402
4.669997180810456, 0.78700581537409
4.6699423461251115, 0.7841583997133038
4.670778575076612, 0.7734805909853558
4.66966817269839, 0.7699213214093731
4.676124956897678, 0.7805991301373212
4.676070122212334, 0.777751714476535
4.675850783470957, 0.7663620518333905
4.675802803121281, 0.7638705631302026
4.6822527329849, 0.7741924449005523
4.682197898299557, 0.7713450292397662
4.6821430636142125, 0.76849761357898
4.683034127251057, 0.7606672205118182
4.681923724872835, 0.7571079509358355
4.688325674386779, 0.7649383440029974
4.688106335645402, 0.7535486813598529
4.688051500960057, 0.7507012656990667
4.691506086136746, 0.7677857596637835
4.694508285159346, 0.7613790744270147
4.694453450474001, 0.7585316587662286
4.694398615788657, 0.7556842431054425
4.6952896794255015, 0.7478538500382805
4.694179277047279, 0.7442945804622979
4.7016230855827645, 0.7521249735294598
4.701403746841388, 0.7407353108863153
4.700293344463166, 0.7371760413103325
4.706750128662454, 0.7478538500382805
4.70669529397711, 0.7450064343774945
4.7064759552357325, 0.7336167717343499
4.706421120550388, 0.7307693560735637
4.712877904749677, 0.7414471648015117
4.712823070064332, 0.7385997491407257
4.712768235378988, 0.7357523334799395
4.7136592990158315, 0.7279219404127777
4.71254889663761, 0.724362670836795
4.709395902230315, 0.7229389630064019
4.719992705173095, 0.7321930639039569
4.719773366431718, 0.7208034012608123
4.725106039581449, 0.7272100864975811
4.725051204896104, 0.724362670836795
4.725951407647173, 0.7170068470464308
4.731233815668671, 0.7208034012608123
4.738471994134114, 0.7179559856000262
4.737361591755893, 0.7143967160240435
4.7499050260283955, 0.7165322777696331
4.749850191343051, 0.713684862108847
4.76344919330843, 0.7165322777696331
4.762345645265876, 0.7133289351512487
4.759185796522913, 0.7115493003632574
4.7687407404441515, 0.7208034012608123
4.776088588280285, 0.7236508169215985
4.775978918909596, 0.7179559856000262
4.771756648138087, 0.71510856993924
4.782421994437548, 0.7279219404127777
4.788755400594811, 0.7321930639039569
4.78859546609589, 0.7238881015599973
4.784368625767269, 0.7208034012608123
4.784327499753261, 0.7186678395152227
4.794046947730533, 0.7364641873951361
4.7938824436745, 0.7279219404127777
4.800407771230469, 0.7421590187167083
4.800352936545124, 0.7393116030559221
4.8002432671744355, 0.7336167717343499
4.800188432489091, 0.7307693560735637
4.796966894725116, 0.7257863786671881
4.8067685947304035, 0.7478538500382805
4.80671376004506, 0.7450064343774945
4.806549255989027, 0.7364641873951361
4.813129418230339, 0.7535486813598529
4.813074583544995, 0.7507012656990667
4.812910079488962, 0.7421590187167083
4.812862099139286, 0.7396675300135205
4.809633707039642, 0.7343286256495465
4.819490241730274, 0.7592435126814251
4.819435407044931, 0.756396097020639
4.819270902988897, 0.7478538500382805
4.819222922639221, 0.7453623613350927
4.8268929242517515, 0.7649383440029974
4.8257825218735295, 0.7613790744270147
4.826673585510374, 0.7535486813598529
4.822451314738865, 0.7507012656990667
4.833281165094359, 0.7720568831549627
4.832170762716137, 0.76849761357898
4.833006991667637, 0.7578198048510321
4.8396694059369665, 0.779175422306928
4.8385590035587445, 0.7756161527309454
4.839395232510245, 0.7649383440029974
4.838291684467691, 0.761735001384613
4.845015787758033, 0.7862939614588934
4.844960953072689, 0.7834465457981072
4.844741614331311, 0.7720568831549627
4.844686779645967, 0.7692094674941766
4.851376611257968, 0.7919887927804656
4.8513217765726235, 0.7891413771196796
4.851157272516591, 0.7805991301373212
4.851102437831247, 0.777751714476535
4.85105445748157, 0.7752602257733472
4.8587792937794445, 0.797683624102038
4.857668891401223, 0.7941243545260552
4.858559955038068, 0.7862939614588934
4.857456406995515, 0.783090618840509
4.864070840915167, 0.8019547475932172
4.863851502173789, 0.7905650849500726
4.871473523436643, 0.8076495789147895
4.870363121058421, 0.8040903093388068
4.87130901938061, 0.799107331932431
4.870198617002389, 0.7955480623564484
4.867031913923757, 0.7934125006108588
4.8767650705723655, 0.8119207024059687
4.884167753093842, 0.8176155337275408
4.88305735071562, 0.8140562641515583
4.884003249037809, 0.8090732867451824
4.882899700995256, 0.805869944126798
4.879726143580956, 0.8033784554236102
4.879671308895611, 0.800531039762824
4.890501159251105, 0.8218866572187201
4.896834565408369, 0.8261577807098993
4.896670061352336, 0.8176155337275408
4.892447790580827, 0.8147681180667548
4.892392955895483, 0.8119207024059687
4.892351829881474, 0.8097851406603791
4.903167971565632, 0.8304289042010785
4.903003467509599, 0.8218866572187201
4.909501377722895, 0.8347000276922577
4.909336873666862, 0.8261577807098993
4.915834783880158, 0.8389711511834369
4.915670279824125, 0.8304289042010785
4.9221681900374215, 0.8432422746746161
4.922003685981389, 0.8347000276922577
4.928501596194685, 0.8475133981657953
4.928337092138652, 0.8389711511834369
4.9348350023519485, 0.8517845216569745
4.934670498295915, 0.8432422746746161
4.941168408509212, 0.8560556451481537
4.941003904453179, 0.8475133981657953
4.946459955644934, 0.860326768639333
4.946295451588901, 0.8517845216569745
4.953807803481066, 0.863174184300119
4.953698134110378, 0.8574793529785467
4.952594586067824, 0.8542760103601623
4.949379902639516, 0.8496489599113849
4.959099350616788, 0.8674453077912982
4.965405339431379, 0.8702927234520843
4.965295670060691, 0.8645978921305122
4.965247689711014, 0.8621064034273243
4.9620604236253785, 0.8589030608089399
4.972753187267512, 0.8731401391128706
4.972643517896823, 0.8674453077912982
4.979086593424775, 0.8774112626040498
4.984213636504464, 0.8731401391128706
4.981033224754496, 0.8702927234520843
4.980992098740488, 0.8681571617064947
4.991671153711285, 0.881682386095229
4.990560751333064, 0.8781231165192462
4.990512770983387, 0.8756316278160584
5.004255713997795, 0.8859535095864082
5.003145311619574, 0.8823942400104254
4.999978608540942, 0.8802586782648358
4.999937482526934, 0.8781231165192462
5.016840274284305, 0.8902246330775874
5.015729871906084, 0.8866653635016046
5.012563168827452, 0.884529801756015
5.012522042813444, 0.8823942400104254
5.029397417228143, 0.8930720487383734
5.028287014849922, 0.8895127791623908
5.02512031177129, 0.8873772174168012
5.040940118493112, 0.8973431722295526
5.040885283807768, 0.8944957565687666
5.040837303458091, 0.8920042678655786
5.0545117031158195, 0.8987668800599458
5.053408155073266, 0.8955635374415614
5.050248306330302, 0.89378390265357
5.067041428716984, 0.9001905878903388
5.065937880674431, 0.8969872452719544
5.07852929529661, 0.9016142957207318
5.0784744606112655, 0.8987668800599458
5.0910590208977755, 0.903038003551125
5.091004186212431, 0.9001905878903388
5.10460318817781, 0.903038003551125
5.1003809174063015, 0.9001905878903388
5.116091054757435, 0.904461711381518
5.116036220072091, 0.9016142957207318
5.1286207803586015, 0.905885419211911
5.128565945673257, 0.903038003551125
5.141123088617095, 0.905885419211911
5.141068253931751, 0.903038003551125
5.153625396875588, 0.905885419211911
5.153570562190244, 0.903038003551125
5.166127705134082, 0.905885419211911
5.166072870448738, 0.903038003551125
5.178630013392576, 0.905885419211911
5.178575178707232, 0.903038003551125
5.19113232165107, 0.905885419211911
5.1910774869657255, 0.903038003551125
5.203634629909564, 0.905885419211911
5.203579795224219, 0.903038003551125
5.216136938168058, 0.905885419211911
5.216082103482713, 0.903038003551125
5.228639246426551, 0.905885419211911
5.228584411741207, 0.903038003551125
5.241141554685045, 0.905885419211911
5.241086719999701, 0.903038003551125
5.250518285878915, 0.905885419211911
5.25046345119357, 0.903038003551125
