1.379498 0.540288
1.379866 0.540341
1.380233 0.541418
1.3806 0.541525
1.380968 0.539534
1.381336 0.538135
1.381704 0.53792
1.382073 0.538135
1.382441 0.538458
1.38281 0.537059
1.383179 0.535014
1.383548 0.534154
1.383917 0.533024
1.384287 0.531786
1.384657 0.531248
1.385027 0.53071
1.385397 0.529257
1.385767 0.528073
1.386137 0.526836
1.386508 0.52549
1.386879 0.523984
1.38725 0.522477
1.387622 0.521616
1.387993 0.519733
1.388365 0.515536
1.388737 0.510532
1.389109 0.504613
1.389481 0.49595
1.389853 0.481852
1.390226 0.457585
1.390599 0.420349
1.390972 0.375904
1.391346 0.340821
1.391719 0.338884
1.392093 0.365142
1.392467 0.395329
1.392841 0.416959
1.393215 0.428367
1.39359 0.436115
1.393965 0.445639
1.394339 0.456347
1.394715 0.464149
1.39509 0.466301
1.395465 0.465602
1.395841 0.467378
1.396217 0.472543
1.396593 0.475287
1.39697 0.469207
1.397346 0.452096
1.397723 0.440474
1.3981 0.448545
1.398477 0.467593
1.398854 0.48422
1.399232 0.494605
1.39961 0.500147
1.399988 0.503591
1.400366 0.506173
1.400744 0.507411
1.401123 0.508003
1.401502 0.508918
1.401881 0.509348
1.40226 0.510532
1.402639 0.511877
1.403019 0.512846
1.403399 0.513276
1.403779 0.512846
1.404159 0.512523
1.404539 0.511716
1.40492 0.51037
1.405301 0.509509
1.405682 0.510478
1.406063 0.511393
1.406444 0.512038
1.406826 0.512415
1.407208 0.5122
1.40759 0.511608
1.407972 0.510693
1.408355 0.509832
1.408737 0.509348
1.40912 0.509671
1.409503 0.509456
1.409887 0.50881
1.41027 0.508433
1.410654 0.508057
1.411038 0.507519
1.411422 0.506873
1.411807 0.506873
1.412191 0.506389
1.412576 0.505581
1.412961 0.505205
1.413346 0.505043
1.413732 0.505097
1.414117 0.504398
1.414503 0.503806
1.414889 0.503644
1.415275 0.503483
1.415662 0.503698
1.416049 0.50386
1.416435 0.504129
1.416823 0.50429
1.41721 0.504398
1.417597 0.504129
1.417985 0.504182
1.418373 0.50429
1.418761 0.504236
1.41915 0.504021
1.419538 0.504182
1.419927 0.504344
1.420316 0.504075
1.420706 0.504236
1.421095 0.50429
1.421485 0.504398
1.421875 0.504236
1.422265 0.504075
1.422655 0.503698
1.423046 0.503322
1.423436 0.502999
1.423827 0.503268
1.424218 0.503429
1.42461 0.502999
1.425001 0.502999
1.425393 0.503214
1.425785 0.502945
1.426177 0.502622
1.42657 0.502299
1.426962 0.501761
1.427355 0.501384
1.427748 0.501223
1.428142 0.501115
1.428535 0.501384
1.428929 0.501492
1.429323 0.5016
1.429717 0.501707
1.430112 0.501169
1.430506 0.501062
1.430901 0.5009
1.431296 0.500685
1.431691 0.500523
1.432087 0.500254
1.432482 0.500523
1.432878 0.500362
1.433275 0.500416
1.433671 0.500362
1.434067 0.500147
1.434464 0.500362
1.434861 0.499985
1.435259 0.499878
1.435656 0.499824
1.436054 0.499501
1.436452 0.499393
1.43685 0.499393
1.437248 0.499232
1.437647 0.499286
1.438046 0.49934
1.438445 0.499286
1.438844 0.499232
1.439243 0.499447
1.439643 0.499286
1.440043 0.498909
1.440443 0.498802
1.440843 0.498802
1.441244 0.49864
1.441645 0.498533
1.442046 0.498371
1.442447 0.498425
1.442848 0.498533
1.44325 0.498317
1.443652 0.498317
1.444054 0.498425
1.444457 0.498102
1.444859 0.498102
1.445262 0.49821
1.445665 0.498156
1.446068 0.497994
1.446472 0.498102
1.446875 0.497887
1.447279 0.497618
1.447683 0.497241
1.448088 0.497134
1.448492 0.497456
1.448897 0.497779
1.449302 0.497187
1.449708 0.496865
1.450113 0.497026
1.450519 0.497349
1.450925 0.497618
1.451331 0.497725
1.451737 0.49751
1.452144 0.497187
1.452551 0.497295
1.452958 0.497241
1.453365 0.497134
1.453773 0.497349
1.454181 0.497241
1.454589 0.496757
1.454997 0.496542
1.455405 0.496811
1.455814 0.496811
1.456223 0.496703
1.456632 0.496434
1.457042 0.496542
1.457451 0.496757
1.457861 0.496434
1.458271 0.49638
1.458682 0.496703
1.459092 0.496972
1.459503 0.496757
1.459914 0.496273
1.460325 0.496004
1.460737 0.496004
1.461148 0.496111
1.46156 0.496057
1.461972 0.495842
1.462385 0.49595
1.462797 0.496165
1.46321 0.49595
1.463623 0.495788
1.464037 0.495627
1.46445 0.495519
1.464864 0.49595
1.465278 0.496004
1.465692 0.495788
1.466107 0.496165
1.466522 0.496057
1.466937 0.495896
1.467352 0.495842
1.467767 0.495358
1.468183 0.495196
1.468599 0.49525
1.469015 0.495519
1.469431 0.495735
1.469848 0.495735
1.470265 0.495735
1.470682 0.495735
1.471099 0.495466
1.471517 0.495304
1.471935 0.495466
1.472353 0.495519
1.472771 0.495627
1.47319 0.495519
1.473608 0.495627
1.474027 0.495896
1.474447 0.495896
1.474866 0.496057
1.475286 0.49595
1.475706 0.496165
1.476126 0.496004
1.476546 0.496111
1.476967 0.496004
1.477388 0.496004
1.477809 0.49595
1.47823 0.49595
1.478652 0.496111
1.479074 0.496434
1.479496 0.496596
1.479918 0.49638
1.480341 0.496596
1.480764 0.496811
1.481187 0.497026
1.48161 0.497187
1.482034 0.497295
1.482458 0.497403
1.482882 0.497187
1.483306 0.49708
1.48373 0.497241
1.484155 0.497618
1.48458 0.497403
1.485006 0.497403
1.485431 0.497725
1.485857 0.497833
1.486283 0.497779
1.486709 0.498048
1.487135 0.498264
1.487562 0.498264
1.487989 0.498264
1.488416 0.49821
1.488844 0.498479
1.489271 0.498855
1.489699 0.499124
1.490128 0.498963
1.490556 0.498694
1.490985 0.498909
1.491414 0.499071
1.491843 0.499178
1.492272 0.499071
1.492702 0.498855
1.493132 0.49934
1.493562 0.499663
1.493993 0.499663
1.494423 0.49977
1.494854 0.500039
1.495285 0.500308
1.495717 0.500201
1.496148 0.500039
1.49658 0.500201
1.497012 0.500147
1.497445 0.500201
1.497877 0.500416
1.49831 0.500631
1.498744 0.500954
1.499177 0.501169
1.499611 0.501115
1.500045 0.501331
1.500479 0.501384
1.500913 0.501438
1.501348 0.501707
1.501783 0.501707
1.502218 0.501707
1.502653 0.5016
1.503089 0.501815
1.503525 0.502191
1.503961 0.502353
1.504398 0.502622
1.504834 0.502461
1.505271 0.502353
1.505709 0.502514
1.506146 0.50273
1.506584 0.50273
1.507022 0.502999
1.50746 0.502945
1.507898 0.502676
1.508337 0.503214
1.508776 0.503375
1.509215 0.503268
1.509655 0.503375
1.510094 0.503698
1.510534 0.504075
1.510975 0.504182
1.511415 0.504021
1.511856 0.504344
1.512297 0.504559
1.512738 0.504451
1.51318 0.504451
1.513622 0.504559
1.514064 0.504828
1.514506 0.50499
1.514948 0.50499
1.515391 0.504828
1.515834 0.504936
1.516278 0.505474
1.516721 0.505635
1.517165 0.505581
1.517609 0.505635
1.518054 0.505635
1.518499 0.505689
1.518944 0.506066
1.519389 0.506012
1.519834 0.506012
1.52028 0.506119
1.520726 0.506119
1.521172 0.506281
1.521619 0.506335
1.522065 0.506442
1.522512 0.506604
1.52296 0.506873
1.523407 0.507034
1.523855 0.50698
1.524303 0.50698
1.524751 0.507034
1.5252 0.507142
1.525649 0.507357
1.526098 0.507626
1.526547 0.507788
1.526997 0.507895
1.527447 0.507895
1.527897 0.507949
1.528347 0.507626
1.528798 0.507572
1.529249 0.507626
1.5297 0.507788
1.530152 0.508003
1.530604 0.508057
1.531055 0.508218
1.531508 0.508487
1.53196 0.508487
1.532413 0.508326
1.532866 0.508541
1.53332 0.50881
1.533773 0.508918
1.534227 0.509348
1.534682 0.509617
1.535136 0.509994
1.535591 0.51037
1.536046 0.510639
1.536501 0.510639
1.536956 0.510801
1.537412 0.51107
1.537868 0.511177
1.538324 0.511339
1.538781 0.511285
1.539238 0.511339
1.539695 0.511554
1.540153 0.511716
1.54061 0.511769
1.541068 0.512092
1.541527 0.512254
1.541985 0.512307
1.542444 0.51263
1.542903 0.512899
1.543363 0.513115
1.543822 0.513491
1.544282 0.51376
1.544742 0.513922
1.545203 0.514029
1.545663 0.514298
1.546124 0.514729
1.546586 0.514783
1.547047 0.514998
1.547509 0.515267
1.547971 0.515375
1.548433 0.515536
1.548896 0.515859
1.549359 0.516074
1.549822 0.516235
1.550285 0.516343
1.550749 0.516182
1.551213 0.516289
1.551677 0.516558
1.552142 0.517043
1.552607 0.517419
1.553072 0.517527
1.553537 0.517581
1.554003 0.517796
1.554469 0.517796
1.554935 0.517904
1.555402 0.518173
1.555868 0.518603
1.556336 0.51898
1.556803 0.51898
1.557271 0.518926
1.557738 0.519195
1.558207 0.519518
1.558675 0.519733
1.559144 0.52011
1.559613 0.519948
1.560082 0.519841
1.560552 0.520217
1.561022 0.520701
1.561492 0.521078
1.561963 0.521078
1.562433 0.521078
1.562905 0.521401
1.563376 0.521455
1.563848 0.521509
1.564319 0.52167
1.564792 0.521832
1.565264 0.522047
1.565737 0.522208
1.56621 0.522423
1.566683 0.522639
1.567156 0.522746
1.56763 0.522854
1.568105 0.523177
1.568579 0.52323
1.569054 0.523284
1.569529 0.523338
1.570004 0.5235
1.57048 0.524038
1.570956 0.523822
1.571432 0.524091
1.571908 0.524576
1.572385 0.524576
1.572862 0.524683
1.57334 0.525006
1.573817 0.525275
1.574295 0.525221
1.574773 0.525114
1.575252 0.525221
1.575731 0.525598
1.57621 0.525544
1.576689 0.525813
1.577169 0.526082
1.577649 0.526029
1.578129 0.526082
1.57861 0.526244
1.57909 0.526405
1.579572 0.52662
1.580053 0.526836
1.580535 0.526889
1.581017 0.527212
1.581499 0.527212
1.581982 0.527212
1.582465 0.527266
1.582948 0.527535
1.583431 0.52775
1.583915 0.527697
1.584399 0.527697
1.584884 0.528019
1.585368 0.528288
1.585853 0.528342
1.586339 0.528288
1.586824 0.528665
1.58731 0.52845
1.587796 0.528396
1.588283 0.528827
1.588769 0.529311
1.589256 0.529257
1.589744 0.529418
1.590231 0.529472
1.590719 0.52958
1.591208 0.529849
1.591696 0.530118
1.592185 0.530118
1.592674 0.530226
1.593163 0.530333
1.593653 0.530441
1.594143 0.530548
1.594634 0.530871
1.595124 0.531033
1.595615 0.531248
1.596107 0.531302
1.596598 0.531571
1.59709 0.53184
1.597582 0.531786
1.598075 0.531894
1.598568 0.532109
1.599061 0.532324
1.599554 0.532539
1.600048 0.532701
1.600542 0.53297
1.601036 0.533239
1.60153 0.533239
1.602025 0.533239
1.602521 0.533669
1.603016 0.533831
1.603512 0.533777
1.604008 0.5341
1.604505 0.534154
1.605001 0.534423
1.605498 0.534584
1.605996 0.534853
1.606493 0.534907
1.606991 0.535014
1.60749 0.535337
1.607988 0.535553
1.608487 0.535929
1.608986 0.536037
1.609486 0.535983
1.609986 0.536252
1.610486 0.536736
1.610986 0.536898
1.611487 0.537005
1.611988 0.536952
1.61249 0.537221
1.612991 0.537543
1.613493 0.537597
1.613996 0.537705
1.614498 0.538028
1.615001 0.538135
1.615505 0.538297
1.616008 0.53862
1.616512 0.538889
1.617016 0.538781
1.617521 0.538996
1.618026 0.539212
1.618531 0.539158
1.619036 0.539158
1.619542 0.539696
1.620048 0.539803
1.620554 0.539803
1.621061 0.539911
1.621568 0.540288
1.622076 0.540557
1.622583 0.54088
1.623091 0.54088
1.6236 0.540826
1.624108 0.540826
1.624617 0.541095
1.625127 0.541364
1.625636 0.541471
1.626146 0.541687
1.626656 0.541848
1.627167 0.541848
1.627678 0.54201
1.628189 0.54244
1.628701 0.542494
1.629212 0.54244
1.629725 0.542386
1.630237 0.542924
1.63075 0.543247
1.631263 0.543247
1.631777 0.543301
1.63229 0.543409
1.632804 0.543462
1.633319 0.543624
1.633834 0.543785
1.634349 0.543947
1.634864 0.543785
1.63538 0.544001
1.635896 0.544485
1.636412 0.544485
1.636929 0.544538
1.637446 0.544646
1.637964 0.544808
1.638481 0.544808
1.638999 0.544915
1.639518 0.545184
1.640036 0.545399
1.640555 0.545346
1.641075 0.545292
1.641594 0.545668
1.642114 0.545884
1.642634 0.545776
1.643155 0.54583
1.643676 0.545938
1.644197 0.545938
1.644719 0.546099
1.645241 0.546207
1.645763 0.546368
1.646286 0.546368
1.646809 0.546529
1.647332 0.546583
1.647856 0.546798
1.64838 0.54696
1.648904 0.546906
1.649429 0.547067
1.649953 0.547121
1.650479 0.547121
1.651004 0.547337
1.651531 0.547552
1.652057 0.547283
1.652583 0.547229
1.65311 0.547498
1.653638 0.547659
1.654165 0.547767
1.654693 0.548198
1.655222 0.54809
1.65575 0.548144
1.656279 0.547875
1.656809 0.547767
1.657338 0.548144
1.657868 0.548359
1.658399 0.548413
1.658929 0.548467
1.65946 0.548574
1.659992 0.548951
1.660523 0.549112
1.661055 0.549112
1.661588 0.549112
1.662121 0.549112
1.662654 0.549543
1.663187 0.54965
1.663721 0.549543
1.664255 0.549812
1.664789 0.550135
1.665324 0.550081
1.665859 0.549973
1.666395 0.550404
1.666931 0.550888
1.667467 0.550726
1.668003 0.550619
1.66854 0.550726
1.669077 0.550996
1.669615 0.551265
1.670153 0.551318
1.670691 0.551534
1.671229 0.551641
1.671769 0.551803
1.672308 0.551641
1.672847 0.551803
1.673387 0.552125
1.673928 0.552233
1.674468 0.552179
1.675009 0.552448
1.675551 0.552825
1.676093 0.552879
1.676635 0.552502
1.677177 0.552664
1.67772 0.552986
1.678263 0.553148
1.678806 0.553094
1.67935 0.553309
1.679894 0.553417
1.680439 0.553471
1.680984 0.553632
1.681529 0.553847
1.682074 0.553955
1.682621 0.554278
1.683167 0.554439
1.683714 0.554547
1.68426 0.554439
1.684808 0.554547
1.685356 0.554601
1.685904 0.554816
1.686452 0.5553
1.687001 0.555623
1.68755 0.555408
1.6881 0.555515
1.68865 0.555623
1.6892 0.555784
1.689751 0.556054
1.690302 0.555892
1.690853 0.555946
1.691405 0.556269
1.691957 0.556376
1.692509 0.55643
1.693061 0.556592
1.693615 0.556645
1.694168 0.556538
1.694722 0.556538
1.695276 0.556861
1.695831 0.556968
1.696385 0.556914
1.696941 0.55713
1.697497 0.557452
1.698053 0.557614
1.698609 0.557722
1.699166 0.557775
1.699723 0.557829
1.70028 0.557829
1.700838 0.557775
1.701396 0.557775
1.701955 0.557883
1.702514 0.557991
1.703073 0.558044
1.703633 0.558152
1.704193 0.558367
1.704753 0.558152
1.705314 0.558206
1.705875 0.558367
1.706436 0.558529
1.706998 0.558798
1.707561 0.55869
1.708123 0.558529
1.708686 0.558744
1.70925 0.558798
1.709813 0.558851
1.710377 0.558905
1.710942 0.558905
1.711507 0.558851
1.712072 0.558851
1.712638 0.558905
1.713204 0.558959
1.71377 0.559067
1.714337 0.559121
1.714904 0.559067
1.715471 0.558851
1.716039 0.559228
1.716607 0.559551
1.717176 0.559659
1.717745 0.559605
1.718314 0.55939
1.718884 0.559336
1.719454 0.559443
1.720024 0.559605
1.720595 0.559766
1.721167 0.55982
1.721738 0.55982
1.72231 0.559659
1.722883 0.559605
1.723455 0.559551
1.724029 0.559551
1.724602 0.559712
1.725176 0.559928
1.72575 0.559766
1.726325 0.560035
1.7269 0.560304
1.727476 0.560143
1.728051 0.560035
1.728628 0.560143
1.729204 0.560143
1.729781 0.560035
1.730358 0.560035
1.730936 0.559981
1.731514 0.560143
1.732093 0.560304
1.732672 0.560412
1.733251 0.560412
1.733831 0.560358
1.734411 0.560412
1.734991 0.560466
1.735572 0.560627
1.736153 0.56052
1.736735 0.560789
1.737317 0.560896
1.7379 0.560842
1.738482 0.560896
1.739066 0.560896
1.739649 0.561004
1.740233 0.561165
1.740817 0.561165
1.741402 0.561165
1.741987 0.561111
1.742573 0.561165
1.743159 0.561111
1.743745 0.561111
1.744332 0.561219
1.744919 0.561434
1.745506 0.561488
1.746094 0.561542
1.746683 0.561596
1.747271 0.561757
1.74786 0.561811
1.74845 0.561919
1.74904 0.562134
1.74963 0.562134
1.750221 0.562295
1.750812 0.562403
1.751403 0.562188
1.751995 0.562188
1.752588 0.56208
1.75318 0.562349
1.753773 0.562672
1.754367 0.562618
1.754961 0.56251
1.755555 0.562618
1.75615 0.562672
1.756745 0.56278
1.75734 0.562941
1.757936 0.562726
1.758533 0.562833
1.759129 0.563049
1.759726 0.56321
1.760324 0.563264
1.760922 0.563425
1.76152 0.563533
1.762119 0.563479
1.762718 0.563533
1.763318 0.563587
1.763918 0.563371
1.764518 0.56364
1.765119 0.563748
1.76572 0.56364
1.766322 0.563533
1.766924 0.563694
1.767526 0.563856
1.768129 0.563748
1.768732 0.563748
1.769336 0.563909
1.76994 0.563856
1.770545 0.564017
1.771149 0.564232
1.771755 0.564178
1.77236 0.564286
1.772967 0.564394
1.773573 0.564286
1.77418 0.564125
1.774787 0.563963
1.775395 0.563963
1.776004 0.564017
1.776612 0.564125
1.777221 0.564178
1.777831 0.56434
1.778441 0.564501
1.779051 0.56434
1.779662 0.564394
1.780273 0.564286
1.780884 0.564178
1.781496 0.564178
1.782109 0.564178
1.782721 0.564178
1.783335 0.564017
1.783948 0.563909
1.784562 0.564125
1.785177 0.564071
1.785792 0.563963
1.786407 0.564017
1.787023 0.564017
1.787639 0.563856
1.788256 0.563856
1.788873 0.563963
1.789491 0.563909
1.790108 0.563748
1.790727 0.563802
1.791346 0.563694
1.791965 0.563533
1.792585 0.563533
1.793205 0.563533
1.793825 0.563318
1.794446 0.56321
1.795067 0.563102
1.795689 0.56321
1.796311 0.56364
1.796934 0.563748
1.797557 0.563425
1.79818 0.56321
1.798804 0.563264
1.799429 0.563371
1.800053 0.563533
1.800679 0.563425
1.801304 0.563264
1.801931 0.563102
1.802557 0.56321
1.803184 0.56321
1.803812 0.563049
1.804439 0.562887
1.805068 0.562726
1.805696 0.563049
1.806326 0.563049
1.806955 0.562941
1.807585 0.562672
1.808216 0.562349
1.808847 0.562403
1.809478 0.562403
1.81011 0.562564
1.810742 0.562564
1.811375 0.562403
1.812008 0.56251
1.812641 0.562457
1.813275 0.56208
1.81391 0.561757
1.814545 0.562026
1.81518 0.562672
1.815816 0.562564
1.816452 0.562241
1.817089 0.561972
1.817726 0.561865
1.818363 0.561919
1.819001 0.561919
1.81964 0.562833
1.820279 0.563479
1.820918 0.563049
1.821558 0.562833
1.822199 0.562403
1.822839 0.561811
1.82348 0.56165
1.824122 0.561596
1.824764 0.561542
1.825406 0.562672
1.826049 0.564071
1.826693 0.562887
1.827337 0.561865
1.827981 0.562134
1.828626 0.562241
1.829271 0.562134
1.829917 0.562295
1.830563 0.562833
1.83121 0.562672
1.831857 0.562026
1.832504 0.56208
1.833152 0.56165
1.833801 0.561757
1.83445 0.56278
1.835099 0.563102
1.835749 0.563533
1.836399 0.563371
1.83705 0.56321
1.837701 0.563587
1.838353 0.562403
1.839005 0.56278
1.839658 0.564017
1.840311 0.563156
1.840964 0.562995
1.841618 0.564394
1.842272 0.563318
1.842927 0.561811
1.843583 0.561327
1.844238 0.561165
1.844895 0.561058
1.845551 0.561219
1.846209 0.562887
1.846867 0.564878
1.847525 0.564232
1.848184 0.563587
1.848843 0.562295
1.849502 0.561596
1.850162 0.561596
1.850823 0.561488
1.851484 0.560896
1.852145 0.561327
1.852807 0.562403
1.853469 0.563587
1.854132 0.562887
1.854796 0.561165
1.855459 0.560842
1.856124 0.562134
1.856789 0.562349
1.857454 0.561219
1.85812 0.560896
1.858786 0.561703
1.859453 0.563264
1.86012 0.562833
1.860788 0.561327
1.861456 0.560358
1.862124 0.560089
1.862794 0.560197
1.863463 0.560573
1.864133 0.560627
1.864804 0.559981
1.865475 0.559497
1.866146 0.559282
1.866818 0.560197
1.867491 0.562134
1.868164 0.561327
1.868837 0.559928
1.869511 0.559874
1.870185 0.561434
1.87086 0.562564
1.871536 0.560358
1.872212 0.560358
1.872888 0.562026
1.873565 0.560627
1.874242 0.55869
1.87492 0.558529
1.875599 0.55826
1.876277 0.558798
1.876957 0.559282
1.877637 0.558152
1.878317 0.557291
1.878998 0.556968
1.879679 0.556753
1.880361 0.556753
1.881043 0.556807
1.881726 0.556538
1.882409 0.556269
1.883093 0.556538
1.883777 0.557076
1.884462 0.556376
1.885147 0.555784
1.885833 0.555677
1.886519 0.555784
1.887206 0.555515
1.887893 0.555139
1.888581 0.554816
1.889269 0.555462
1.889958 0.556269
1.890647 0.5553
1.891337 0.554708
1.892027 0.55487
1.892718 0.554493
1.893409 0.55417
1.894101 0.553524
1.894793 0.552986
1.895486 0.552933
1.896179 0.552986
1.896873 0.553202
1.897568 0.553471
1.898262 0.553417
1.898958 0.554332
1.899654 0.554762
1.90035 0.553686
1.901047 0.552179
1.901744 0.551856
1.902442 0.55304
1.90314 0.55261
1.903839 0.551318
1.904539 0.552287
1.905239 0.553202
1.905939 0.552556
1.90664 0.552072
1.907342 0.551049
1.908044 0.550296
1.908746 0.550081
1.909449 0.549973
1.910153 0.550242
1.910857 0.550565
1.911561 0.550457
1.912266 0.549973
1.912972 0.551049
1.913678 0.551534
1.914385 0.55035
1.915092 0.549704
1.9158 0.549973
1.916508 0.549919
1.917217 0.549435
1.917926 0.549274
1.918636 0.549435
1.919346 0.550511
1.920057 0.55191
1.920768 0.55148
1.92148 0.549758
1.922193 0.549058
1.922906 0.549166
1.92362 0.549919
1.924333 0.549866
1.925048 0.549274
1.925763 0.549058
1.926479 0.54922
1.927195 0.549166
1.927912 0.549112
1.928629 0.549274
1.929346 0.548736
1.930065 0.548628
1.930784 0.54852
1.931503 0.54852
1.932223 0.548359
1.932943 0.548305
1.933664 0.548628
1.934386 0.548305
1.935108 0.547875
1.93583 0.548198
1.936554 0.548359
1.937277 0.54809
1.938002 0.547875
1.938726 0.547928
1.939452 0.548036
1.940177 0.547875
1.940904 0.547767
1.941631 0.547337
1.942358 0.547229
1.943086 0.547175
1.943815 0.547175
1.944544 0.547067
1.945274 0.546852
1.946004 0.546529
1.946735 0.546368
1.947466 0.546422
1.948198 0.546207
1.94893 0.545884
1.949663 0.545776
1.950397 0.545668
1.951131 0.545561
1.951865 0.545292
1.952601 0.545346
1.953336 0.545184
1.954073 0.544969
1.954809 0.544861
1.955547 0.5447
1.956285 0.544538
1.957023 0.544646
1.957762 0.544431
1.958502 0.544216
1.959242 0.543947
1.959983 0.543731
1.960724 0.543462
1.961466 0.543355
1.962208 0.543355
1.962951 0.543193
1.963695 0.542763
1.964439 0.542655
1.965183 0.542655
1.965929 0.542225
1.966674 0.54201
1.967421 0.541794
1.968168 0.541687
1.968915 0.541525
1.969663 0.541364
1.970412 0.541202
1.971161 0.541041
1.971911 0.540772
1.972661 0.540449
1.973413 0.540288
1.974164 0.540072
1.974916 0.53975
1.975669 0.539534
1.976422 0.539427
1.977176 0.539158
1.97793 0.538943
1.978685 0.538781
1.97944 0.53862
1.980196 0.538458
1.980953 0.538082
1.98171 0.537705
1.982468 0.537597
1.983226 0.537597
1.983986 0.537382
1.984745 0.537059
1.985505 0.536952
1.986266 0.536683
1.987027 0.53636
1.987789 0.536091
1.988552 0.535822
1.989315 0.535822
1.990078 0.535499
1.990842 0.535391
1.991607 0.535284
1.992373 0.535014
1.993139 0.534799
1.993905 0.534638
1.994673 0.534476
1.99544 0.5341
1.996209 0.533831
1.996978 0.533669
1.997747 0.533615
1.998517 0.533454
1.999288 0.533346
2.000059 0.533293
2.000831 0.533185
2.001604 0.533024
2.002377 0.532755
2.003151 0.532539
2.003925 0.532216
2.0047 0.531947
2.005476 0.531894
2.006252 0.531786
2.007029 0.531625
2.007806 0.531356
2.008584 0.531033
2.009362 0.530817
2.010141 0.53071
2.010921 0.530764
2.011701 0.530656
2.012482 0.530333
2.013264 0.530064
2.014046 0.529849
2.014829 0.529903
2.015612 0.529849
2.016396 0.529741
2.01718 0.529903
2.017966 0.529957
2.018752 0.529741
2.019538 0.529634
2.020325 0.529526
2.021113 0.529687
2.021901 0.529849
2.02269 0.529795
2.023479 0.529634
2.02427 0.529741
2.02506 0.529795
2.025852 0.529795
2.026644 0.529687
2.027436 0.52958
2.028229 0.529311
2.029023 0.529203
2.029818 0.529257
2.030613 0.529257
2.031409 0.529096
2.032204 0.528719
2.033001 0.528504
2.033799 0.528396
2.034597 0.528288
2.035396 0.528396
2.036195 0.528342
2.036996 0.528019
2.037796 0.527697
2.038598 0.527643
2.0394 0.52732
2.040203 0.526943
2.041006 0.52662
2.04181 0.526513
2.042614 0.526405
2.043419 0.526136
2.044225 0.525975
2.045032 0.525759
2.045839 0.525383
2.046646 0.525114
2.047455 0.525006
2.048264 0.524737
2.049073 0.524414
2.049883 0.524253
2.050694 0.524091
2.051505 0.52393
2.052317 0.523876
2.05313 0.523392
2.053944 0.523069
2.054758 0.5228
2.055573 0.522585
2.056388 0.522316
2.057204 0.521993
2.058021 0.52167
2.058838 0.521455
2.059656 0.521078
2.060475 0.520809
2.061294 0.520594
2.062114 0.520217
2.062935 0.519948
2.063756 0.519679
2.064577 0.519464
2.0654 0.519195
2.066223 0.518711
2.067047 0.51828
2.067871 0.51785
2.068696 0.517312
2.069522 0.516612
2.070349 0.515966
2.071176 0.515375
2.072004 0.514567
2.072833 0.513545
2.073662 0.512415
2.074492 0.511446
2.075322 0.510532
2.076153 0.509832
2.076985 0.50924
2.077817 0.508864
2.07865 0.508864
2.079484 0.508971
2.080319 0.509079
2.081154 0.509348
2.08199 0.509617
2.082826 0.509725
2.083663 0.509617
2.084501 0.509617
2.08534 0.509402
2.086179 0.509079
2.087018 0.508756
2.087859 0.508326
2.0887 0.508272
2.089542 0.508164
2.090385 0.507841
2.091228 0.507572
2.092072 0.507572
2.092917 0.507465
2.093762 0.507303
2.094608 0.507142
2.095454 0.507088
2.096302 0.506765
2.09715 0.506658
2.097999 0.506496
2.098848 0.506335
2.099698 0.506173
2.100549 0.505904
2.1014 0.505743
2.102252 0.505528
2.103105 0.505312
2.103959 0.505043
2.104813 0.504774
2.105668 0.504451
2.106524 0.504129
2.10738 0.503913
2.108237 0.503752
2.109094 0.503483
2.109953 0.503268
2.110812 0.502945
2.111672 0.502461
2.112532 0.501869
2.113394 0.501331
2.114255 0.500793
2.115118 0.500308
2.115981 0.500039
2.116845 0.500039
2.11771 0.500201
2.118576 0.500308
2.119442 0.50047
2.120309 0.50047
2.121176 0.500093
2.122045 0.499663
2.122913 0.499071
2.123783 0.498479
2.124654 0.497887
2.125525 0.497295
2.126396 0.496811
2.127269 0.496488
2.128142 0.496219
2.129016 0.495896
2.129891 0.495896
2.130766 0.495842
2.131642 0.495573
2.132519 0.495519
2.133397 0.495412
2.134275 0.49525
2.135154 0.495196
2.136034 0.495035
2.136914 0.494766
2.137795 0.494443
2.138677 0.494335
2.13956 0.494335
2.140444 0.49412
2.141328 0.493905
2.142213 0.493851
2.143099 0.493744
2.143985 0.493636
2.144872 0.493528
2.14576 0.493475
2.146648 0.493475
2.147537 0.493421
2.148427 0.493313
2.149318 0.493098
2.150209 0.492937
2.151101 0.492937
2.151994 0.492883
2.152888 0.492667
2.153783 0.492291
2.154678 0.492022
2.155574 0.491699
2.15647 0.491376
2.157368 0.490999
2.158266 0.490515
2.159165 0.490192
2.160064 0.489869
2.160964 0.489654
2.161865 0.489547
2.162767 0.48917
2.16367 0.488901
2.164573 0.488686
2.165478 0.488201
2.166383 0.487771
2.167288 0.487287
2.168195 0.486802
2.169102 0.486587
2.17001 0.486157
2.170919 0.485726
2.171828 0.485296
2.172739 0.484811
2.17365 0.484327
2.174561 0.484166
2.175474 0.484166
2.176387 0.484112
2.177301 0.483843
2.178216 0.483574
2.179132 0.483412
2.180048 0.48309
2.180965 0.482874
2.181883 0.482874
2.182801 0.482874
2.183721 0.482928
2.184641 0.482605
2.185562 0.482444
2.186484 0.482229
2.187407 0.482013
2.18833 0.481798
2.189254 0.481475
2.190179 0.481153
2.191105 0.48083
2.192032 0.480561
2.192959 0.480292
2.193887 0.479915
2.194816 0.479484
2.195745 0.479054
2.196676 0.478731
2.197607 0.478677
2.198539 0.478301
2.199472 0.477816
2.200405 0.477386
2.201339 0.476848
2.202275 0.476256
2.203211 0.475772
2.204147 0.475395
2.205085 0.474911
2.206023 0.474319
2.206962 0.473942
2.207902 0.473727
2.208843 0.473566
2.209784 0.47335
2.210727 0.47335
2.21167 0.473673
2.212614 0.473942
2.213559 0.473835
2.214504 0.473942
2.215451 0.473996
2.216398 0.473996
2.217346 0.47405
2.218295 0.47405
2.219244 0.473996
2.220195 0.473673
2.221146 0.473296
2.222098 0.47292
2.223051 0.472059
2.224005 0.470983
2.224959 0.469853
2.225914 0.468615
2.226871 0.467485
2.227827 0.466624
2.228785 0.465925
2.229744 0.465225
2.230703 0.46458
2.231663 0.464203
2.232625 0.464257
2.233587 0.46458
2.234549 0.464956
2.235513 0.465333
2.236477 0.465656
2.237442 0.465871
2.238408 0.466194
2.239375 0.466463
2.240343 0.466463
2.241312 0.466573
2.242281 0.466408
2.243252 0.46564
2.244223 0.465365
2.245195 0.465036
2.246168 0.464871
2.247141 0.464871
2.248116 0.464652
2.249091 0.463938
2.250067 0.463664
2.251044 0.463554
2.252022 0.46295
2.253 0.462127
2.25398 0.461304
2.254961 0.460426
2.255942 0.459163
2.256924 0.457956
2.257907 0.457407
2.258891 0.456145
2.259876 0.454498
2.260861 0.453016
2.261847 0.451754
2.262835 0.450327
2.263823 0.44901
2.264812 0.447253
2.265802 0.445717
2.266792 0.44407
2.267784 0.442149
2.268776 0.440228
2.26977 0.438637
2.270764 0.43688
2.271759 0.435343
2.272755 0.433697
2.273752 0.431941
2.27475 0.429855
2.275748 0.427934
2.276747 0.425519
2.277748 0.422885
2.278749 0.420195
2.279751 0.416957
2.280754 0.412566
2.281758 0.408285
2.282763 0.40373
2.283768 0.397967
2.284775 0.390887
2.285782 0.3826
2.286791 0.373708
2.2878 0.365146
2.28881 0.357901
2.289821 0.353346
2.290832 0.352907
2.291845 0.356584
2.292859 0.36339
2.293873 0.371348
2.294889 0.37766
2.295905 0.381612
2.296922 0.382929
2.29794 0.381612
2.29896 0.378538
2.299979 0.374861
2.301001 0.371348
2.302022 0.367506
2.303045 0.362512
2.304068 0.356584
2.305093 0.349614
2.306118 0.342095
2.307145 0.33485
2.308172 0.32788
2.309201 0.321568
2.31023 0.315695
2.31126 0.311524
2.31229 0.309109
2.313322 0.308945
2.314355 0.312347
2.315388 0.319921
2.316423 0.331447
2.317458 0.343906
2.318495 0.354499
2.319532 0.361798
2.32057 0.366354
2.321609 0.368878
2.32265 0.371019
2.323691 0.373269
2.324733 0.376891
2.325776 0.38249
2.32682 0.390064
2.327865 0.398132
2.32891 0.404937
2.329957 0.410042
2.331005 0.414542
2.332053 0.417945
2.333103 0.420744
2.334153 0.422885
2.335205 0.424641
2.336257 0.426397
2.33731 0.428044
2.338365 0.429087
2.33942 0.429745
2.340476 0.430239
2.341533 0.430733
2.342591 0.430733
2.34365 0.430459
2.34471 0.430239
2.345771 0.42991
2.346833 0.428812
2.347896 0.427989
2.34896 0.42744
2.350024 0.426342
2.35109 0.424696
2.352157 0.423708
2.353225 0.422391
2.354293 0.421348
2.355363 0.420909
2.356434 0.420415
2.357505 0.42014
2.358577 0.420305
2.359651 0.420689
2.360726 0.420909
2.361801 0.42058
2.362878 0.419811
2.363955 0.418933
2.365033 0.417671
2.366114 0.416079
2.367194 0.414432
2.368275 0.412292
2.369358 0.410261
2.370441 0.40856
2.371525 0.406364
2.372611 0.403236
2.373697 0.400327
2.374785 0.397748
2.375873 0.395442
2.376962 0.393521
2.378052 0.391875
2.379144 0.38968
2.380236 0.38688
2.38133 0.38452
2.382424 0.382545
2.383519 0.381063
2.384615 0.38002
2.385713 0.379306
2.386811 0.379032
2.387911 0.378758
2.389011 0.377715
2.390113 0.375355
2.391215 0.373269
2.392318 0.374477
2.393423 0.378373
2.394528 0.381392
2.395635 0.382929
2.396743 0.385124
2.397851 0.388856
2.398961 0.393741
2.400071 0.399175
2.401183 0.404114
2.402296 0.408176
2.40341 0.411194
2.404524 0.413499
2.40564 0.41575
2.406757 0.417671
2.407875 0.419372
2.408994 0.420415
2.410113 0.420909
2.411234 0.420909
2.412356 0.42058
2.413479 0.420415
2.414603 0.420195
2.415729 0.420415
2.416855 0.42047
2.417982 0.420031
2.419111 0.419262
2.42024 0.418329
2.421371 0.417122
2.422502 0.415695
2.423635 0.413335
2.424768 0.410645
2.425903 0.408889
2.427038 0.408724
2.428176 0.410371
2.429314 0.412731
2.430453 0.414213
2.431592 0.414487
2.432734 0.413335
2.433876 0.411524
2.435019 0.410591
2.436163 0.411139
2.437308 0.412018
2.438454 0.411798
2.439602 0.411085
2.44075 0.411524
2.4419 0.412402
2.443051 0.41306
2.444203 0.412896
2.445355 0.412347
2.44651 0.411798
2.447665 0.411469
2.448821 0.411524
2.449978 0.411578
2.451137 0.411414
2.452296 0.41103
2.453457 0.410152
2.454618 0.408779
2.455781 0.408066
2.456945 0.408121
2.45811 0.407901
2.459276 0.406749
2.460443 0.404443
2.461612 0.401919
2.462781 0.400492
2.463952 0.400382
2.465123 0.400327
2.466296 0.400217
2.46747 0.400272
2.468645 0.40148
2.469821 0.40373
2.470998 0.406364
2.472176 0.40867
2.473356 0.41092
2.474536 0.413499
2.475718 0.415585
2.476901 0.417506
2.478085 0.419646
2.47927 0.421677
2.480456 0.42294
2.481644 0.422994
2.482832 0.42272
2.484022 0.4225
2.485213 0.422665
2.486404 0.42294
2.487597 0.423104
2.488792 0.422775
2.489987 0.422336
2.491184 0.421513
2.492381 0.420634
2.493581 0.419537
2.494781 0.418768
2.495982 0.418384
2.497184 0.418384
2.498387 0.418768
2.499592 0.419098
2.500798 0.419317
2.502005 0.420634
2.503213 0.422775
2.504422 0.424476
2.505633 0.425464
2.506844 0.425848
2.508057 0.425684
2.509271 0.425354
2.510486 0.424696
2.511703 0.424037
2.51292 0.423049
2.514138 0.422281
2.515358 0.422061
2.516579 0.422007
2.517802 0.4225
2.519025 0.423214
2.52025 0.424092
2.521476 0.425025
2.522703 0.425848
2.523931 0.426452
2.52516 0.426342
2.526391 0.425739
2.527622 0.425245
2.528856 0.42519
2.53009 0.425739
2.531325 0.427056
2.532562 0.428154
2.5338 0.428812
2.535039 0.429526
2.536279 0.43002
2.53752 0.42969
2.538763 0.4298
2.540007 0.430678
2.541252 0.432215
2.542498 0.433697
2.543746 0.43463
2.544994 0.435289
2.546244 0.435837
2.547495 0.436002
2.548748 0.435782
2.550002 0.435289
2.551256 0.434685
2.552513 0.433916
2.553771 0.432819
2.555029 0.43205
2.556289 0.432435
2.55755 0.432929
2.558813 0.433862
2.560076 0.435289
2.561341 0.436331
2.562607 0.436606
2.563875 0.436276
2.565143 0.43474
2.566413 0.433423
2.567684 0.433532
2.568957 0.43452
2.57023 0.434575
2.571505 0.434849
2.572781 0.436935
2.574058 0.436222
2.575337 0.433971
2.576617 0.433423
2.577898 0.432874
2.579181 0.433477
2.580465 0.435453
2.58175 0.436716
2.583036 0.438691
2.584324 0.439405
2.585613 0.43913
2.586903 0.440887
2.588195 0.441326
2.589488 0.441491
2.590782 0.441655
2.592077 0.442917
2.593373 0.446375
2.594671 0.44879
2.595971 0.445003
2.597271 0.442204
2.598573 0.442259
2.599876 0.443576
2.601181 0.444564
2.602487 0.445003
2.603794 0.446101
2.605102 0.447967
2.606412 0.448351
2.607723 0.448735
2.609035 0.449339
2.610349 0.449668
2.611664 0.449668
2.612981 0.449778
2.614299 0.449394
2.615618 0.450656
2.616938 0.450931
2.61826 0.449504
2.619583 0.450656
2.620907 0.450711
2.622233 0.44901
2.62356 0.44901
2.624888 0.450052
2.626217 0.451644
2.627548 0.450711
2.628881 0.45126
2.630215 0.452852
2.63155 0.45126
2.632886 0.450766
2.634224 0.450821
2.635564 0.449559
2.636904 0.449065
2.638246 0.448735
2.63959 0.448735
2.640934 0.448735
2.64228 0.448516
2.643628 0.448077
2.644976 0.448625
2.646327 0.448351
2.647678 0.447747
2.649031 0.447253
2.650386 0.447912
2.651741 0.449284
2.653098 0.449065
2.654457 0.448241
2.655817 0.448022
2.657177 0.447144
2.65854 0.447583
2.659904 0.447308
2.66127 0.446265
2.662637 0.445442
2.664005 0.446814
2.665375 0.447418
2.666745 0.445332
2.668118 0.442149
2.669492 0.442808
2.670867 0.440173
2.672244 0.434191
2.673622 0.431172
2.675002 0.429251
2.676383 0.426068
2.677765 0.420689
2.67915 0.415585
2.680535 0.410591
2.681922 0.406749
2.68331 0.402632
2.6847 0.39676
2.68609 0.390613
2.687483 0.383258
2.688877 0.374751
2.690272 0.364762
2.691669 0.355322
2.693067 0.345992
2.694467 0.334082
2.695868 0.320251
2.69727 0.306859
2.698674 0.294235
2.70008 0.283259
2.701487 0.274258
2.702896 0.268165
2.704306 0.265037
2.705717 0.264269
2.70713 0.265366
2.708544 0.268714
2.70996 0.271349
2.711378 0.270251
2.712797 0.26361
2.714217 0.252962
2.715639 0.234247
2.717062 0.199779
2.718487 0.150383
2.719913 0.125246
2.721341 0.136882
2.72277 0.146926
2.7242 0.152249
2.725633 0.159988
2.727067 0.163775
2.728502 0.167727
2.729939 0.173984
2.731377 0.178978
2.732817 0.195663
2.734258 0.216903
2.735701 0.229966
2.737146 0.236003
2.738592 0.241876
2.740039 0.25428
2.741488 0.266848
2.742939 0.269153
2.744391 0.266684
2.745844 0.270635
2.747299 0.276508
2.748756 0.277715
2.750214 0.275081
2.751674 0.269153
2.753135 0.264433
2.754598 0.264214
2.756062 0.262622
2.757528 0.258176
2.758996 0.255048
2.760465 0.253895
2.761936 0.256749
2.763408 0.26383
2.764882 0.272611
2.766357 0.281557
2.767834 0.289131
2.769313 0.293961
2.770793 0.296815
2.772275 0.299504
2.773758 0.302907
2.775243 0.305432
2.77673 0.307408
2.778218 0.30856
2.779707 0.309548
2.781199 0.310591
2.782691 0.310536
2.784185 0.307902
2.785681 0.305377
2.787179 0.308505
2.788678 0.314817
2.790179 0.318659
2.791682 0.320525
2.793186 0.321403
2.794692 0.322062
2.7962 0.322995
2.797709 0.324093
2.799219 0.324696
2.800731 0.325629
2.802245 0.327111
2.803761 0.32755
2.805278 0.326837
2.806797 0.326343
2.808318 0.325959
2.80984 0.325575
2.811363 0.325081
2.812889 0.324971
2.814416 0.325135
2.815945 0.325355
2.817475 0.3253
2.819007 0.325684
2.82054 0.325849
2.822076 0.325684
2.823613 0.325629
2.825152 0.325794
2.826692 0.326123
2.828234 0.326508
2.829778 0.326562
2.831324 0.326837
2.832871 0.327386
2.83442 0.328154
2.835971 0.328648
2.837523 0.328977
2.839077 0.329362
2.840632 0.329691
2.84219 0.330075
2.843749 0.330404
2.84531 0.330295
2.846872 0.33002
2.848437 0.329801
2.850003 0.329746
2.85157 0.33013
2.85314 0.330953
2.854711 0.331392
2.856283 0.331228
2.857857 0.331008
2.859434 0.331008
2.861012 0.330953
2.862592 0.331008
2.864173 0.330898
2.865757 0.330789
2.867342 0.330789
2.868929 0.330349
2.870517 0.329746
2.872108 0.329581
2.873699 0.329362
2.875293 0.329362
2.876889 0.329142
2.878486 0.328703
2.880085 0.328154
2.881686 0.327989
2.883289 0.327989
2.884893 0.328319
2.886499 0.328483
2.888107 0.328099
2.889717 0.32788
2.891329 0.327825
2.892942 0.327715
2.894558 0.32766
2.896175 0.32766
2.897794 0.327825
2.899415 0.328099
2.901037 0.328319
2.902662 0.328264
2.904288 0.328209
2.905916 0.328044
2.907546 0.328044
2.909178 0.328099
2.910811 0.328374
2.912446 0.328703
2.914083 0.329197
2.915722 0.329526
2.917363 0.33002
2.919006 0.330459
2.92065 0.330953
2.922296 0.331228
2.923944 0.331283
2.925594 0.331118
2.927246 0.331118
2.9289 0.331337
2.930556 0.331228
2.932213 0.331283
2.933873 0.331392
2.935534 0.331447
2.937198 0.331502
2.938863 0.331392
2.94053 0.331337
2.942199 0.331283
2.943869 0.331173
2.945542 0.331118
2.947217 0.331502
2.948893 0.331722
2.950572 0.331667
2.952252 0.331612
2.953934 0.331776
2.955618 0.331667
2.957304 0.331612
2.958992 0.331557
2.960681 0.331502
2.962373 0.331612
2.964067 0.331776
2.965763 0.331886
2.96746 0.332216
2.96916 0.33249
2.970861 0.3326
2.972565 0.3326
2.974271 0.332819
2.975978 0.332984
2.977687 0.332929
2.979398 0.332764
2.981112 0.332545
2.982827 0.332325
2.984544 0.332106
2.986264 0.332106
2.987985 0.332161
2.989709 0.332435
2.991434 0.332764
2.993161 0.332929
2.99489 0.333039
2.996621 0.333039
2.998354 0.333258
3.000089 0.333588
3.001826 0.333807
3.003565 0.333917
3.005306 0.334191
3.00705 0.33463
3.008795 0.33463
3.010542 0.33485
3.012291 0.33507
3.014043 0.33507
3.015796 0.335124
3.017552 0.33507
3.019309 0.334905
3.021069 0.334576
3.02283 0.334301
3.024594 0.334082
3.02636 0.333643
3.028127 0.332929
3.029897 0.33249
3.031669 0.332216
3.033443 0.332051
3.035219 0.331941
3.036998 0.332106
3.038778 0.332216
3.04056 0.332435
3.042344 0.332764
3.04413 0.332874
3.045919 0.332764
3.047709 0.332655
3.049502 0.33249
3.051297 0.33249
3.053094 0.332655
3.054893 0.3326
3.056694 0.332655
3.058498 0.33271
3.060303 0.3326
3.062111 0.33249
3.063921 0.33249
3.065733 0.3326
3.067547 0.332929
3.069363 0.333039
3.071181 0.332764
3.073001 0.332325
3.074824 0.332106
3.076649 0.33227
3.078476 0.332435
3.080305 0.33249
3.082136 0.3326
3.08397 0.332764
3.085805 0.332874
3.087644 0.332984
3.089484 0.332819
3.091326 0.332545
3.093171 0.33227
3.095017 0.332106
3.096866 0.332106
3.098717 0.33238
3.10057 0.332819
3.102426 0.333368
3.104284 0.333752
3.106144 0.334027
3.108006 0.334137
3.109871 0.334191
3.111737 0.334301
3.113606 0.334521
3.115477 0.334795
3.11735 0.335015
3.119226 0.335344
3.121104 0.335564
3.122984 0.335728
3.124866 0.335783
3.126751 0.335893
3.128638 0.335893
3.130527 0.335728
3.132419 0.335618
3.134313 0.335454
3.136209 0.33507
3.138108 0.33463
3.140008 0.334082
3.141912 0.333313
3.143817 0.33238
3.145725 0.331831
3.147635 0.331502
3.149547 0.331337
3.151462 0.331008
3.153378 0.33024
3.155298 0.329471
3.157219 0.329307
3.159143 0.329965
3.16107 0.330679
3.162998 0.331228
3.164929 0.331612
3.166862 0.331722
3.168798 0.331886
3.170736 0.332161
3.172677 0.33271
3.174619 0.333203
3.176565 0.333752
3.178513 0.334301
3.180463 0.334905
3.182415 0.335234
3.18437 0.335728
3.186327 0.336222
3.188287 0.336826
3.190248 0.337484
3.192213 0.338308
3.19418 0.339131
3.196149 0.339954
3.198121 0.340558
3.200095 0.341271
3.202072 0.342095
3.204051 0.342644
3.206032 0.343247
3.208016 0.343796
3.210002 0.34418
3.211991 0.344729
3.213982 0.345168
3.215976 0.345443
3.217972 0.345827
3.219971 0.346266
3.221972 0.346815
3.223976 0.347364
3.225982 0.347693
3.227991 0.348187
3.230002 0.348736
3.232016 0.349175
3.234032 0.349833
3.236051 0.350218
3.238072 0.350547
3.240096 0.351096
3.242123 0.351645
3.244152 0.352029
3.246183 0.352413
3.248217 0.352962
3.250253 0.353346
3.252293 0.35373
3.254334 0.35395
3.256378 0.354224
3.258425 0.354499
3.260474 0.354828
3.262526 0.355102
3.26458 0.355102
3.266638 0.354993
3.268697 0.354883
3.27076 0.354608
3.272825 0.354114
3.274892 0.353236
3.276962 0.352358
3.279035 0.3517
3.28111 0.351535
3.283188 0.35159
3.285269 0.351645
3.287352 0.3517
3.289438 0.35148
3.291526 0.350876
3.293617 0.349614
3.295711 0.347528
3.297807 0.344729
3.299906 0.340997
3.302008 0.336826
3.304113 0.332984
3.30622 0.329746
3.30833 0.327441
3.310443 0.326233
3.312558 0.326014
3.314676 0.326947
3.316797 0.328703
3.31892 0.331173
3.321046 0.333972
3.323175 0.337045
3.325307 0.340174
3.327442 0.343412
3.329579 0.346486
3.331719 0.34912
3.333861 0.351206
3.336007 0.352468
3.338155 0.352633
3.340306 0.351974
3.342458 0.350492
3.344615 0.348132
3.346774 0.344949
3.348936 0.341546
3.351101 0.338472
3.353268 0.336387
3.355439 0.335783
3.357612 0.336936
3.359789 0.33968
3.361968 0.343357
3.364149 0.346925
3.366334 0.349998
3.368521 0.352523
3.370711 0.354608
3.372904 0.356365
3.3751 0.358011
3.3773 0.359438
3.379501 0.360701
3.381706 0.361908
3.383913 0.363225
3.386123 0.364542
3.388336 0.36564
3.390553 0.366573
3.392771 0.367451
3.394992 0.368384
3.397217 0.369208
3.399445 0.369811
3.401675 0.370525
3.403909 0.371184
3.406146 0.371677
3.408385 0.372171
3.410627 0.37261
3.412873 0.37305
3.415121 0.373598
3.417372 0.374147
3.419626 0.374861
3.421884 0.375629
3.424144 0.376398
3.426407 0.377056
3.428673 0.37777
3.430943 0.378538
3.433215 0.379416
3.43549 0.380185
3.437768 0.380843
3.440049 0.381447
3.442333 0.382051
3.444621 0.3826
3.446911 0.382984
3.449204 0.383313
3.4515 0.383752
3.4538 0.384246
3.456102 0.38463
3.458408 0.38485
3.460716 0.385069
3.463028 0.385179
3.465343 0.385344
3.467662 0.385453
3.469983 0.385508
3.472307 0.385508
3.474634 0.385399
3.476965 0.385179
3.479298 0.385124
3.481635 0.385234
3.483975 0.385234
3.486317 0.385289
3.488663 0.385563
3.491012 0.385728
3.493365 0.386002
3.49572 0.386332
3.498079 0.386551
3.500441 0.386935
3.502806 0.387374
3.505175 0.387759
3.507547 0.388198
3.509921 0.388801
3.512299 0.389295
3.514681 0.38968
3.517065 0.390064
3.519453 0.390393
3.521844 0.390777
3.524238 0.391052
3.526636 0.391381
3.529036 0.391655
3.53144 0.391985
3.533848 0.392094
3.536258 0.392094
3.538672 0.392259
3.541089 0.392424
3.543509 0.392588
3.545932 0.392808
3.548359 0.393028
3.55079 0.393137
3.553223 0.393302
3.55566 0.393576
3.558101 0.393576
3.560545 0.393521
3.562992 0.393576
3.565443 0.393796
3.567896 0.39407
3.570354 0.39418
3.572814 0.394235
3.575278 0.394345
3.577746 0.394455
3.580216 0.394674
3.582691 0.394894
3.585169 0.395223
3.58765 0.395388
3.590135 0.395497
3.592623 0.395552
3.595114 0.395607
3.597609 0.395662
3.600107 0.395882
3.602608 0.396046
3.605114 0.396046
3.607622 0.395991
3.610135 0.396046
3.61265 0.396156
3.61517 0.396375
3.617692 0.396485
3.620219 0.39654
3.622749 0.396595
3.625283 0.39654
3.627819 0.39665
3.63036 0.39665
3.632904 0.39665
3.635452 0.39665
3.638003 0.396705
3.640558 0.396815
3.643116 0.397034
3.645679 0.397144
3.648244 0.397254
3.650813 0.397309
3.653386 0.397418
3.655962 0.397583
3.658543 0.397693
3.661126 0.397802
3.663713 0.397967
3.666304 0.398132
3.668898 0.398351
3.671497 0.398406
3.674099 0.398516
3.676705 0.39879
3.679314 0.3989
3.681927 0.398845
3.684544 0.398351
3.687165 0.395717
3.689789 0.3944
3.692417 0.397034
3.695049 0.39879
3.697685 0.399284
3.700324 0.399449
3.702967 0.399614
3.705615 0.399943
3.708265 0.400327
3.71092 0.400437
3.713578 0.400547
3.71624 0.400711
3.718906 0.400876
3.721576 0.401041
3.724249 0.401205
3.726926 0.401315
3.729607 0.40148
3.732292 0.401535
3.734981 0.40159
3.737674 0.401644
3.740371 0.401754
3.743071 0.401864
3.745776 0.401974
3.748485 0.402083
3.751197 0.402193
3.753913 0.402138
3.756634 0.402193
3.759358 0.402138
3.762086 0.402138
3.764818 0.402138
3.767554 0.402193
3.770293 0.402303
3.773037 0.402413
3.775785 0.402248
3.778537 0.402083
3.781293 0.402083
3.784053 0.402083
3.786817 0.401974
3.789586 0.401864
3.792358 0.401754
3.795134 0.401754
3.797915 0.401644
3.800699 0.401535
3.803488 0.401425
3.80628 0.40137
3.809077 0.40126
3.811877 0.401205
3.814683 0.401096
3.817492 0.40115
3.820305 0.401096
3.823123 0.401041
3.825944 0.400986
3.82877 0.400821
3.8316 0.400711
3.834434 0.400766
3.837271 0.400821
3.840113 0.400656
3.84296 0.400492
3.845811 0.400437
3.848666 0.400492
3.851525 0.400382
3.854389 0.400217
3.857257 0.400162
3.86013 0.400053
3.863006 0.400053
3.865887 0.399888
3.868772 0.399669
3.871661 0.399449
3.874554 0.399449
3.877452 0.399284
3.880355 0.399229
3.883262 0.39912
3.886173 0.398955
3.889088 0.3989
3.892008 0.398845
3.894932 0.39879
3.897861 0.398736
3.900793 0.398681
3.903731 0.398571
3.906672 0.398571
3.909618 0.398461
3.912569 0.398461
3.915524 0.398516
3.918483 0.398351
3.921447 0.398242
3.924416 0.398242
3.927389 0.398187
3.930367 0.398187
3.933349 0.398187
3.936336 0.398132
3.939327 0.398132
3.942322 0.398132
3.945323 0.398187
3.948327 0.398187
3.951337 0.398242
3.954351 0.398461
3.95737 0.398516
3.960393 0.398516
3.963421 0.398461
3.966453 0.398571
3.96949 0.398681
3.972532 0.398571
3.975579 0.398461
3.978629 0.398626
3.981685 0.398845
3.984745 0.39879
3.98781 0.398681
3.99088 0.398736
3.993955 0.398736
3.997034 0.398626
4.000118 0.398571
4.003208 0.398406
4.006302 0.398351
4.0094 0.398242
4.012504 0.398022
4.015612 0.397748
4.018724 0.397528
4.021842 0.397363
4.024965 0.397254
4.028091 0.397034
4.031223 0.396924
4.03436 0.39665
4.037502 0.396485
4.040649 0.39643
4.043801 0.39643
4.046958 0.396266
4.050119 0.396156
4.053287 0.395991
4.056458 0.395936
4.059635 0.395936
4.062816 0.395882
4.066003 0.395772
4.069194 0.395772
4.072391 0.395772
4.075593 0.395717
4.078799 0.395772
4.082011 0.395717
4.085227 0.395607
4.088449 0.395607
4.091676 0.395662
4.094908 0.395662
4.098145 0.395662
4.101388 0.395772
4.104634 0.395827
4.107887 0.395827
4.111144 0.395772
4.114407 0.395717
4.117675 0.395717
4.120948 0.395717
4.124227 0.395662
4.12751 0.395662
4.130799 0.395552
4.134094 0.395552
4.137393 0.395442
4.140697 0.395442
4.144008 0.395442
4.147323 0.395442
4.150643 0.395442
4.153969 0.395388
4.157301 0.395223
4.160638 0.395168
4.16398 0.395003
4.167327 0.395003
4.17068 0.395003
4.174038 0.394948
4.177401 0.394894
4.18077 0.394948
4.184143 0.394948
4.187523 0.394894
4.190908 0.394839
4.194299 0.395003
4.197695 0.395168
4.201097 0.395552
4.204504 0.396101
4.207917 0.39676
4.211336 0.397418
4.214759 0.398022
4.218189 0.398626
4.221624 0.39912
4.225064 0.399339
4.22851 0.399449
4.231962 0.399449
4.23542 0.399449
4.238883 0.399339
4.242352 0.399175
4.245827 0.39879
4.249307 0.397967
4.252793 0.396705
4.256284 0.395882
4.259782 0.396375
4.263285 0.397199
4.266792 0.397363
4.270307 0.397254
4.273828 0.397144
4.277354 0.396979
4.280886 0.39676
4.284424 0.39654
4.287968 0.396266
4.291517 0.396046
4.295074 0.395772
4.298635 0.395442
4.302202 0.395223
4.305776 0.395003
4.309355 0.394509
4.31294 0.394015
4.316531 0.393686
4.320128 0.393412
4.323732 0.393028
4.327342 0.392698
4.330956 0.392369
4.334578 0.39204
4.338205 0.39171
4.341838 0.391546
4.345478 0.391161
4.349123 0.390942
4.352774 0.390942
4.356431 0.390722
4.360096 0.390503
4.363765 0.390283
4.367442 0.389954
4.371124 0.389789
4.374813 0.38946
4.378508 0.389131
4.38221 0.388856
4.385918 0.388472
4.389631 0.387978
4.393351 0.387594
4.397078 0.387045
4.40081 0.386551
4.404549 0.385893
4.408295 0.385453
4.412045 0.384959
4.415803 0.384466
4.419568 0.383917
4.423338 0.383368
4.427116 0.382654
4.4309 0.381721
4.43469 0.380624
4.438487 0.379636
4.442291 0.378648
4.446101 0.37766
4.449917 0.376782
4.45374 0.376178
4.45757 0.375684
4.461406 0.37541
4.465249 0.37508
4.469098 0.374806
4.472954 0.374696
4.476817 0.374641
4.480686 0.374422
4.484562 0.374202
4.488445 0.374038
4.492334 0.373763
4.496231 0.373489
4.500134 0.373214
4.504043 0.372995
4.507959 0.37294
4.511883 0.37283
4.515813 0.372775
4.51975 0.372556
4.523694 0.372281
4.527645 0.372117
4.531602 0.371842
4.535568 0.371403
4.539539 0.371019
4.543518 0.37058
4.547503 0.370141
4.551496 0.369482
4.555496 0.368878
4.559502 0.368275
4.563516 0.367671
4.567537 0.366903
4.571565 0.366024
4.5756 0.365311
4.579642 0.364542
4.583691 0.363555
4.587747 0.362457
4.591811 0.361249
4.595881 0.359822
4.599958 0.358231
4.604044 0.356474
4.608136 0.354608
4.612236 0.352523
4.616343 0.350218
4.620458 0.347803
4.624579 0.345278
4.628708 0.342589
4.632845 0.339954
4.636989 0.337594
4.64114 0.335509
4.645299 0.333752
4.649466 0.33238
4.653639 0.331557
4.65782 0.331008
4.662009 0.330734
4.666206 0.330349
4.67041 0.32991
4.674621 0.329362
4.67884 0.328703
4.683066 0.32777
4.687301 0.326727
4.691543 0.325629
4.695792 0.324587
4.700048 0.323599
4.704313 0.32294
4.708586 0.322391
4.712867 0.322172
4.717155 0.322227
4.721451 0.322611
4.725755 0.322995
4.730067 0.323489
4.734388 0.323873
4.738715 0.324038
4.743051 0.324038
4.747394 0.323818
4.751746 0.32316
4.756105 0.322117
4.760472 0.320745
4.764848 0.319153
4.769232 0.317397
4.773623 0.315695
4.778023 0.314213
4.782431 0.313006
4.786847 0.312073
4.791271 0.31125
4.795703 0.310372
4.800144 0.309603
4.804591 0.30867
4.809048 0.307957
4.813513 0.307243
4.817986 0.306585
4.822468 0.305926
4.826958 0.305103
4.831457 0.304334
4.835964 0.303785
4.84048 0.303237
4.845004 0.302633
4.849536 0.302084
4.854077 0.30148
4.858626 0.300767
4.863184 0.299944
4.867751 0.298956
4.872326 0.297913
4.876908 0.296486
4.8815 0.294949
4.886101 0.293302
4.89071 0.291382
4.895329 0.289461
4.899956 0.28754
4.904591 0.285454
4.909236 0.283423
4.91389 0.281173
4.918552 0.278758
4.923223 0.276398
4.927903 0.274038
4.932591 0.271843
4.937289 0.270086
4.941996 0.268989
4.946712 0.268824
4.951437 0.269428
4.956171 0.270525
4.960914 0.271458
4.965665 0.272117
4.970426 0.272611
4.975196 0.272886
4.979976 0.272886
4.984764 0.272776
4.989561 0.272391
4.994367 0.272117
4.999184 0.271952
5.004009 0.271733
5.008844 0.271513
5.013688 0.271239
5.018541 0.271074
5.023404 0.270525
5.028277 0.269647
5.033159 0.268714
5.038051 0.267452
5.042951 0.26586
5.047862 0.26383
5.052782 0.261415
5.057711 0.258561
5.06265 0.255322
5.0676 0.251645
5.072558 0.247529
5.077527 0.243083
5.082504 0.238089
5.087492 0.232161
5.09249 0.22585
5.097497 0.219538
5.102514 0.21361
5.10754 0.208177
5.112577 0.203457
5.117624 0.199505
5.122681 0.196431
5.127748 0.194017
5.132825 0.192205
5.137912 0.190888
5.143009 0.189845
5.148117 0.189077
5.153234 0.187979
5.158362 0.186772
5.1635 0.18529
5.168648 0.183424
5.173806 0.181174
5.178975 0.178704
5.184154 0.17596
5.189344 0.173106
5.194544 0.170306
5.199754 0.167727
5.204975 0.165477
5.210206 0.164104
5.215447 0.163226
5.2207 0.162787
5.225963 0.163446
5.231235 0.164763
5.236519 0.1663
5.241814 0.167837
5.247119 0.169373
5.252435 0.17091
5.257762 0.172337
5.2631 0.173435
5.268449 0.174423
5.273809 0.175136
5.27918 0.17552
5.284561 0.175795
5.289953 0.176179
5.295357 0.175905
5.300771 0.175356
5.306197 0.174752
5.311634 0.173819
5.31708 0.172337
5.322538 0.170581
5.328009 0.168715
5.33349 0.166958
5.338983 0.165312
5.344487 0.164269
5.350003 0.163501
5.355529 0.162238
5.361069 0.161196
5.366619 0.160537
5.37218 0.160098
5.377753 0.159824
5.383337 0.159988
5.388933 0.160372
5.394541 0.161031
5.40016 0.161854
5.405792 0.162623
5.411435 0.163117
5.417089 0.163501
5.422756 0.162952
5.428434 0.160757
5.434124 0.158177
5.439826 0.155433
5.44554 0.152195
5.451264 0.148737
5.457003 0.145389
5.462753 0.142535
5.468515 0.139626
5.47429 0.137431
5.480077 0.135949
5.485876 0.134741
5.491687 0.134138
5.497512 0.133863
5.503348 0.134028
5.509196 0.134192
5.515058 0.134522
5.520931 0.134741
5.526816 0.134741
5.532715 0.134686
5.538626 0.134851
5.544551 0.135345
5.550487 0.136168
5.556436 0.136937
5.562398 0.13776
5.568373 0.139077
5.57436 0.141218
5.58036 0.143468
5.586374 0.14484
5.592398 0.146267
5.598437 0.148133
5.604489 0.14967
5.610555 0.150877
5.616633 0.15192
5.622725 0.152304
5.62883 0.152469
5.634949 0.152743
5.641082 0.152743
5.647227 0.151426
5.653385 0.150109
5.659557 0.148737
5.665742 0.147694
5.671941 0.147804
5.678154 0.147859
5.68438 0.147968
5.69062 0.148956
5.696874 0.149835
5.703141 0.151097
5.709422 0.152798
5.715717 0.153786
5.722026 0.15439
5.728348 0.154829
5.734685 0.155488
5.741033 0.156201
5.747398 0.156805
5.753777 0.156695
5.76017 0.157518
5.766577 0.158342
5.772999 0.15686
5.779435 0.155762
5.785885 0.154884
5.792351 0.154006
5.798831 0.153073
5.805324 0.151371
5.811832 0.14967
5.818355 0.148188
5.824893 0.145279
5.831445 0.141382
5.838012 0.138034
5.844594 0.135729
5.851191 0.134686
5.857803 0.134906
5.864429 0.136168
5.871071 0.138309
5.877727 0.14226
5.884399 0.145005
5.891086 0.146596
5.897785 0.148353
5.904502 0.147804
5.911235 0.14709
5.917983 0.145608
5.924747 0.142974
5.931525 0.140449
5.93832 0.136223
5.94513 0.130076
5.951957 0.124643
5.958798 0.120087
5.965655 0.116904
5.972528 0.11405
5.979417 0.112129
5.986322 0.111855
5.993242 0.11169
6.000179 0.11169
6.00713 0.112568
6.014098 0.113666
6.021083 0.114105
6.028085 0.114434
6.035102 0.114928
6.042136 0.1163
6.049186 0.117178
6.056253 0.115367
6.063337 0.114599
6.070437 0.115148
6.077554 0.115422
6.084687 0.115916
6.091837 0.117727
6.099004 0.120526
6.106188 0.124533
6.113389 0.129363
6.120608 0.132875
6.127842 0.136168
6.135094 0.14001
6.142364 0.143523
6.14965 0.146267
6.156953 0.148956
6.164274 0.151042
6.171613 0.152743
6.178967 0.155543
6.18634 0.158122
6.193731 0.159275
6.201139 0.160702
6.208566 0.162732
6.216011 0.164873
6.223473 0.166849
6.230953 0.168715
6.238452 0.170581
6.245968 0.172337
6.253502 0.173764
6.261055 0.174972
6.268626 0.175795
6.276215 0.176179
6.283823 0.176399
6.291449 0.176399
6.299095 0.176234
6.306758 0.176234
6.31444 0.176234
6.32214 0.176234
6.32986 0.176399
6.337598 0.177496
6.345355 0.1781
6.353131 0.177167
6.360924 0.177002
6.368739 0.177496
6.376572 0.176838
6.384425 0.176124
6.392297 0.17563
6.400189 0.175466
6.4081 0.177057
6.416031 0.177112
6.423983 0.174752
6.431953 0.173545
6.439943 0.172557
6.447953 0.172173
6.455982 0.171624
6.464032 0.17102
6.472102 0.170691
6.480192 0.170252
6.488305 0.169977
6.496436 0.168276
6.504587 0.165202
6.512758 0.163775
6.52095 0.163062
6.529163 0.16158
6.537397 0.160757
6.545651 0.160537
6.553923 0.160208
6.562219 0.159933
6.570536 0.160208
6.578875 0.159659
6.587234 0.159549
6.595614 0.159824
6.604017 0.159604
6.61244 0.159714
6.620886 0.160043
6.629353 0.161141
6.637841 0.16158
6.646351 0.160043
6.654883 0.158945
6.663437 0.158836
6.672013 0.158836
6.680611 0.158397
6.689233 0.15697
6.697875 0.155762
6.70654 0.155103
6.715228 0.153731
6.723937 0.151646
6.73267 0.149395
6.741425 0.147255
6.750203 0.145334
6.759001 0.143303
6.767824 0.141657
6.776671 0.14012
6.785541 0.138583
6.794435 0.136333
6.803351 0.133424
6.812291 0.130954
6.821255 0.128924
6.830244 0.126618
6.839254 0.124313
6.848289 0.122996
6.857347 0.122502
6.86643 0.121295
6.875537 0.119429
6.884668 0.118111
6.893823 0.117014
6.902999 0.115916
6.912203 0.114379
6.921432 0.112513
6.930685 0.110482
6.939963 0.108342
6.949265 0.10664
6.958593 0.105213
6.967947 0.103128
6.977327 0.101262
6.98673 0.099945
6.996159 0.098572
7.005613 0.097091
7.015093 0.095718
7.024599 0.094237
7.03413 0.092864
7.043687 0.091767
7.053272 0.090065
7.062882 0.088474
7.072517 0.087047
7.082179 0.085949
7.091867 0.084851
7.101583 0.083699
7.111324 0.082711
7.121092 0.081503
7.130883 0.080131
7.140706 0.079088
7.150555 0.078101
7.160431 0.077003
7.170335 0.07596
7.180266 0.074808
7.190225 0.073929
7.200211 0.0736
7.210228 0.073161
7.22027 0.072667
7.23034 0.072393
7.240438 0.072008
7.250565 0.071514
7.26072 0.070801
7.270903 0.070033
7.281115 0.0691
7.291358 0.067947
7.301627 0.066849
7.311926 0.065587
7.322253 0.064434
7.33261 0.063282
7.342996 0.062074
7.353412 0.060757
7.363857 0.059659
7.374328 0.058507
7.384833 0.057409
7.395367 0.056421
7.405932 0.055653
7.416527 0.05472
7.427153 0.053951
7.437809 0.053293
7.448495 0.05247
7.459215 0.051536
7.469963 0.050549
7.480742 0.049451
7.491552 0.048243
7.502394 0.047146
7.513267 0.045993
7.524172 0.044731
7.535108 0.043523
7.546078 0.042206
7.557078 0.040779
7.56811 0.039297
7.579175 0.03809
7.590272 0.036992
7.601401 0.036004
7.612564 0.034961
7.623759 0.033973
7.634982 0.03315
7.646243 0.032327
7.657537 0.031394
7.668865 0.030406
7.680227 0.029473
7.691622 0.028705
7.703051 0.027826
7.714513 0.027003
7.726013 0.02618
7.737544 0.025357
7.74911 0.024643
7.76071 0.024094
7.772346 0.023381
7.784016 0.022667
7.795721 0.021899
7.807461 0.021295
7.819234 0.020472
7.831045 0.019758
7.842893 0.019155
7.854775 0.018661
7.866695 0.018057
7.87865 0.017343
7.890642 0.01663
7.90267 0.016136
7.914737 0.015477
7.926839 0.014874
7.938978 0.01438
7.951155 0.013996
7.963368 0.013721
7.97562 0.013447
7.987909 0.013227
8.000236 0.013282
8.012604 0.013337
8.025007 0.013392
8.03745 0.013502
8.04993 0.013831
8.062449 0.01416
8.075007 0.014654
8.087605 0.015258
8.100242 0.016081
8.112914 0.016904
8.12563 0.017783
8.138387 0.01888
8.151183 0.020197
8.16402 0.021734
8.176896 0.023491
8.189815 0.025192
8.202773 0.027223
8.215774 0.029583
8.228815 0.032217
8.241898 0.034907
8.255021 0.03798
8.268188 0.041383
8.281395 0.045115
8.294645 0.049231
8.307939 0.053897
8.321277 0.058781
8.334655 0.06416
8.348077 0.070087
8.361541 0.076564
8.37505 0.083479
8.388601 0.090614
8.402197 0.098079
8.415837 0.105927
8.429516 0.113995
8.443245 0.122228
8.457019 0.130625
8.470837 0.139571
8.484701 0.148956
8.49861 0.158506
8.512566 0.16844
8.526567 0.178539
8.540616 0.188583
8.554709 0.198627
8.56885 0.208561
8.583036 0.218111
8.59727 0.227441
8.611551 0.236387
8.62588 0.24473
8.640257 0.252633
8.654684 0.260372
8.669156 0.267726
8.683678 0.274642
8.698248 0.280844
8.712867 0.285838
8.727534 0.288747
8.742252 0.289241
8.75702 0.287704
8.771832 0.285454
8.786699 0.283094
8.801618 0.281283
8.816586 0.279581
8.831606 0.2781
8.846677 0.276837
8.861799 0.276179
8.876974 0.275849
8.892203 0.276398
8.907482 0.277496
8.922813 0.278539
8.938197 0.279033
8.953634 0.279142
8.969126 0.278593
8.98467 0.277715
9.000268 0.275849
9.015924 0.273105
9.031631 0.271019
9.047393 0.271184
9.06321 0.27316
9.079082 0.275959
9.095011 0.278045
9.110995 0.278429
9.127035 0.275849
9.143127 0.27069
9.159282 0.265805
9.175492 0.264763
9.191761 0.266738
9.208088 0.270361
9.224472 0.273928
9.240915 0.276837
9.257417 0.278648
9.27398 0.279033
9.290601 0.27766
9.307281 0.274697
9.32402 0.269977
9.34082 0.264708
9.35768 0.257902
9.374602 0.250163
9.391585 0.242699
9.408624 0.236278
9.42573 0.230405
9.442899 0.225081
9.460131 0.220361
9.477425 0.218275
9.494783 0.221239
9.512204 0.228703
9.52969 0.238144
9.547244 0.24687
9.564858 0.253786
9.582539 0.259658
9.600284 0.263775
9.618095 0.26586
9.635973 0.266299
9.653916 0.265366
9.671927 0.263445
9.690009 0.260701
9.708156 0.257243
9.72637 0.253127
9.744653 0.248187
9.763004 0.242315
9.781425 0.235454
9.799915 0.227606
9.818476 0.217891
9.837101 0.206201
9.855803 0.193797
9.874576 0.182216
9.89342 0.172227
9.912336 0.163885
9.931326 0.157189
9.950388 0.151975
9.969523 0.147639
9.988736 0.143852
10.008019 0.141273
10.027377 0.139626
10.04681 0.138693
10.066319 0.138583
10.085902 0.139077
10.105563 0.139681
10.1253 0.14001
10.145119 0.14023
10.165011 0.139791
10.184982 0.138144
10.205031 0.135565
10.22516 0.132107
10.245367 0.127881
10.265656 0.123929
10.286023 0.121075
10.306466 0.119044
10.326997 0.117617
10.34761 0.117123
10.368304 0.117233
10.389083 0.117617
10.409945 0.118166
10.43089 0.118935
10.45192 0.119703
10.473039 0.120636
10.49424 0.121459
10.515526 0.122118
10.536899 0.122392
10.558359 0.122118
10.579906 0.121679
10.601542 0.12124
10.623267 0.120801
10.645084 0.119977
10.666988 0.118989
10.688982 0.117837
10.711066 0.1163
10.733243 0.114215
10.755511 0.111855
10.777872 0.109385
10.800325 0.10664
10.822865 0.103732
10.845508 0.101042
10.868244 0.098572
10.891077 0.096542
10.914005 0.09517
10.937031 0.094511
10.960154 0.09484
10.983374 0.095664
11.006698 0.096761
11.030116 0.097694
11.053635 0.098408
11.077253 0.099176
11.100973 0.100329
11.124795 0.101975
11.14872 0.103841
11.172747 0.105872
11.196871 0.107848
11.221107 0.109714
11.245447 0.111415
11.269894 0.113062
11.294447 0.114379
11.319107 0.115477
11.343875 0.116739
11.368752 0.117727
11.393744 0.11855
11.418839 0.119374
11.444047 0.120087
11.469365 0.120636
11.494797 0.12135
11.52034 0.121898
11.545999 0.122392
11.571771 0.122886
11.597663 0.12327
11.623667 0.123325
11.649787 0.12349
11.676025 0.123545
11.702382 0.123325
11.728858 0.123051
11.755454 0.122557
11.782171 0.122228
11.809002 0.121898
11.835962 0.121624
11.863048 0.12102
11.890256 0.120197
11.91759 0.119429
11.94505 0.11855
11.972636 0.117562
12.000351 0.116245
12.028198 0.115093
12.056171 0.114105
12.084274 0.112733
12.112508 0.111306
12.140875 0.109769
12.169374 0.108177
12.198009 0.106421
12.226777 0.104665
12.255688 0.102689
12.28473 0.100658
12.31391 0.098902
12.343228 0.096652
12.372687 0.094072
12.402287 0.091383
12.432029 0.088364
12.461913 0.085126
12.491931 0.081942
12.522105 0.078595
12.552425 0.074808
12.582892 0.071185
12.613507 0.068002
12.644272 0.065258
12.675187 0.063227
12.706254 0.0618
12.737479 0.060538
12.768852 0.059056
12.80038 0.058562
12.832064 0.059934
12.863906 0.062239
12.895905 0.064599
12.928064 0.065642
12.960384 0.065203
12.992874 0.064325
13.025519 0.063666
13.05833 0.062952
13.091305 0.061196
13.124448 0.058013
13.157759 0.05483
13.191238 0.052524
13.22489 0.051427
13.258701 0.051591
13.292698 0.053183
13.326869 0.05461
13.361217 0.054665
13.395742 0.053622
13.430446 0.051811
13.46533 0.049341
13.500397 0.046542
13.535651 0.043578
13.571085 0.040889
13.606705 0.038748
13.642511 0.03787
13.678508 0.037102
13.714694 0.036059
13.751073 0.034467
13.787644 0.032437
13.82442 0.030132
13.861383 0.028046
13.898545 0.026509
13.935907 0.025905
13.97347 0.025905
14.011236 0.025466
14.049208 0.024643
14.087384 0.02393
14.125755 0.023051
14.16435 0.022722
14.203156 0.022777
14.242176 0.024314
14.281411 0.027387
14.320862 0.03304
14.360532 0.041548
14.400422 0.053512
14.440542 0.06866
14.48088 0.085949
14.521442 0.103347
14.562233 0.118276
14.603253 0.129308
14.644506 0.135619
14.685991 0.138693
14.727713 0.142041
14.76966 0.146487
14.811859 0.148902
14.8543 0.146377
14.896984 0.137925
14.939916 0.124368
14.983094 0.108507
15.026524 0.095334
15.070205 0.085949
15.11415 0.079088
15.158343 0.074094
15.202796 0.070856
15.24751 0.068496
15.292488 0.066465
15.337732 0.064709
15.383245 0.063172
15.429028 0.06191
15.475092 0.060373
15.521424 0.058836
15.568036 0.057299
15.614927 0.055049
15.662103 0.052305
15.709563 0.049506
15.757313 0.046816
15.805353 0.044182
15.853672 0.041438
15.902304 0.039242
15.951234 0.037047
16.000465 0.034852
16.050003 0.032876
16.099848 0.031284
16.150003 0.029418
16.200472 0.028211
16.251265 0.027497
16.30237 0.027168
16.353796 0.026838
16.405548 0.027278
16.45763 0.02865
16.510042 0.030186
16.56279 0.032492
16.615877 0.035236
16.669313 0.038145
16.723085 0.042151
16.777206 0.047201
16.831676 0.053622
16.886503 0.061086
16.941689 0.069703
16.997234 0.079582
17.053146 0.090944
17.109409 0.103018
17.166063 0.116245
17.223093 0.13079
17.280504 0.146541
17.338299 0.163391
17.396481 0.181174
17.455055 0.197639
17.514025 0.212019
17.573404 0.224038
17.633179 0.233369
17.693359 0.240613
17.753954 0.245937
17.814964 0.249889
17.876394 0.251645
17.938251 0.252523
18.000536 0.253072
18.063269 0.252633
18.126427 0.252304
18.190027 0.250493
18.254078 0.245443
18.318579 0.239186
18.383539 0.233204
18.448961 0.227551
18.514851 0.22327
18.58119 0.223929
18.648029 0.228319
18.715351 0.233533
18.783159 0.238253
18.851461 0.243083
18.920263 0.247639
18.989569 0.252688
19.059383 0.260976
19.129725 0.269208
19.200575 0.273489
19.271952 0.277221
19.343863 0.28271
19.416311 0.290448
19.489305 0.297968
19.562849 0.303237
19.636951 0.302743
19.711594 0.298681
19.786827 0.292863
19.862638 0.286826
19.939034 0.284686
20.016018 0.285015
20.093599 0.283643
20.171785 0.28024
20.250582 0.276837
20.330009 0.276069
20.410049 0.277606
20.490723 0.281283
20.572035 0.286277
20.653994 0.291052
20.73661 0.294675
20.819889 0.296815
20.903841 0.297474
20.988487 0.29665
21.073807 0.295882
21.159821 0.29473
21.246542 0.292973
21.333977 0.288088
21.422132 0.279142
21.511023 0.26575
21.600651 0.251316
21.691 0.239626
21.782139 0.233478
21.874046 0.227606
21.966734 0.221898
22.060209 0.218275
22.154484 0.214104
22.249567 0.208341
22.34547 0.2017
22.442221 0.196706
22.539797 0.194236
22.638224 0.191437
22.737514 0.188748
22.837679 0.183479
22.93873 0.176179
23.04068 0.166355
23.143541 0.160647
23.247343 0.160976
23.35206 0.162623
23.457727 0.161415
23.564352 0.159769
23.671953 0.160702
23.78054 0.163775
23.890127 0.164928
24.000731 0.161141
24.112324 0.155158
24.224998 0.154994
24.338732 0.154445
24.453537 0.147529
24.569429 0.140504
24.686426 0.134467
24.804543 0.129527
24.923796 0.129143
