1.369658 0.497598
1.37002 0.497774
1.370382 0.498534
1.370744 0.498826
1.371107 0.498651
1.371469 0.498885
1.371832 0.499352
1.372195 0.500054
1.372559 0.499703
1.372922 0.499703
1.373286 0.500171
1.37365 0.500229
1.374014 0.500463
1.374378 0.500814
1.374743 0.501574
1.375107 0.501925
1.375472 0.501867
1.375837 0.502217
1.376202 0.502393
1.376568 0.502451
1.376933 0.502919
1.377299 0.502978
1.377665 0.502802
1.378031 0.503211
1.378398 0.503621
1.378764 0.503679
1.379131 0.503445
1.379498 0.502861
1.379866 0.502744
1.380233 0.502978
1.3806 0.501223
1.380968 0.497247
1.381336 0.491868
1.381704 0.486664
1.382073 0.481401
1.382441 0.476197
1.38281 0.471461
1.383179 0.469532
1.383548 0.470233
1.383917 0.471637
1.384287 0.472338
1.384657 0.472981
1.385027 0.473508
1.385397 0.474502
1.385767 0.475554
1.386137 0.475496
1.386508 0.474268
1.386879 0.472923
1.38725 0.47187
1.387622 0.472338
1.387993 0.473274
1.388365 0.474092
1.388737 0.474677
1.389109 0.475437
1.389481 0.476022
1.389853 0.475963
1.390226 0.474853
1.390599 0.472923
1.390972 0.468128
1.391346 0.458948
1.391719 0.443979
1.392093 0.427899
1.392467 0.42445
1.392841 0.436729
1.393215 0.450645
1.39359 0.459065
1.393965 0.463158
1.394339 0.46538
1.394715 0.46731
1.39509 0.468654
1.395465 0.469122
1.395841 0.469181
1.396217 0.469122
1.396593 0.468421
1.39697 0.466842
1.397346 0.463977
1.397723 0.461228
1.3981 0.461287
1.398477 0.463275
1.398854 0.465789
1.399232 0.468947
1.39961 0.470993
1.399988 0.472631
1.400366 0.474443
1.400744 0.475203
1.401123 0.475671
1.401502 0.476256
1.401881 0.477074
1.40226 0.47725
1.402639 0.477308
1.403019 0.478127
1.403399 0.479121
1.403779 0.478829
1.404159 0.479179
1.404539 0.480817
1.40492 0.482103
1.405301 0.482512
1.405682 0.483214
1.406063 0.484383
1.406444 0.486372
1.406826 0.488243
1.407208 0.489061
1.40759 0.489704
1.407972 0.490348
1.408355 0.491634
1.408737 0.492979
1.40912 0.493856
1.409503 0.495376
1.409887 0.496721
1.41027 0.497247
1.410654 0.497949
1.411038 0.499235
1.411422 0.500639
1.411807 0.501399
1.412191 0.502276
1.412576 0.503445
1.412961 0.504264
1.413346 0.505024
1.413732 0.505843
1.414117 0.506486
1.414503 0.507012
1.414889 0.507538
1.415275 0.508474
1.415662 0.509
1.416049 0.509527
1.416435 0.509936
1.416823 0.510521
1.41721 0.510988
1.417597 0.511281
1.417985 0.511748
1.418373 0.512041
1.418761 0.512742
1.41915 0.513327
1.419538 0.51362
1.419927 0.514438
1.420316 0.514964
1.420706 0.515491
1.421095 0.515783
1.421485 0.5159
1.421875 0.516075
1.422265 0.516719
1.422655 0.517713
1.423046 0.517947
1.423436 0.51783
1.423827 0.518063
1.424218 0.518239
1.42461 0.518122
1.425001 0.518122
1.425393 0.518707
1.425785 0.518999
1.426177 0.519057
1.42657 0.519116
1.426962 0.519525
1.427355 0.519818
1.427748 0.519935
1.428142 0.520578
1.428535 0.520695
1.428929 0.521046
1.429323 0.521163
1.429717 0.520929
1.430112 0.521046
1.430506 0.521163
1.430901 0.521572
1.431296 0.52239
1.431691 0.522566
1.432087 0.522507
1.432482 0.522332
1.432878 0.523034
1.433275 0.523092
1.433671 0.523092
1.434067 0.523151
1.434464 0.523677
1.434861 0.523969
1.435259 0.523969
1.435656 0.524028
1.436054 0.524086
1.436452 0.524437
1.43685 0.524788
1.437248 0.524963
1.437647 0.525022
1.438046 0.524963
1.438445 0.525022
1.438844 0.525256
1.439243 0.525665
1.439643 0.526016
1.440043 0.526016
1.440443 0.526074
1.440843 0.526191
1.441244 0.526367
1.441645 0.526659
1.442046 0.526951
1.442447 0.527127
1.442848 0.527185
1.44325 0.527244
1.443652 0.527185
1.444054 0.527244
1.444457 0.527185
1.444859 0.527419
1.445262 0.527711
1.445665 0.527653
1.446068 0.528062
1.446472 0.528413
1.446875 0.528179
1.447279 0.528296
1.447683 0.528705
1.448088 0.528764
1.448492 0.528705
1.448897 0.528472
1.449302 0.528705
1.449708 0.528822
1.450113 0.528764
1.450519 0.529173
1.450925 0.529407
1.451331 0.529758
1.451737 0.529816
1.452144 0.529758
1.452551 0.529992
1.452958 0.530343
1.453365 0.530518
1.453773 0.530752
1.454181 0.530927
1.454589 0.53081
1.454997 0.530693
1.455405 0.530576
1.455814 0.530693
1.456223 0.531044
1.456632 0.531337
1.457042 0.531571
1.457451 0.531571
1.457861 0.531687
1.458271 0.531746
1.458682 0.531804
1.459092 0.532155
1.459503 0.531921
1.459914 0.532097
1.460325 0.532155
1.460737 0.532214
1.461148 0.532214
1.46156 0.532506
1.461972 0.532623
1.462385 0.532155
1.462797 0.532214
1.46321 0.532506
1.463623 0.532623
1.464037 0.533208
1.46445 0.533325
1.464864 0.533442
1.465278 0.533091
1.465692 0.533032
1.466107 0.533325
1.466522 0.533383
1.466937 0.532857
1.467352 0.532974
1.467767 0.533383
1.468183 0.533617
1.468599 0.533851
1.469015 0.53426
1.469431 0.534085
1.469848 0.534026
1.470265 0.534494
1.470682 0.534787
1.471099 0.534728
1.471517 0.534377
1.471935 0.534728
1.472353 0.53502
1.472771 0.534787
1.47319 0.53502
1.473608 0.53502
1.474027 0.535313
1.474447 0.535488
1.474866 0.535371
1.475286 0.535722
1.475706 0.535722
1.476126 0.53543
1.476546 0.535196
1.476967 0.535488
1.477388 0.536014
1.477809 0.535897
1.47823 0.535605
1.478652 0.535839
1.479074 0.536482
1.479496 0.536424
1.479918 0.53619
1.480341 0.536424
1.480764 0.537125
1.481187 0.537242
1.48161 0.537125
1.482034 0.53695
1.482458 0.537184
1.482882 0.537359
1.483306 0.537301
1.48373 0.537242
1.484155 0.537476
1.48458 0.537593
1.485006 0.537535
1.485431 0.537769
1.485857 0.537944
1.486283 0.537885
1.486709 0.537652
1.487135 0.537535
1.487562 0.537827
1.487989 0.538061
1.488416 0.538529
1.488844 0.538529
1.489271 0.538529
1.489699 0.538646
1.490128 0.538704
1.490556 0.539055
1.490985 0.539464
1.491414 0.539464
1.491843 0.539581
1.492272 0.539406
1.492702 0.539347
1.493132 0.539172
1.493562 0.53923
1.493993 0.539406
1.494423 0.539406
1.494854 0.539932
1.495285 0.540166
1.495717 0.540166
1.496148 0.539932
1.49658 0.53999
1.497012 0.540166
1.497445 0.540166
1.497877 0.540575
1.49831 0.540458
1.498744 0.540458
1.499177 0.540926
1.499611 0.541218
1.500045 0.541277
1.500479 0.541335
1.500913 0.541511
1.501348 0.541335
1.501783 0.541043
1.502218 0.541686
1.502653 0.541803
1.503089 0.541569
1.503525 0.541452
1.503961 0.541628
1.504398 0.542096
1.504834 0.542154
1.505271 0.542154
1.505709 0.542037
1.506146 0.54192
1.506584 0.542271
1.507022 0.542563
1.50746 0.542505
1.507898 0.542271
1.508337 0.542622
1.508776 0.542739
1.509215 0.542622
1.509655 0.542505
1.510094 0.54268
1.510534 0.542914
1.510975 0.543148
1.511415 0.543207
1.511856 0.54309
1.512297 0.542973
1.512738 0.543148
1.51318 0.543791
1.513622 0.544025
1.514064 0.543674
1.514506 0.543265
1.514948 0.543148
1.515391 0.543207
1.515834 0.543733
1.516278 0.543733
1.516721 0.543674
1.517165 0.543557
1.517609 0.54385
1.518054 0.544142
1.518499 0.544434
1.518944 0.544493
1.519389 0.544376
1.519834 0.54461
1.52028 0.544551
1.520726 0.544493
1.521172 0.544727
1.521619 0.544727
1.522065 0.544785
1.522512 0.544902
1.52296 0.545078
1.523407 0.545019
1.523855 0.545019
1.524303 0.544902
1.524751 0.545078
1.5252 0.545428
1.525649 0.545545
1.526098 0.545545
1.526547 0.545545
1.526997 0.545487
1.527447 0.545721
1.527897 0.545779
1.528347 0.546013
1.528798 0.546013
1.529249 0.545721
1.5297 0.546013
1.530152 0.546364
1.530604 0.546539
1.531055 0.546306
1.531508 0.546306
1.53196 0.546539
1.532413 0.546598
1.532866 0.546832
1.53332 0.546773
1.533773 0.546773
1.534227 0.547066
1.534682 0.547124
1.535136 0.547066
1.535591 0.5473
1.536046 0.547124
1.536501 0.547007
1.536956 0.547183
1.537412 0.547124
1.537868 0.547183
1.538324 0.547592
1.538781 0.547767
1.539238 0.54806
1.539695 0.548177
1.540153 0.548118
1.54061 0.548352
1.541068 0.548586
1.541527 0.548352
1.541985 0.54841
1.542444 0.548761
1.542903 0.548644
1.543363 0.548644
1.543822 0.548878
1.544282 0.549171
1.544742 0.549288
1.545203 0.549346
1.545663 0.549522
1.546124 0.549755
1.546586 0.549931
1.547047 0.549872
1.547509 0.549814
1.547971 0.550106
1.548433 0.550399
1.548896 0.550574
1.549359 0.550632
1.549822 0.550574
1.550285 0.550516
1.550749 0.550691
1.551213 0.550866
1.551677 0.550925
1.552142 0.550808
1.552607 0.550925
1.553072 0.550866
1.553537 0.550925
1.554003 0.5511
1.554469 0.551276
1.554935 0.551743
1.555402 0.551802
1.555868 0.551743
1.556336 0.55186
1.556803 0.552094
1.557271 0.55227
1.557738 0.552328
1.558207 0.55227
1.558675 0.552153
1.559144 0.552211
1.559613 0.552737
1.560082 0.552854
1.560552 0.552562
1.561022 0.552737
1.561492 0.553088
1.561963 0.553264
1.562433 0.553439
1.562905 0.553439
1.563376 0.553381
1.563848 0.553498
1.564319 0.553615
1.564792 0.553732
1.565264 0.553615
1.565737 0.553732
1.56621 0.553907
1.566683 0.554024
1.567156 0.553965
1.56763 0.553965
1.568105 0.554082
1.568579 0.554082
1.569054 0.554316
1.569529 0.554433
1.570004 0.554433
1.57048 0.554258
1.570956 0.554609
1.571432 0.554726
1.571908 0.55455
1.572385 0.554726
1.572862 0.554784
1.57334 0.554667
1.573817 0.554959
1.574295 0.555193
1.574773 0.555193
1.575252 0.55531
1.575731 0.55531
1.57621 0.555369
1.576689 0.555427
1.577169 0.555486
1.577649 0.55531
1.578129 0.555193
1.57861 0.555661
1.57909 0.556012
1.579572 0.555661
1.580053 0.55607
1.580535 0.556421
1.581017 0.556187
1.581499 0.556129
1.581982 0.556304
1.582465 0.55648
1.582948 0.556538
1.583431 0.556304
1.583915 0.556246
1.584399 0.55648
1.584884 0.556714
1.585368 0.556655
1.585853 0.556714
1.586339 0.556889
1.586824 0.556831
1.58731 0.557181
1.587796 0.557123
1.588283 0.557181
1.588769 0.55724
1.589256 0.557181
1.589744 0.557649
1.590231 0.557591
1.590719 0.557649
1.591208 0.557825
1.591696 0.557766
1.592185 0.557591
1.592674 0.557532
1.593163 0.557766
1.593653 0.557883
1.594143 0.558058
1.594634 0.558526
1.595124 0.558585
1.595615 0.558585
1.596107 0.558877
1.596598 0.559052
1.59709 0.558994
1.597582 0.558935
1.598075 0.559052
1.598568 0.559345
1.599061 0.559286
1.599554 0.559052
1.600048 0.559286
1.600542 0.559579
1.601036 0.55952
1.60153 0.559462
1.602025 0.559696
1.602521 0.559813
1.603016 0.55993
1.603512 0.560105
1.604008 0.560163
1.604505 0.560105
1.605001 0.560105
1.605498 0.560222
1.605996 0.560339
1.606493 0.560514
1.606991 0.560514
1.60749 0.560748
1.607988 0.561157
1.608487 0.561274
1.608986 0.560982
1.609486 0.560924
1.609986 0.561216
1.610486 0.561391
1.610986 0.561216
1.611487 0.561333
1.611988 0.561391
1.61249 0.561508
1.612991 0.561859
1.613493 0.561801
1.613996 0.561859
1.614498 0.562035
1.615001 0.561976
1.615505 0.562093
1.616008 0.562268
1.616512 0.562327
1.617016 0.562561
1.617521 0.562678
1.618026 0.562502
1.618531 0.562385
1.619036 0.562678
1.619542 0.563029
1.620048 0.563204
1.620554 0.563438
1.621061 0.563438
1.621568 0.56373
1.622076 0.563847
1.622583 0.563555
1.623091 0.563672
1.6236 0.56373
1.624108 0.563613
1.624617 0.56373
1.625127 0.563964
1.625636 0.564198
1.626146 0.564432
1.626656 0.564432
1.627167 0.564607
1.627678 0.564841
1.628189 0.564958
1.628701 0.5649
1.629212 0.564724
1.629725 0.564783
1.630237 0.565017
1.63075 0.565251
1.631263 0.565192
1.631777 0.565134
1.63229 0.565426
1.632804 0.565543
1.633319 0.565543
1.633834 0.565309
1.634349 0.565192
1.634864 0.565309
1.63538 0.565426
1.635896 0.565777
1.636412 0.566011
1.636929 0.566128
1.637446 0.565718
1.637964 0.56566
1.638481 0.565894
1.638999 0.566069
1.639518 0.566128
1.640036 0.566303
1.640555 0.566186
1.641075 0.566186
1.641594 0.566069
1.642114 0.566186
1.642634 0.566186
1.643155 0.566303
1.643676 0.56642
1.644197 0.566654
1.644719 0.566537
1.645241 0.566537
1.645763 0.566478
1.646286 0.56642
1.646809 0.566771
1.647332 0.567414
1.647856 0.567063
1.64838 0.566654
1.648904 0.566771
1.649429 0.566946
1.649953 0.567005
1.650479 0.567005
1.651004 0.566946
1.651531 0.566946
1.652057 0.56718
1.652583 0.567122
1.65311 0.56718
1.653638 0.567239
1.654165 0.567239
1.654693 0.567356
1.655222 0.567356
1.65575 0.567531
1.656279 0.567823
1.656809 0.567648
1.657338 0.567531
1.657868 0.567706
1.658399 0.56794
1.658929 0.567882
1.65946 0.567882
1.659992 0.56794
1.660523 0.56794
1.661055 0.568174
1.661588 0.56835
1.662121 0.56835
1.662654 0.568291
1.663187 0.568233
1.663721 0.56835
1.664255 0.568759
1.664789 0.568993
1.665324 0.568876
1.665859 0.568817
1.666395 0.568993
1.666931 0.568876
1.667467 0.568759
1.668003 0.568876
1.66854 0.56911
1.669077 0.569344
1.669615 0.569344
1.670153 0.569402
1.670691 0.569519
1.671229 0.569519
1.671769 0.569636
1.672308 0.569636
1.672847 0.569694
1.673387 0.569987
1.673928 0.570396
1.674468 0.570104
1.675009 0.570162
1.675551 0.570396
1.676093 0.570513
1.676635 0.570455
1.677177 0.570571
1.67772 0.570747
1.678263 0.570922
1.678806 0.570981
1.67935 0.571039
1.679894 0.571156
1.680439 0.570981
1.680984 0.571098
1.681529 0.571215
1.682074 0.571332
1.682621 0.571566
1.683167 0.571624
1.683714 0.571682
1.68426 0.571975
1.684808 0.572033
1.685356 0.572033
1.685904 0.572033
1.686452 0.572033
1.687001 0.572033
1.68755 0.572092
1.6881 0.572384
1.68865 0.572384
1.6892 0.572384
1.689751 0.572501
1.690302 0.572735
1.690853 0.57291
1.691405 0.572852
1.691957 0.572735
1.692509 0.572969
1.693061 0.573086
1.693615 0.573261
1.694168 0.573612
1.694722 0.573612
1.695276 0.573787
1.695831 0.573787
1.696385 0.573729
1.696941 0.573729
1.697497 0.573612
1.698053 0.573729
1.698609 0.573963
1.699166 0.574021
1.699723 0.57408
1.70028 0.574138
1.700838 0.57408
1.701396 0.574138
1.701955 0.574489
1.702514 0.574606
1.703073 0.574431
1.703633 0.574314
1.704193 0.574431
1.704753 0.574372
1.705314 0.574489
1.705875 0.574548
1.706436 0.574665
1.706998 0.574723
1.707561 0.574723
1.708123 0.574606
1.708686 0.574781
1.70925 0.574898
1.709813 0.574957
1.710377 0.575015
1.710942 0.574957
1.711507 0.574898
1.712072 0.575249
1.712638 0.575425
1.713204 0.575425
1.71377 0.575366
1.714337 0.575483
1.714904 0.575308
1.715471 0.575366
1.716039 0.575366
1.716607 0.575366
1.717176 0.5756
1.717745 0.575542
1.718314 0.575659
1.718884 0.575892
1.719454 0.575717
1.720024 0.575483
1.720595 0.575425
1.721167 0.575366
1.721738 0.575483
1.72231 0.575717
1.722883 0.575717
1.723455 0.575776
1.724029 0.575659
1.724602 0.575542
1.725176 0.575776
1.72575 0.575834
1.726325 0.575892
1.7269 0.576009
1.727476 0.576009
1.728051 0.576068
1.728628 0.576185
1.729204 0.576009
1.729781 0.575951
1.730358 0.576185
1.730936 0.576126
1.731514 0.576009
1.732093 0.576068
1.732672 0.576185
1.733251 0.576243
1.733831 0.576477
1.734411 0.576477
1.734991 0.576477
1.735572 0.576477
1.736153 0.576594
1.736735 0.576711
1.737317 0.576828
1.7379 0.57677
1.738482 0.576653
1.739066 0.576653
1.739649 0.576653
1.740233 0.576711
1.740817 0.577062
1.741402 0.577179
1.741987 0.577237
1.742573 0.577062
1.743159 0.577179
1.743745 0.577413
1.744332 0.577413
1.744919 0.577354
1.745506 0.577471
1.746094 0.577588
1.746683 0.577647
1.747271 0.577705
1.74786 0.577822
1.74845 0.578114
1.74904 0.578114
1.74963 0.577939
1.750221 0.577764
1.750812 0.577997
1.751403 0.578114
1.751995 0.578524
1.752588 0.578699
1.75318 0.578699
1.753773 0.578699
1.754367 0.578758
1.754961 0.578875
1.755555 0.578816
1.75615 0.578758
1.756745 0.578875
1.75734 0.578933
1.757936 0.578933
1.758533 0.57905
1.759129 0.579342
1.759726 0.579342
1.760324 0.579459
1.760922 0.579693
1.76152 0.579635
1.762119 0.579635
1.762718 0.579752
1.763318 0.57981
1.763918 0.579869
1.764518 0.579927
1.765119 0.580044
1.76572 0.580161
1.766322 0.580336
1.766924 0.580336
1.767526 0.580336
1.768129 0.580512
1.768732 0.58057
1.769336 0.580629
1.76994 0.580687
1.770545 0.58057
1.771149 0.580629
1.771755 0.580863
1.77236 0.580921
1.772967 0.581038
1.773573 0.581096
1.77418 0.581213
1.774787 0.581447
1.775395 0.581564
1.776004 0.581681
1.776612 0.581623
1.777221 0.58174
1.777831 0.581623
1.778441 0.581681
1.779051 0.581681
1.779662 0.581798
1.780273 0.581915
1.780884 0.581915
1.781496 0.58174
1.782109 0.581857
1.782721 0.581974
1.783335 0.581974
1.783948 0.581915
1.784562 0.581915
1.785177 0.582149
1.785792 0.582149
1.786407 0.582149
1.787023 0.582149
1.787639 0.582324
1.788256 0.582266
1.788873 0.58209
1.789491 0.58209
1.790108 0.582032
1.790727 0.581974
1.791346 0.582149
1.791965 0.582207
1.792585 0.582266
1.793205 0.58209
1.793825 0.582149
1.794446 0.582324
1.795067 0.582207
1.795689 0.582149
1.796311 0.582266
1.796934 0.582324
1.797557 0.582324
1.79818 0.582266
1.798804 0.582441
1.799429 0.582383
1.800053 0.582324
1.800679 0.582383
1.801304 0.582383
1.801931 0.582207
1.802557 0.582149
1.803184 0.582149
1.803812 0.582207
1.804439 0.58209
1.805068 0.582207
1.805696 0.582324
1.806326 0.582441
1.806955 0.582617
1.807585 0.582617
1.808216 0.582266
1.808847 0.582149
1.809478 0.582149
1.81011 0.582324
1.810742 0.582266
1.811375 0.582207
1.812008 0.582558
1.812641 0.582792
1.813275 0.582617
1.81391 0.582441
1.814545 0.582617
1.81518 0.582968
1.815816 0.582792
1.816452 0.582734
1.817089 0.582558
1.817726 0.582558
1.818363 0.582792
1.819001 0.582792
1.81964 0.583143
1.820279 0.583494
1.820918 0.583318
1.821558 0.583201
1.822199 0.583318
1.822839 0.583201
1.82348 0.582909
1.824122 0.582792
1.824764 0.582909
1.825406 0.583494
1.826049 0.584195
1.826693 0.583845
1.827337 0.583435
1.827981 0.583728
1.828626 0.583962
1.829271 0.583786
1.829917 0.583786
1.830563 0.58402
1.83121 0.58402
1.831857 0.583845
1.832504 0.583786
1.833152 0.583728
1.833801 0.583728
1.83445 0.584079
1.835099 0.584429
1.835749 0.58478
1.836399 0.584897
1.83705 0.584839
1.837701 0.585131
1.838353 0.584488
1.839005 0.584429
1.839658 0.584956
1.840311 0.584722
1.840964 0.584663
1.841618 0.585423
1.842272 0.585014
1.842927 0.584079
1.843583 0.584079
1.844238 0.584371
1.844895 0.584371
1.845551 0.584429
1.846209 0.585248
1.846867 0.586067
1.847525 0.586008
1.848184 0.585774
1.848843 0.585073
1.849502 0.584722
1.850162 0.58478
1.850823 0.584722
1.851484 0.584605
1.852145 0.584839
1.852807 0.585482
1.853469 0.586184
1.854132 0.585833
1.854796 0.585073
1.855459 0.585365
1.856124 0.586125
1.856789 0.586242
1.857454 0.58554
1.85812 0.585306
1.858786 0.585716
1.859453 0.586593
1.86012 0.586593
1.860788 0.586125
1.861456 0.585716
1.862124 0.585599
1.862794 0.585599
1.863463 0.585833
1.864133 0.586125
1.864804 0.58595
1.865475 0.586125
1.866146 0.5863
1.866818 0.58671
1.867491 0.58747
1.868164 0.587295
1.868837 0.586476
1.869511 0.586534
1.870185 0.58747
1.87086 0.587821
1.871536 0.586885
1.872212 0.586944
1.872888 0.587762
1.873565 0.587236
1.874242 0.586359
1.87492 0.586417
1.875599 0.5863
1.876277 0.586651
1.876957 0.586827
1.877637 0.586359
1.878317 0.586067
1.878998 0.585716
1.879679 0.585482
1.880361 0.585482
1.881043 0.58554
1.881726 0.585365
1.882409 0.58519
1.883093 0.585306
1.883777 0.585482
1.884462 0.585131
1.885147 0.584722
1.885833 0.584546
1.886519 0.584839
1.887206 0.584605
1.887893 0.584488
1.888581 0.584312
1.889269 0.584429
1.889958 0.584839
1.890647 0.584371
1.891337 0.584195
1.892027 0.584137
1.892718 0.583845
1.893409 0.583669
1.894101 0.583552
1.894793 0.583377
1.895486 0.583026
1.896179 0.582851
1.896873 0.582734
1.897568 0.582675
1.898262 0.582441
1.898958 0.582792
1.899654 0.583085
1.90035 0.582324
1.901047 0.581623
1.901744 0.581447
1.902442 0.581798
1.90314 0.581623
1.903839 0.581155
1.904539 0.581447
1.905239 0.581798
1.905939 0.58133
1.90664 0.580804
1.907342 0.580278
1.908044 0.579752
1.908746 0.579693
1.909449 0.579693
1.910153 0.579693
1.910857 0.579693
1.911561 0.579576
1.912266 0.579401
1.912972 0.579752
1.913678 0.579869
1.914385 0.579167
1.915092 0.578816
1.9158 0.578933
1.916508 0.578875
1.917217 0.578524
1.917926 0.578348
1.918636 0.578173
1.919346 0.578582
1.920057 0.579284
1.920768 0.579225
1.92148 0.578407
1.922193 0.578056
1.922906 0.577939
1.92362 0.578056
1.924333 0.577822
1.925048 0.577647
1.925763 0.57753
1.926479 0.577588
1.927195 0.577705
1.927912 0.577764
1.928629 0.577705
1.929346 0.577179
1.930065 0.577179
1.930784 0.577062
1.931503 0.576828
1.932223 0.576594
1.932943 0.576477
1.933664 0.576653
1.934386 0.576594
1.935108 0.576419
1.93583 0.576419
1.936554 0.576302
1.937277 0.576068
1.938002 0.575892
1.938726 0.575951
1.939452 0.576009
1.940177 0.575659
1.940904 0.575717
1.941631 0.575542
1.942358 0.575132
1.943086 0.57484
1.943815 0.574898
1.944544 0.57484
1.945274 0.574723
1.946004 0.574431
1.946735 0.574138
1.947466 0.574372
1.948198 0.574314
1.94893 0.574138
1.949663 0.574021
1.950397 0.573846
1.951131 0.573787
1.951865 0.573612
1.952601 0.573261
1.953336 0.57291
1.954073 0.572676
1.954809 0.572443
1.955547 0.572501
1.956285 0.572501
1.957023 0.572384
1.957762 0.572209
1.958502 0.571975
1.959242 0.571566
1.959983 0.571332
1.960724 0.571332
1.961466 0.571215
1.962208 0.570805
1.962951 0.570747
1.963695 0.570864
1.964439 0.570688
1.965183 0.570396
1.965929 0.570104
1.966674 0.569811
1.967421 0.569636
1.968168 0.569636
1.968915 0.569636
1.969663 0.569285
1.970412 0.569285
1.971161 0.569402
1.971911 0.569227
1.972661 0.568993
1.973413 0.568817
1.974164 0.5687
1.974916 0.568817
1.975669 0.568817
1.976422 0.568817
1.977176 0.568642
1.97793 0.568525
1.978685 0.568525
1.97944 0.568525
1.980196 0.568642
1.980953 0.56835
1.98171 0.56835
1.982468 0.568466
1.983226 0.568525
1.983986 0.568466
1.984745 0.56835
1.985505 0.568408
1.986266 0.568525
1.987027 0.568817
1.987789 0.568759
1.988552 0.568759
1.989315 0.568993
1.990078 0.568934
1.990842 0.568993
1.991607 0.569051
1.992373 0.569168
1.993139 0.569402
1.993905 0.569636
1.994673 0.569811
1.99544 0.569753
1.996209 0.569753
1.996978 0.570104
1.997747 0.570279
1.998517 0.570221
1.999288 0.570221
2.000059 0.570221
2.000831 0.570396
2.001604 0.570747
2.002377 0.571039
2.003151 0.571039
2.003925 0.571156
2.0047 0.571332
2.005476 0.571332
2.006252 0.57139
2.007029 0.571507
2.007806 0.571682
2.008584 0.571975
2.009362 0.572092
2.010141 0.571975
2.010921 0.572033
2.011701 0.572209
2.012482 0.572501
2.013264 0.572793
2.014046 0.573027
2.014829 0.573261
2.015612 0.573378
2.016396 0.573612
2.01718 0.573904
2.017966 0.574021
2.018752 0.574255
2.019538 0.574372
2.020325 0.574606
2.021113 0.574665
2.021901 0.574723
2.02269 0.575074
2.023479 0.575425
2.02427 0.575659
2.02506 0.576009
2.025852 0.576536
2.026644 0.576536
2.027436 0.576653
2.028229 0.577003
2.029023 0.577237
2.029818 0.577413
2.030613 0.577881
2.031409 0.578173
2.032204 0.578173
2.033001 0.578407
2.033799 0.578758
2.034597 0.57905
2.035396 0.579225
2.036195 0.579342
2.036996 0.579518
2.037796 0.579459
2.038598 0.579752
2.0394 0.580219
2.040203 0.580219
2.041006 0.580453
2.04181 0.580804
2.042614 0.581038
2.043419 0.581096
2.044225 0.581272
2.045032 0.58174
2.045839 0.581857
2.046646 0.581798
2.047455 0.581974
2.048264 0.58209
2.049073 0.582149
2.049883 0.582207
2.050694 0.582383
2.051505 0.582675
2.052317 0.582909
2.05313 0.582851
2.053944 0.582968
2.054758 0.583201
2.055573 0.58326
2.056388 0.583201
2.057204 0.58326
2.058021 0.583494
2.058838 0.583728
2.059656 0.583845
2.060475 0.58402
2.061294 0.583962
2.062114 0.58402
2.062935 0.584137
2.063756 0.584312
2.064577 0.584312
2.0654 0.584195
2.066223 0.584137
2.067047 0.584195
2.067871 0.584195
2.068696 0.584312
2.069522 0.584195
2.070349 0.583903
2.071176 0.583903
2.072004 0.58402
2.072833 0.583728
2.073662 0.583552
2.074492 0.583318
2.075322 0.583026
2.076153 0.582789
2.076985 0.581721
2.077817 0.581187
2.07865 0.581068
2.079484 0.580534
2.080319 0.580238
2.081154 0.58
2.08199 0.580356
2.082826 0.580356
2.083663 0.579644
2.084501 0.578636
2.08534 0.577983
2.086179 0.57739
2.087018 0.577449
2.087859 0.577152
2.0887 0.576678
2.089542 0.576619
2.090385 0.576144
2.091228 0.575788
2.092072 0.575907
2.092917 0.575669
2.093762 0.57561
2.094608 0.574839
2.095454 0.574008
2.096302 0.574245
2.09715 0.574601
2.097999 0.57383
2.098848 0.573059
2.099698 0.573237
2.100549 0.573177
2.1014 0.573237
2.102252 0.573593
2.103105 0.573593
2.103959 0.573296
2.104813 0.572821
2.105668 0.572762
2.106524 0.57211
2.10738 0.571042
2.108237 0.570626
2.109094 0.570567
2.109953 0.570152
2.110812 0.570448
2.111672 0.570626
2.112532 0.570745
2.113394 0.570864
2.114255 0.570864
2.115118 0.57122
2.115981 0.571338
2.116845 0.571457
2.11771 0.571635
2.118576 0.571516
2.119442 0.571694
2.120309 0.571457
2.121176 0.571457
2.122045 0.571576
2.122913 0.571754
2.123783 0.571635
2.124654 0.57122
2.125525 0.57122
2.126396 0.571694
2.127269 0.572228
2.128142 0.572287
2.129016 0.571516
2.129891 0.57116
2.130766 0.570864
2.131642 0.57027
2.132519 0.57033
2.133397 0.570626
2.134275 0.570686
2.135154 0.570686
2.136034 0.571042
2.136914 0.570864
2.137795 0.570567
2.138677 0.570864
2.13956 0.571398
2.140444 0.571932
2.141328 0.571398
2.142213 0.571457
2.143099 0.571754
2.143985 0.571694
2.144872 0.571932
2.14576 0.57205
2.146648 0.571754
2.147537 0.57211
2.148427 0.572644
2.149318 0.57294
2.150209 0.573177
2.151101 0.573652
2.151994 0.573889
2.152888 0.573949
2.153783 0.574127
2.154678 0.574542
2.155574 0.574661
2.15647 0.575017
2.157368 0.575432
2.158266 0.575432
2.159165 0.575847
2.160064 0.575907
2.160964 0.576144
2.161865 0.576619
2.162767 0.576856
2.16367 0.576915
2.164573 0.576737
2.165478 0.576441
2.166383 0.576678
2.167288 0.577449
2.168195 0.578042
2.169102 0.57822
2.17001 0.578754
2.170919 0.578754
2.171828 0.578339
2.172739 0.578339
2.17365 0.578398
2.174561 0.578517
2.175474 0.578517
2.176387 0.578814
2.177301 0.578932
2.178216 0.578814
2.179132 0.578932
2.180048 0.579051
2.180965 0.579051
2.181883 0.579229
2.182801 0.579348
2.183721 0.579585
2.184641 0.579407
2.185562 0.578932
2.186484 0.579051
2.187407 0.579288
2.18833 0.579466
2.189254 0.57917
2.190179 0.578576
2.191105 0.578695
2.192032 0.578636
2.192959 0.578339
2.193887 0.578636
2.194816 0.578695
2.195745 0.578458
2.196676 0.577983
2.197607 0.577983
2.198539 0.578398
2.199472 0.577924
2.200405 0.578161
2.201339 0.578458
2.202275 0.578339
2.203211 0.578042
2.204147 0.57739
2.205085 0.577093
2.206023 0.577508
2.206962 0.577805
2.207902 0.577449
2.208843 0.576975
2.209784 0.576737
2.210727 0.576381
2.21167 0.576559
2.212614 0.576678
2.213559 0.5765
2.214504 0.575551
2.215451 0.575076
2.216398 0.574601
2.217346 0.574245
2.218295 0.574305
2.219244 0.574186
2.220195 0.573237
2.221146 0.572169
2.222098 0.571338
2.223051 0.570567
2.224005 0.569499
2.224959 0.56849
2.225914 0.567363
2.226871 0.566117
2.227827 0.564812
2.228785 0.563329
2.229744 0.561727
2.230703 0.560481
2.231663 0.558642
2.232625 0.556743
2.233587 0.554963
2.234549 0.553302
2.235513 0.551582
2.236477 0.549861
2.237442 0.547963
2.238408 0.546657
2.239375 0.545708
2.240343 0.544878
2.241312 0.543513
2.242281 0.542623
2.243252 0.541555
2.244223 0.540309
2.245195 0.539301
2.246168 0.538589
2.247141 0.537877
2.248116 0.537224
2.249091 0.536275
2.250067 0.535148
2.251044 0.534554
2.252022 0.533783
2.253 0.532952
2.25398 0.532359
2.254961 0.532359
2.255942 0.532359
2.256924 0.532122
2.257907 0.531113
2.258891 0.530045
2.259876 0.529927
2.260861 0.529749
2.261847 0.528918
2.262835 0.52785
2.263823 0.526308
2.264812 0.524646
2.265802 0.523638
2.266792 0.522155
2.267784 0.519959
2.268776 0.518001
2.26977 0.5164
2.270764 0.51456
2.271759 0.512899
2.272755 0.51106
2.273752 0.509399
2.27475 0.507797
2.275748 0.506195
2.276747 0.504534
2.277748 0.503051
2.278749 0.501093
2.279751 0.499491
2.280754 0.497652
2.281758 0.495872
2.282763 0.494626
2.283768 0.492965
2.284775 0.49071
2.285782 0.488871
2.286791 0.48715
2.2878 0.485311
2.28881 0.483294
2.289821 0.480506
2.290832 0.47742
2.291845 0.474573
2.292859 0.472259
2.293873 0.469886
2.294889 0.466979
2.295905 0.464012
2.296922 0.461164
2.29794 0.458732
2.29896 0.456596
2.299979 0.455113
2.301001 0.454816
2.302022 0.454638
2.303045 0.453985
2.304068 0.452799
2.305093 0.450782
2.306118 0.448527
2.307145 0.445739
2.308172 0.442772
2.309201 0.440103
2.31023 0.43678
2.31126 0.432864
2.31229 0.429957
2.313322 0.427228
2.314355 0.424558
2.315388 0.422482
2.316423 0.421236
2.317458 0.419871
2.318495 0.418566
2.319532 0.417498
2.32057 0.41649
2.321609 0.415362
2.32265 0.414888
2.323691 0.415244
2.324733 0.416252
2.325776 0.41821
2.32682 0.420702
2.327865 0.423431
2.32891 0.426516
2.329957 0.429542
2.331005 0.432568
2.332053 0.43589
2.333103 0.43945
2.334153 0.44301
2.335205 0.446866
2.336257 0.450663
2.33731 0.454163
2.338365 0.457367
2.33942 0.460749
2.340476 0.464131
2.341533 0.467394
2.342591 0.470716
2.34365 0.474513
2.34471 0.477776
2.345771 0.481158
2.346833 0.484065
2.347896 0.486913
2.34896 0.489761
2.350024 0.492371
2.35109 0.494329
2.352157 0.496168
2.353225 0.498008
2.354293 0.49961
2.355363 0.500974
2.356434 0.502339
2.357505 0.503644
2.358577 0.50489
2.359651 0.505661
2.360726 0.506314
2.361801 0.506907
2.362878 0.507441
2.363955 0.507322
2.365033 0.507322
2.366114 0.507441
2.367194 0.507144
2.368275 0.506907
2.369358 0.50661
2.370441 0.505602
2.371525 0.504771
2.372611 0.503525
2.373697 0.501567
2.374785 0.499135
2.375873 0.49688
2.376962 0.494567
2.378052 0.491778
2.379144 0.488871
2.380236 0.486438
2.38133 0.484362
2.382424 0.482345
2.383519 0.480684
2.384615 0.479734
2.385713 0.4792
2.386811 0.479616
2.387911 0.480802
2.389011 0.482404
2.390113 0.483828
2.391215 0.485371
2.392318 0.486676
2.393423 0.487922
2.394528 0.489049
2.395635 0.490117
2.396743 0.491125
2.397851 0.492134
2.398961 0.492905
2.400071 0.493617
2.401183 0.494151
2.402296 0.494507
2.40341 0.494626
2.404524 0.494389
2.40564 0.493795
2.406757 0.492846
2.407875 0.491719
2.408994 0.490532
2.410113 0.48982
2.411234 0.489286
2.412356 0.487981
2.413479 0.486794
2.414603 0.485371
2.415729 0.483887
2.416855 0.482997
2.417982 0.481989
2.419111 0.480862
2.42024 0.480387
2.421371 0.48015
2.422502 0.479972
2.423635 0.479438
2.424768 0.479082
2.425903 0.478963
2.427038 0.478844
2.428176 0.478726
2.429314 0.479022
2.430453 0.479616
2.431592 0.479912
2.432734 0.479972
2.433876 0.479912
2.435019 0.479794
2.436163 0.479675
2.437308 0.479141
2.438454 0.47837
2.439602 0.477598
2.44075 0.476946
2.4419 0.476412
2.443051 0.475878
2.444203 0.475581
2.445355 0.475107
2.44651 0.474573
2.447665 0.474098
2.448821 0.473267
2.449978 0.472377
2.451137 0.47131
2.452296 0.470538
2.453457 0.470123
2.454618 0.469648
2.455781 0.468996
2.456945 0.46858
2.45811 0.468699
2.459276 0.468996
2.460443 0.469292
2.461612 0.469826
2.462781 0.470479
2.463952 0.47125
2.465123 0.472081
2.466296 0.47303
2.46747 0.473801
2.468645 0.474573
2.469821 0.475166
2.470998 0.475759
2.472176 0.476531
2.473356 0.477302
2.474536 0.477539
2.475718 0.47748
2.476901 0.477242
2.478085 0.477124
2.47927 0.476649
2.480456 0.475997
2.481644 0.475403
2.482832 0.474691
2.484022 0.47392
2.485213 0.473149
2.486404 0.471725
2.487597 0.47036
2.488792 0.469292
2.489987 0.468343
2.491184 0.466919
2.492381 0.465495
2.493581 0.464131
2.494781 0.462529
2.495982 0.461402
2.497184 0.460571
2.498387 0.459978
2.499592 0.459444
2.500798 0.458732
2.502005 0.458139
2.503213 0.457842
2.504422 0.457545
2.505633 0.45713
2.506844 0.457071
2.508057 0.456477
2.509271 0.455706
2.510486 0.454994
2.511703 0.454401
2.51292 0.453748
2.514138 0.453452
2.515358 0.453214
2.516579 0.45268
2.517802 0.452265
2.519025 0.452502
2.52025 0.453096
2.521476 0.45363
2.522703 0.454104
2.523931 0.454816
2.52516 0.455528
2.526391 0.456003
2.527622 0.456774
2.528856 0.458079
2.53009 0.459325
2.531325 0.460452
2.532562 0.461876
2.5338 0.463181
2.535039 0.464012
2.536279 0.465317
2.53752 0.46686
2.538763 0.467987
2.540007 0.468996
2.541252 0.469648
2.542498 0.470182
2.543746 0.470657
2.544994 0.471013
2.546244 0.471369
2.547495 0.471428
2.548748 0.471844
2.550002 0.471725
2.551256 0.47125
2.552513 0.471013
2.553771 0.470954
2.555029 0.470123
2.556289 0.469411
2.55755 0.468818
2.558813 0.468106
2.560076 0.46686
2.561341 0.466148
2.562607 0.465436
2.563875 0.464665
2.565143 0.46419
2.566413 0.463478
2.567684 0.462648
2.568957 0.462529
2.57023 0.463181
2.571505 0.463241
2.572781 0.463003
2.574058 0.464012
2.575337 0.464605
2.576617 0.465436
2.577898 0.466801
2.579181 0.46775
2.580465 0.468165
2.58175 0.469055
2.583036 0.46953
2.584324 0.47131
2.585613 0.472021
2.586903 0.472555
2.588195 0.473683
2.589488 0.474869
2.590782 0.476175
2.592077 0.476827
2.593373 0.476531
2.594671 0.478014
2.595971 0.480743
2.597271 0.482226
2.598573 0.482997
2.599876 0.483709
2.601181 0.484303
2.602487 0.485371
2.603794 0.48626
2.605102 0.48715
2.606412 0.489049
2.607723 0.490413
2.609035 0.491363
2.610349 0.49249
2.611664 0.493261
2.612981 0.493855
2.614299 0.494329
2.615618 0.494211
2.616938 0.495219
2.61826 0.496228
2.619583 0.49605
2.620907 0.497177
2.622233 0.49783
2.62356 0.497948
2.624888 0.497711
2.626217 0.497948
2.627548 0.498838
2.628881 0.498601
2.630215 0.498779
2.63155 0.499787
2.632886 0.499669
2.634224 0.499787
2.635564 0.499669
2.636904 0.499491
2.638246 0.499135
2.63959 0.498482
2.640934 0.497948
2.64228 0.497711
2.643628 0.496821
2.644976 0.495812
2.646327 0.49516
2.647678 0.493973
2.649031 0.492371
2.650386 0.490769
2.651741 0.488812
2.653098 0.487032
2.654457 0.485015
2.655817 0.482819
2.657177 0.48098
2.65854 0.478963
2.659904 0.476946
2.66127 0.475166
2.662637 0.47303
2.664005 0.47042
2.665375 0.468224
2.666745 0.466267
2.668118 0.463953
2.669492 0.460156
2.670867 0.457249
2.672244 0.453511
2.673622 0.44829
2.675002 0.44295
2.676383 0.437611
2.677765 0.431144
2.67915 0.421948
2.680535 0.410023
2.681922 0.393648
2.68331 0.373891
2.6847 0.35277
2.68609 0.331649
2.687483 0.311537
2.688877 0.293797
2.690272 0.277482
2.691669 0.262709
2.693067 0.24847
2.694467 0.235477
2.695868 0.22367
2.69727 0.212813
2.698674 0.201007
2.70008 0.187064
2.701487 0.171698
2.702896 0.157934
2.704306 0.147373
2.705717 0.142034
2.70713 0.138949
2.708544 0.135863
2.70996 0.13177
2.711378 0.127083
2.712797 0.122396
2.714217 0.117946
2.715639 0.112428
2.717062 0.104241
2.718487 0.093087
2.719913 0.081103
2.721341 0.073449
2.72277 0.072322
2.7242 0.073449
2.725633 0.07517
2.727067 0.078374
2.728502 0.080806
2.729939 0.078552
2.731377 0.075704
2.732817 0.076297
2.734258 0.079679
2.735701 0.084188
2.737146 0.087095
2.738592 0.088816
2.740039 0.090239
2.741488 0.091485
2.742939 0.092138
2.744391 0.092494
2.745844 0.093977
2.747299 0.095994
2.748756 0.097774
2.750214 0.099554
2.751674 0.101097
2.753135 0.10258
2.754598 0.104656
2.756062 0.107445
2.757528 0.10964
2.758996 0.111539
2.760465 0.113496
2.761936 0.115454
2.763408 0.117649
2.764882 0.119904
2.766357 0.122277
2.767834 0.125066
2.769313 0.127795
2.770793 0.130702
2.772275 0.133728
2.773758 0.135745
2.775243 0.137347
2.77673 0.138593
2.778218 0.139423
2.779707 0.13972
2.781199 0.139957
2.782691 0.140076
2.784185 0.140135
2.785681 0.140076
2.787179 0.139957
2.788678 0.139898
2.790179 0.139542
2.791682 0.139364
2.793186 0.139186
2.794692 0.138711
2.7962 0.138237
2.797709 0.13794
2.799219 0.137465
2.800731 0.13705
2.802245 0.136753
2.803761 0.136397
2.805278 0.136041
2.806797 0.135863
2.808318 0.135507
2.80984 0.135567
2.811363 0.135804
2.812889 0.135923
2.814416 0.136397
2.815945 0.136991
2.817475 0.137643
2.819007 0.138415
2.82054 0.139423
2.822076 0.14061
2.823613 0.141796
2.825152 0.142983
2.826692 0.144347
2.828234 0.145771
2.829778 0.147255
2.831324 0.148738
2.832871 0.150458
2.83442 0.152416
2.835971 0.154018
2.837523 0.155798
2.839077 0.157815
2.840632 0.16007
2.84219 0.162146
2.843749 0.164104
2.84531 0.166062
2.846872 0.168257
2.848437 0.170334
2.850003 0.172351
2.85157 0.174131
2.85314 0.17597
2.854711 0.177987
2.856283 0.179945
2.857857 0.181843
2.859434 0.183327
2.861012 0.184632
2.862592 0.186056
2.864173 0.18748
2.865757 0.188844
2.867342 0.189912
2.868929 0.190802
2.870517 0.191633
2.872108 0.192226
2.873699 0.192701
2.875293 0.193175
2.876889 0.193591
2.878486 0.194124
2.880085 0.194243
2.881686 0.194362
2.883289 0.194658
2.884893 0.194896
2.886499 0.195252
2.888107 0.195667
2.889717 0.195904
2.891329 0.19632
2.892942 0.196735
2.894558 0.196854
2.896175 0.197032
2.897794 0.197566
2.899415 0.198159
2.901037 0.198752
2.902662 0.199286
2.904288 0.199939
2.905916 0.20071
2.907546 0.201837
2.909178 0.202787
2.910811 0.203558
2.912446 0.204388
2.914083 0.205634
2.915722 0.20688
2.917363 0.208185
2.919006 0.209609
2.92065 0.211093
2.922296 0.212457
2.923944 0.214
2.925594 0.21578
2.927246 0.2175
2.9289 0.219161
2.930556 0.220882
2.932213 0.22284
2.933873 0.225094
2.935534 0.227171
2.937198 0.229366
2.938863 0.23168
2.94053 0.234053
2.942199 0.236604
2.943869 0.239155
2.945542 0.241647
2.947217 0.244257
2.948893 0.246987
2.950572 0.249894
2.952252 0.252742
2.953934 0.255767
2.955618 0.258912
2.957304 0.262175
2.958992 0.265201
2.960681 0.268167
2.962373 0.271193
2.964067 0.274456
2.965763 0.277719
2.96746 0.280923
2.96916 0.284245
2.970861 0.287568
2.972565 0.29089
2.974271 0.29439
2.975978 0.297594
2.977687 0.30062
2.979398 0.303705
2.981112 0.307146
2.982827 0.310587
2.984544 0.31385
2.986264 0.316817
2.987985 0.319843
2.989709 0.32275
2.991434 0.325598
2.993161 0.328505
2.99489 0.331352
2.996621 0.33426
2.998354 0.337167
3.000089 0.339896
3.001826 0.342506
3.003565 0.344939
3.005306 0.347609
3.00705 0.35016
3.008795 0.352592
3.010542 0.355025
3.012291 0.357398
3.014043 0.359652
3.015796 0.361907
3.017552 0.364102
3.019309 0.366297
3.021069 0.368492
3.02283 0.370688
3.024594 0.372942
3.02636 0.374959
3.028127 0.376976
3.029897 0.378875
3.031669 0.380714
3.033443 0.382731
3.035219 0.384571
3.036998 0.38635
3.038778 0.388071
3.04056 0.389792
3.042344 0.391393
3.04413 0.393055
3.045919 0.394834
3.047709 0.396555
3.049502 0.398038
3.051297 0.39964
3.053094 0.401301
3.054893 0.403022
3.056694 0.404683
3.058498 0.406166
3.060303 0.40765
3.062111 0.409192
3.063921 0.410794
3.065733 0.412277
3.067547 0.41382
3.069363 0.415184
3.071181 0.41649
3.073001 0.417973
3.074824 0.419278
3.076649 0.420583
3.078476 0.422067
3.080305 0.42349
3.082136 0.424914
3.08397 0.426219
3.085805 0.427347
3.087644 0.428474
3.089484 0.429601
3.091326 0.430788
3.093171 0.431678
3.095017 0.432686
3.096866 0.433636
3.098717 0.434644
3.10057 0.435593
3.102426 0.436543
3.104284 0.437433
3.106144 0.438263
3.108006 0.439094
3.109871 0.439925
3.111737 0.440814
3.113606 0.441764
3.115477 0.442772
3.11735 0.443544
3.119226 0.444434
3.121104 0.445145
3.122984 0.445857
3.124866 0.44651
3.126751 0.447163
3.128638 0.447934
3.130527 0.448646
3.132419 0.449239
3.134313 0.449892
3.136209 0.450722
3.138108 0.451612
3.140008 0.452502
3.141912 0.453392
3.143817 0.45446
3.145725 0.455528
3.147635 0.456418
3.149547 0.457189
3.151462 0.458079
3.153378 0.45885
3.155298 0.4598
3.157219 0.460868
3.159143 0.461817
3.16107 0.462648
3.162998 0.463359
3.164929 0.463953
3.166862 0.464605
3.168798 0.465317
3.170736 0.466148
3.172677 0.467275
3.174619 0.468343
3.176565 0.469411
3.178513 0.47036
3.180463 0.471488
3.182415 0.472377
3.18437 0.473208
3.186327 0.474157
3.188287 0.475107
3.190248 0.476056
3.192213 0.477183
3.19418 0.478251
3.196149 0.479022
3.198121 0.479734
3.200095 0.480684
3.202072 0.481395
3.204051 0.482107
3.206032 0.48276
3.208016 0.483413
3.210002 0.484006
3.211991 0.484421
3.213982 0.484481
3.215976 0.48454
3.217972 0.484659
3.219971 0.48454
3.221972 0.484303
3.223976 0.484125
3.225982 0.483828
3.227991 0.483413
3.230002 0.483116
3.232016 0.482879
3.234032 0.482345
3.236051 0.48187
3.238072 0.481455
3.240096 0.48098
3.242123 0.480624
3.244152 0.480506
3.246183 0.480565
3.248217 0.480506
3.250253 0.480506
3.252293 0.480328
3.254334 0.480209
3.256378 0.48015
3.258425 0.48015
3.260474 0.48015
3.262526 0.480268
3.26458 0.480328
3.266638 0.48015
3.268697 0.480031
3.27076 0.479853
3.272825 0.479794
3.274892 0.479734
3.276962 0.479497
3.279035 0.479022
3.28111 0.478548
3.283188 0.477658
3.285269 0.476293
3.287352 0.474632
3.289438 0.472555
3.291526 0.470004
3.293617 0.466326
3.295711 0.461461
3.297807 0.455587
3.299906 0.449714
3.302008 0.44473
3.304113 0.441111
3.30622 0.438797
3.30833 0.437551
3.310443 0.437373
3.312558 0.437967
3.314676 0.439213
3.316797 0.440636
3.31892 0.442001
3.321046 0.443306
3.323175 0.444493
3.325307 0.445561
3.327442 0.446391
3.329579 0.446629
3.331719 0.44651
3.333861 0.446451
3.336007 0.446332
3.338155 0.446332
3.340306 0.446332
3.342458 0.446629
3.344615 0.447163
3.346774 0.447875
3.348936 0.449002
3.351101 0.450307
3.353268 0.45179
3.355439 0.453274
3.357612 0.454697
3.359789 0.456181
3.361968 0.457605
3.364149 0.458732
3.366334 0.4598
3.368521 0.460927
3.370711 0.461995
3.372904 0.463063
3.3751 0.464012
3.3773 0.464546
3.379501 0.464783
3.381706 0.464665
3.383913 0.464368
3.386123 0.464309
3.388336 0.464487
3.390553 0.464665
3.392771 0.464605
3.394992 0.464249
3.397217 0.463715
3.399445 0.462885
3.401675 0.462054
3.403909 0.461342
3.406146 0.460749
3.408385 0.460215
3.410627 0.459681
3.412873 0.459503
3.415121 0.459503
3.417372 0.459622
3.419626 0.460334
3.421884 0.461224
3.424144 0.461995
3.426407 0.462588
3.428673 0.462648
3.430943 0.462232
3.433215 0.461283
3.43549 0.459978
3.437768 0.458435
3.440049 0.456893
3.442333 0.455587
3.444621 0.454519
3.446911 0.453926
3.449204 0.453808
3.4515 0.454341
3.4538 0.455053
3.456102 0.455943
3.458408 0.456833
3.460716 0.457901
3.463028 0.459028
3.465343 0.459978
3.467662 0.460927
3.469983 0.462292
3.472307 0.463834
3.474634 0.465377
3.476965 0.466801
3.479298 0.468284
3.481635 0.470004
3.483975 0.471844
3.486317 0.473742
3.488663 0.4757
3.491012 0.477836
3.493365 0.480328
3.49572 0.482879
3.498079 0.485905
3.500441 0.489464
3.502806 0.493143
3.505175 0.496999
3.507547 0.500915
3.509921 0.50489
3.512299 0.508568
3.514681 0.511831
3.517065 0.514916
3.519453 0.517645
3.521844 0.519841
3.524238 0.521917
3.526636 0.523578
3.529036 0.524884
3.53144 0.526189
3.533848 0.527435
3.536258 0.528503
3.538672 0.529215
3.541089 0.529689
3.543509 0.530105
3.545932 0.530401
3.548359 0.530876
3.55079 0.531825
3.553223 0.533012
3.55566 0.53408
3.558101 0.535266
3.560545 0.536334
3.562992 0.537165
3.565443 0.537936
3.567896 0.538529
3.570354 0.539063
3.572814 0.539657
3.575278 0.54025
3.577746 0.540843
3.580216 0.541258
3.582691 0.541614
3.585169 0.54203
3.58765 0.542326
3.590135 0.542623
3.592623 0.54292
3.595114 0.543276
3.597609 0.543572
3.600107 0.543869
3.602608 0.544166
3.605114 0.544344
3.607622 0.544522
3.610135 0.544699
3.61265 0.544937
3.61517 0.545233
3.617692 0.545352
3.620219 0.54553
3.622749 0.545767
3.625283 0.546005
3.627819 0.546183
3.63036 0.546183
3.632904 0.546242
3.635452 0.546361
3.638003 0.546539
3.640558 0.546657
3.643116 0.546657
3.645679 0.546657
3.648244 0.546717
3.650813 0.546895
3.653386 0.547013
3.655962 0.547132
3.658543 0.547132
3.661126 0.54731
3.663713 0.547369
3.666304 0.547191
3.668898 0.547013
3.671497 0.547073
3.674099 0.547132
3.676705 0.547191
3.679314 0.547251
3.681927 0.54731
3.684544 0.547251
3.687165 0.546895
3.689789 0.546242
3.692417 0.545886
3.695049 0.545886
3.697685 0.545471
3.700324 0.545115
3.702967 0.544699
3.705615 0.544344
3.708265 0.544047
3.71092 0.54375
3.713578 0.543394
3.71624 0.543335
3.718906 0.543394
3.721576 0.543394
3.724249 0.543394
3.726926 0.543394
3.729607 0.543513
3.732292 0.543572
3.734981 0.543513
3.737674 0.543098
3.740371 0.542504
3.743071 0.541555
3.745776 0.540428
3.748485 0.539063
3.751197 0.537521
3.753913 0.5358
3.756634 0.533783
3.759358 0.531588
3.762086 0.529333
3.764818 0.527138
3.767554 0.525002
3.770293 0.522629
3.773037 0.520019
3.775785 0.517645
3.778537 0.515332
3.781293 0.512721
3.784053 0.509933
3.786817 0.506907
3.789586 0.504119
3.792358 0.50133
3.795134 0.498542
3.797915 0.49605
3.800699 0.494033
3.803488 0.492431
3.80628 0.492015
3.809077 0.492965
3.811877 0.494982
3.814683 0.497652
3.817492 0.500618
3.820305 0.503644
3.823123 0.50661
3.825944 0.50928
3.82877 0.511713
3.8316 0.513848
3.834434 0.515688
3.837271 0.517052
3.840113 0.517883
3.84296 0.517764
3.845811 0.5164
3.848666 0.513789
3.851525 0.509873
3.854389 0.505305
3.857257 0.501033
3.86013 0.497414
3.863006 0.494685
3.865887 0.492787
3.868772 0.491303
3.871661 0.490058
3.874554 0.488871
3.877452 0.487803
3.880355 0.486913
3.883262 0.48626
3.886173 0.485905
3.889088 0.485608
3.892008 0.485193
3.894932 0.484362
3.897861 0.482701
3.900793 0.48009
3.903731 0.477124
3.906672 0.473979
3.909618 0.470835
3.912569 0.467987
3.915524 0.465792
3.918483 0.464131
3.921447 0.462885
3.924416 0.461995
3.927389 0.461224
3.930367 0.460393
3.933349 0.459444
3.936336 0.458495
3.939327 0.457664
3.942322 0.456833
3.945323 0.45624
3.948327 0.455647
3.951337 0.455113
3.954351 0.454697
3.95737 0.45446
3.960393 0.454341
3.963421 0.45446
3.966453 0.455291
3.96949 0.45713
3.972532 0.460096
3.975579 0.46419
3.978629 0.469174
3.981685 0.474869
3.984745 0.480328
3.98781 0.485311
3.99088 0.48982
3.993955 0.494092
3.997034 0.498126
4.000118 0.502101
4.003208 0.505958
4.006302 0.509814
4.0094 0.513433
4.012504 0.516756
4.015612 0.519781
4.018724 0.52251
4.021842 0.524884
4.024965 0.527019
4.028091 0.52874
4.031223 0.530401
4.03436 0.531884
4.037502 0.53313
4.040649 0.534258
4.043801 0.535266
4.046958 0.536156
4.050119 0.536987
4.053287 0.537639
4.056458 0.538351
4.059635 0.538945
4.062816 0.539419
4.066003 0.539835
4.069194 0.54025
4.072391 0.540546
4.075593 0.540784
4.078799 0.541021
4.082011 0.541258
4.085227 0.541377
4.088449 0.541555
4.091676 0.541733
4.094908 0.541792
4.098145 0.541792
4.101388 0.541792
4.104634 0.541911
4.107887 0.54197
4.111144 0.54197
4.114407 0.541852
4.117675 0.541614
4.120948 0.541555
4.124227 0.541555
4.12751 0.541555
4.130799 0.541318
4.134094 0.54114
4.137393 0.540902
4.140697 0.540665
4.144008 0.540546
4.147323 0.540428
4.150643 0.540368
4.153969 0.540309
4.157301 0.540368
4.160638 0.540368
4.16398 0.540428
4.167327 0.540487
4.17068 0.540487
4.174038 0.540487
4.177401 0.540428
4.18077 0.54025
4.184143 0.540072
4.187523 0.540013
4.190908 0.539775
4.194299 0.539597
4.197695 0.539301
4.201097 0.538885
4.204504 0.538233
4.207917 0.537402
4.211336 0.536512
4.214759 0.5358
4.218189 0.535088
4.221624 0.534376
4.225064 0.533664
4.22851 0.53313
4.231962 0.532715
4.23542 0.532596
4.238883 0.532478
4.242352 0.532596
4.245827 0.532952
4.249307 0.533546
4.252793 0.534376
4.256284 0.534792
4.259782 0.533961
4.263285 0.532774
4.266792 0.531825
4.270307 0.53135
4.273828 0.530995
4.277354 0.530579
4.280886 0.530223
4.284424 0.530164
4.287968 0.530223
4.291517 0.530223
4.295074 0.530164
4.298635 0.530283
4.302202 0.530342
4.305776 0.530223
4.309355 0.530342
4.31294 0.53052
4.316531 0.530698
4.320128 0.530995
4.323732 0.531173
4.327342 0.53135
4.330956 0.53141
4.334578 0.531469
4.338205 0.531647
4.341838 0.531825
4.345478 0.531944
4.349123 0.532003
4.352774 0.531944
4.356431 0.531766
4.360096 0.531706
4.363765 0.531588
4.367442 0.53135
4.371124 0.530995
4.374813 0.53052
4.378508 0.530045
4.38221 0.529689
4.385918 0.529393
4.389631 0.529037
4.393351 0.528503
4.397078 0.527969
4.40081 0.527494
4.404549 0.527019
4.408295 0.526545
4.412045 0.526011
4.415803 0.525477
4.419568 0.524884
4.423338 0.52429
4.427116 0.523638
4.4309 0.523163
4.43469 0.522629
4.438487 0.522214
4.442291 0.521799
4.446101 0.521561
4.449917 0.521324
4.45374 0.521027
4.45757 0.520731
4.461406 0.520671
4.465249 0.520375
4.469098 0.520019
4.472954 0.519663
4.476817 0.519307
4.480686 0.518832
4.484562 0.518179
4.488445 0.517527
4.492334 0.516815
4.496231 0.515866
4.500134 0.514916
4.504043 0.513848
4.507959 0.512603
4.511883 0.511535
4.515813 0.510348
4.51975 0.509043
4.523694 0.507797
4.527645 0.506551
4.531602 0.505483
4.535568 0.504474
4.539539 0.503407
4.543518 0.502339
4.547503 0.501033
4.551496 0.499431
4.555496 0.497889
4.559502 0.496287
4.563516 0.494745
4.567537 0.493083
4.571565 0.491481
4.5756 0.48982
4.579642 0.488278
4.583691 0.486676
4.587747 0.484955
4.591811 0.483472
4.595881 0.482048
4.599958 0.480624
4.604044 0.479141
4.608136 0.477895
4.612236 0.47659
4.616343 0.475285
4.620458 0.474098
4.624579 0.472911
4.628708 0.471725
4.632845 0.470657
4.636989 0.469589
4.64114 0.46858
4.645299 0.467631
4.649466 0.466741
4.653639 0.465851
4.65782 0.465139
4.662009 0.464487
4.666206 0.463893
4.67041 0.463241
4.674621 0.462292
4.67884 0.461342
4.683066 0.460096
4.687301 0.458554
4.691543 0.457011
4.695792 0.45535
4.700048 0.453808
4.704313 0.452265
4.708586 0.4509
4.712867 0.449358
4.717155 0.447815
4.721451 0.445976
4.725755 0.444374
4.730067 0.442535
4.734388 0.440874
4.738715 0.439035
4.743051 0.437077
4.747394 0.43506
4.751746 0.43328
4.756105 0.431559
4.760472 0.429661
4.764848 0.427881
4.769232 0.425923
4.773623 0.424321
4.778023 0.422482
4.782431 0.421117
4.786847 0.419575
4.791271 0.418269
4.795703 0.417083
4.800144 0.416252
4.804591 0.4156
4.809048 0.415066
4.813513 0.414769
4.817986 0.414294
4.822468 0.41376
4.826958 0.413167
4.831457 0.412574
4.835964 0.411981
4.84048 0.411209
4.845004 0.410319
4.849536 0.409311
4.854077 0.408361
4.858626 0.407234
4.863184 0.406107
4.867751 0.40492
4.872326 0.403853
4.876908 0.402844
4.8815 0.401954
4.886101 0.401005
4.89071 0.400174
4.895329 0.399284
4.899956 0.398276
4.904591 0.397208
4.909236 0.39608
4.91389 0.394894
4.918552 0.393707
4.923223 0.392402
4.927903 0.391097
4.932591 0.389792
4.937289 0.388486
4.941996 0.387122
4.946712 0.385757
4.951437 0.384274
4.956171 0.38285
4.960914 0.381307
4.965665 0.379706
4.970426 0.378163
4.975196 0.376443
4.979976 0.374722
4.984764 0.37312
4.989561 0.3714
4.994367 0.369798
4.999184 0.368196
5.004009 0.366475
5.008844 0.364695
5.013688 0.363093
5.018541 0.361373
5.023404 0.35989
5.028277 0.358525
5.033159 0.357101
5.038051 0.355677
5.042951 0.354372
5.047862 0.353186
5.052782 0.351999
5.057711 0.350694
5.06265 0.349626
5.0676 0.348855
5.072558 0.348499
5.077527 0.348083
5.082504 0.347431
5.087492 0.346541
5.09249 0.345591
5.097497 0.344345
5.102514 0.342981
5.10754 0.341498
5.112577 0.340014
5.117624 0.33865
5.122681 0.337404
5.127748 0.336514
5.132825 0.336099
5.137912 0.336099
5.143009 0.336633
5.148117 0.337345
5.153234 0.338413
5.158362 0.339421
5.1635 0.34037
5.168648 0.34126
5.173806 0.342032
5.178975 0.342566
5.184154 0.342922
5.189344 0.34304
5.194544 0.342803
5.199754 0.34215
5.204975 0.341082
5.210206 0.339599
5.215447 0.337997
5.2207 0.33598
5.225963 0.33337
5.231235 0.330225
5.236519 0.326903
5.241814 0.32358
5.247119 0.320555
5.252435 0.318181
5.257762 0.316461
5.2631 0.315274
5.268449 0.314325
5.273809 0.313316
5.27918 0.312308
5.284561 0.311062
5.289953 0.309757
5.295357 0.308392
5.300771 0.306909
5.306197 0.305188
5.311634 0.30329
5.31708 0.301391
5.322538 0.29973
5.328009 0.298366
5.33349 0.297357
5.338983 0.296586
5.344487 0.296111
5.350003 0.295577
5.355529 0.295043
5.361069 0.294331
5.366619 0.293441
5.37218 0.292314
5.377753 0.291068
5.383337 0.289763
5.388933 0.288517
5.394541 0.287152
5.40016 0.285728
5.405792 0.284067
5.411435 0.282228
5.417089 0.280092
5.422756 0.277778
5.428434 0.275465
5.434124 0.272617
5.439826 0.269413
5.44554 0.265853
5.451264 0.262056
5.457003 0.258022
5.462753 0.254047
5.468515 0.250724
5.47429 0.248233
5.480077 0.246512
5.485876 0.245385
5.491687 0.244673
5.497512 0.244198
5.503348 0.243724
5.509196 0.243368
5.515058 0.243071
5.520931 0.242952
5.526816 0.243071
5.532715 0.243308
5.538626 0.243664
5.544551 0.243961
5.550487 0.244079
5.556436 0.24402
5.562398 0.243961
5.568373 0.243605
5.57436 0.243071
5.58036 0.242537
5.586374 0.242062
5.592398 0.24141
5.598437 0.240698
5.604489 0.239986
5.610555 0.239096
5.616633 0.238147
5.622725 0.237197
5.62883 0.236307
5.634949 0.235417
5.641082 0.234765
5.647227 0.234468
5.653385 0.233994
5.659557 0.23346
5.665742 0.232807
5.671941 0.232154
5.678154 0.23162
5.68438 0.231324
5.69062 0.231027
5.696874 0.230908
5.703141 0.230374
5.709422 0.229781
5.715717 0.229247
5.722026 0.228476
5.728348 0.227527
5.734685 0.226459
5.741033 0.225094
5.747398 0.22373
5.753777 0.222602
5.76017 0.22106
5.766577 0.219636
5.772999 0.218746
5.779435 0.217737
5.785885 0.21661
5.792351 0.215542
5.798831 0.214534
5.805324 0.213466
5.811832 0.212457
5.818355 0.211271
5.824893 0.210321
5.831445 0.209491
5.838012 0.20866
5.844594 0.20777
5.851191 0.20688
5.857803 0.205812
5.864429 0.204804
5.871071 0.203854
5.877727 0.202609
5.884399 0.201897
5.891086 0.201125
5.897785 0.200473
5.904502 0.200235
5.911235 0.199761
5.917983 0.199464
5.924747 0.199464
5.931525 0.199108
5.93832 0.199108
5.94513 0.199464
5.951957 0.199583
5.958798 0.199523
5.965655 0.199345
5.972528 0.199464
5.979417 0.199286
5.986322 0.198811
5.993242 0.198455
6.000179 0.197862
6.00713 0.196735
6.014098 0.195252
6.021083 0.193769
6.028085 0.191929
6.035102 0.189734
6.042136 0.187183
6.049186 0.184513
6.056253 0.182555
6.063337 0.180419
6.070437 0.178165
6.077554 0.176326
6.084687 0.174605
6.091837 0.172885
6.099004 0.171283
6.106188 0.16974
6.113389 0.168554
6.120608 0.16802
6.127842 0.167545
6.135094 0.167011
6.142364 0.166655
6.14965 0.16624
6.156953 0.165765
6.164274 0.165528
6.171613 0.16535
6.178967 0.164875
6.18634 0.164638
6.193731 0.164697
6.201139 0.164401
6.208566 0.164223
6.216011 0.16446
6.223473 0.165053
6.230953 0.165528
6.238452 0.16624
6.245968 0.16713
6.253502 0.168138
6.261055 0.169147
6.268626 0.170512
6.276215 0.172232
6.283823 0.17419
6.291449 0.176207
6.299095 0.178343
6.306758 0.180538
6.31444 0.18303
6.32214 0.185759
6.32986 0.188488
6.337598 0.19098
6.345355 0.194184
6.353131 0.197566
6.360924 0.200295
6.368739 0.20249
6.376572 0.204626
6.384425 0.206465
6.392297 0.208067
6.400189 0.209313
6.4081 0.210084
6.416031 0.211449
6.423983 0.213228
6.431953 0.214296
6.439943 0.215186
6.447953 0.21578
6.455982 0.216195
6.464032 0.216432
6.472102 0.216551
6.480192 0.216314
6.488305 0.215898
6.496436 0.215839
6.504587 0.216136
6.512758 0.215661
6.52095 0.214771
6.529163 0.214178
6.537397 0.213347
6.545651 0.21216
6.553923 0.210915
6.562219 0.209669
6.570536 0.208245
6.578875 0.206999
6.587234 0.205516
6.595614 0.203854
6.604017 0.202193
6.61244 0.200473
6.620886 0.198752
6.629353 0.196735
6.637841 0.194836
6.646351 0.19365
6.654883 0.192345
6.663437 0.190802
6.672013 0.18926
6.680611 0.187836
6.689233 0.186708
6.697875 0.185581
6.70654 0.184454
6.715228 0.183386
6.723937 0.182318
6.73267 0.181309
6.741425 0.180301
6.750203 0.179233
6.759001 0.178165
6.767824 0.177038
6.776671 0.175851
6.785541 0.174605
6.794435 0.173597
6.803351 0.172766
6.812291 0.171876
6.821255 0.170808
6.830244 0.169918
6.839254 0.169088
6.848289 0.168138
6.857347 0.167189
6.86643 0.166833
6.875537 0.166655
6.884668 0.16624
6.893823 0.165765
6.902999 0.165231
6.912203 0.164816
6.921432 0.16446
6.930685 0.164163
6.939963 0.163629
6.949265 0.163095
6.958593 0.162502
6.967947 0.162205
6.977327 0.16179
6.98673 0.161316
6.996159 0.160663
7.005613 0.16007
7.015093 0.15918
7.024599 0.158171
7.03413 0.156925
7.043687 0.155205
7.053272 0.153187
7.062882 0.15123
7.072517 0.149331
7.082179 0.147611
7.091867 0.146246
7.101583 0.145178
7.111324 0.144051
7.121092 0.142864
7.130883 0.141559
7.140706 0.140313
7.150555 0.139186
7.160431 0.138059
7.170335 0.136753
7.180266 0.135448
7.190225 0.134202
7.200211 0.132956
7.210228 0.13171
7.22027 0.130405
7.23034 0.128863
7.240438 0.127498
7.250565 0.126252
7.26072 0.124888
7.270903 0.123404
7.281115 0.121802
7.291358 0.12026
7.301627 0.118836
7.311926 0.117412
7.322253 0.115988
7.33261 0.114624
7.342996 0.113259
7.353412 0.111894
7.363857 0.110649
7.374328 0.10964
7.384833 0.108572
7.395367 0.107445
7.405932 0.106377
7.416527 0.105309
7.427153 0.1043
7.437809 0.103351
7.448495 0.102521
7.459215 0.101631
7.469963 0.1008
7.480742 0.100147
7.491552 0.099554
7.502394 0.098901
7.513267 0.098486
7.524172 0.09813
7.535108 0.097774
7.546078 0.097359
7.557078 0.096825
7.56811 0.096291
7.579175 0.095757
7.590272 0.095045
7.601401 0.094274
7.612564 0.093443
7.623759 0.092672
7.634982 0.091841
7.646243 0.090833
7.657537 0.089705
7.668865 0.088697
7.680227 0.08757
7.691622 0.086442
7.703051 0.085315
7.714513 0.084366
7.726013 0.083357
7.737544 0.082408
7.74911 0.081518
7.76071 0.08045
7.772346 0.079501
7.784016 0.07873
7.795721 0.077899
7.807461 0.077128
7.819234 0.076238
7.831045 0.075229
7.842893 0.074043
7.854775 0.072737
7.866695 0.071313
7.87865 0.06989
7.890642 0.068288
7.90267 0.066626
7.914737 0.064965
7.926839 0.063363
7.938978 0.061821
7.951155 0.060041
7.963368 0.057964
7.97562 0.056244
7.987909 0.054583
8.000236 0.052921
8.012604 0.051142
8.025007 0.049421
8.03745 0.047582
8.04993 0.045743
8.062449 0.044022
8.075007 0.042302
8.087605 0.040581
8.100242 0.03892
8.112914 0.037081
8.12563 0.035301
8.138387 0.033284
8.151183 0.031444
8.16402 0.029842
8.176896 0.028537
8.189815 0.027113
8.202773 0.025571
8.215774 0.023969
8.228815 0.022664
8.241898 0.021358
8.255021 0.020409
8.268188 0.019579
8.281395 0.018985
8.294645 0.018689
8.307939 0.018748
8.321277 0.018748
8.334655 0.018926
8.348077 0.019282
8.361541 0.019519
8.37505 0.019757
8.388601 0.020172
8.402197 0.020646
8.415837 0.021358
8.429516 0.021952
8.443245 0.022842
8.457019 0.02385
8.470837 0.025096
8.484701 0.026817
8.49861 0.029012
8.512566 0.031504
8.526567 0.03447
8.540616 0.037793
8.554709 0.04159
8.56885 0.045505
8.583036 0.04954
8.59727 0.053574
8.611551 0.057549
8.62588 0.061228
8.640257 0.064491
8.654684 0.067101
8.669156 0.069059
8.683678 0.070424
8.698248 0.071491
8.712867 0.072322
8.727534 0.072797
8.742252 0.072975
8.75702 0.073034
8.771832 0.072797
8.786699 0.072559
8.801618 0.071966
8.816586 0.071491
8.831606 0.071017
8.846677 0.07072
8.861799 0.070246
8.876974 0.070068
8.892203 0.071017
8.907482 0.073449
8.922813 0.076297
8.938197 0.079145
8.953634 0.081933
8.969126 0.08484
8.98467 0.087807
9.000268 0.090536
9.015924 0.092909
9.031631 0.095223
9.047393 0.097478
9.06321 0.099376
9.079082 0.101156
9.095011 0.103826
9.110995 0.107148
9.127035 0.110708
9.143127 0.11403
9.159282 0.117115
9.175492 0.119548
9.191761 0.121565
9.208088 0.123464
9.224472 0.125599
9.240915 0.128447
9.257417 0.131888
9.27398 0.135448
9.290601 0.138711
9.307281 0.141559
9.32402 0.143873
9.34082 0.145593
9.35768 0.147729
9.374602 0.150874
9.391585 0.155383
9.408624 0.161731
9.42573 0.170156
9.442899 0.180123
9.460131 0.190683
9.477425 0.200235
9.494783 0.207948
9.512204 0.213584
9.52969 0.216966
9.547244 0.218093
9.564858 0.2175
9.582539 0.215958
9.600284 0.214237
9.618095 0.21133
9.635973 0.206584
9.653916 0.200354
9.671927 0.193591
9.690009 0.187124
9.708156 0.181369
9.72637 0.176978
9.744653 0.174665
9.763004 0.174012
9.781425 0.174071
9.799915 0.173775
9.818476 0.172529
9.837101 0.170571
9.855803 0.168435
9.874576 0.16624
9.89342 0.163807
9.912336 0.161375
9.931326 0.15912
9.950388 0.157044
9.969523 0.154908
9.988736 0.15295
10.008019 0.15123
10.027377 0.149806
10.04681 0.149034
10.066319 0.148441
10.085902 0.147907
10.105563 0.147017
10.1253 0.145356
10.145119 0.142746
10.165011 0.139245
10.184982 0.134973
10.205031 0.130642
10.22516 0.127261
10.245367 0.124413
10.265656 0.12204
10.286023 0.119963
10.306466 0.117946
10.326997 0.116048
10.34761 0.114327
10.368304 0.112428
10.389083 0.110233
10.409945 0.107919
10.43089 0.105606
10.45192 0.10347
10.473039 0.101453
10.49424 0.098961
10.515526 0.096054
10.536899 0.093087
10.558359 0.089824
10.579906 0.086858
10.601542 0.083891
10.623267 0.081043
10.645084 0.07867
10.666988 0.076594
10.688982 0.074636
10.711066 0.072915
10.733243 0.071907
10.755511 0.072144
10.777872 0.073449
10.800325 0.075526
10.822865 0.077899
10.845508 0.080035
10.868244 0.081459
10.891077 0.082408
10.914005 0.082705
10.937031 0.082705
10.960154 0.082645
10.983374 0.082586
11.006698 0.082586
11.030116 0.082586
11.053635 0.082764
11.077253 0.083239
11.100973 0.083832
11.124795 0.08484
11.14872 0.085552
11.172747 0.085671
11.196871 0.08579
11.221107 0.085493
11.245447 0.084781
11.269894 0.084247
11.294447 0.083713
11.319107 0.083001
11.343875 0.082349
11.368752 0.081993
11.393744 0.08134
11.418839 0.080865
11.444047 0.080509
11.469365 0.079857
11.494797 0.07956
11.52034 0.079738
11.545999 0.079857
11.571771 0.079738
11.597663 0.079501
11.623667 0.079382
11.649787 0.078908
11.676025 0.077662
11.702382 0.075288
11.728858 0.073865
11.755454 0.074399
11.782171 0.074695
11.809002 0.074873
11.835962 0.074873
11.863048 0.074458
11.890256 0.073687
11.91759 0.073034
11.94505 0.072025
11.972636 0.070839
12.000351 0.069652
12.028198 0.068406
12.056171 0.067457
12.084274 0.066152
12.112508 0.064669
12.140875 0.06366
12.169374 0.062711
12.198009 0.061406
12.226777 0.060338
12.255688 0.059329
12.28473 0.057905
12.31391 0.056303
12.343228 0.055117
12.372687 0.053989
12.402287 0.052625
12.432029 0.051142
12.461913 0.049599
12.491931 0.047997
12.522105 0.046514
12.552425 0.044971
12.582892 0.043725
12.613507 0.042302
12.644272 0.04064
12.675187 0.038979
12.706254 0.037555
12.737479 0.036131
12.768852 0.034351
12.80038 0.03269
12.832064 0.031682
12.863906 0.031148
12.895905 0.031326
12.928064 0.031978
12.960384 0.033462
12.992874 0.035657
13.025519 0.037793
13.05833 0.039572
13.091305 0.041174
13.124448 0.041768
13.157759 0.041056
13.191238 0.039157
13.22489 0.036606
13.258701 0.034174
13.292698 0.032216
13.326869 0.030614
13.361217 0.029724
13.395742 0.028953
13.430446 0.027944
13.46533 0.026698
13.500397 0.026105
13.535651 0.025511
13.571085 0.025393
13.606705 0.025274
13.642511 0.02563
13.678508 0.026223
13.714694 0.026995
13.751073 0.027707
13.787644 0.028953
13.82442 0.030614
13.861383 0.032453
13.898545 0.034292
13.935907 0.036131
13.97347 0.037733
14.011236 0.039691
14.049208 0.041352
14.087384 0.042658
14.125755 0.044437
14.16435 0.046633
14.203156 0.048768
14.242176 0.050845
14.281411 0.053218
14.320862 0.056541
14.360532 0.060931
14.400422 0.065796
14.440542 0.071017
14.48088 0.076119
14.521442 0.079975
14.562233 0.082883
14.603253 0.085196
14.644506 0.08668
14.685991 0.08751
14.727713 0.088104
14.76966 0.088578
14.811859 0.088638
14.8543 0.087866
14.896984 0.086917
14.939916 0.084959
14.983094 0.082645
15.026524 0.081103
15.070205 0.080272
15.11415 0.079323
15.158343 0.078492
15.202796 0.078136
15.24751 0.078255
15.292488 0.077958
15.337732 0.07695
15.383245 0.076238
15.429028 0.075585
15.475092 0.074577
15.521424 0.074102
15.568036 0.073509
15.614927 0.072203
15.662103 0.071254
15.709563 0.070839
15.757313 0.070661
15.805353 0.070246
15.853672 0.069474
15.902304 0.068762
15.951234 0.067991
16.000465 0.067635
16.050003 0.067042
16.099848 0.065915
16.150003 0.064609
16.200472 0.063245
16.251265 0.06099
16.30237 0.059329
16.353796 0.05838
16.405548 0.056837
16.45763 0.055235
16.510042 0.053574
16.56279 0.052032
16.615877 0.051201
16.669313 0.050608
16.723085 0.049658
16.777206 0.049124
16.831676 0.049243
16.886503 0.048768
16.941689 0.048531
16.997234 0.048116
17.053146 0.047582
17.109409 0.046989
17.166063 0.047048
17.223093 0.047463
17.280504 0.047582
17.338299 0.048294
17.396481 0.04948
17.455055 0.050311
17.514025 0.051913
17.573404 0.054286
17.633179 0.055413
17.693359 0.055888
17.753954 0.057074
17.814964 0.057905
17.876394 0.057846
17.938251 0.057786
18.000536 0.058202
18.063269 0.057846
18.126427 0.058261
18.190027 0.059685
18.254078 0.063126
18.318579 0.066745
18.383539 0.070068
18.448961 0.073983
18.514851 0.07867
18.58119 0.083298
18.648029 0.088222
18.715351 0.093384
18.783159 0.098723
18.851461 0.104656
18.920263 0.111183
18.989569 0.116463
19.059383 0.120616
19.129725 0.126489
19.200575 0.134558
19.271952 0.140313
19.343863 0.144051
19.416311 0.148678
19.489305 0.154611
19.562849 0.157874
19.636951 0.158764
19.711594 0.159476
19.786827 0.162146
19.862638 0.164638
19.939034 0.166062
20.016018 0.168791
20.093599 0.173537
20.171785 0.179352
20.250582 0.184454
20.330009 0.18748
20.410049 0.18926
20.490723 0.189556
20.572035 0.189853
20.653994 0.190861
20.73661 0.19365
20.819889 0.196676
20.903841 0.198989
20.988487 0.199405
21.073807 0.199761
21.159821 0.202075
21.246542 0.203676
21.333977 0.202549
21.422132 0.202015
21.511023 0.201719
21.600651 0.200651
21.691 0.199345
21.782139 0.199049
21.874046 0.199286
21.966734 0.19982
22.060209 0.197862
22.154484 0.192819
22.249567 0.18748
22.34547 0.181903
22.442221 0.174961
22.539797 0.170393
22.638224 0.166062
22.737514 0.162443
22.837679 0.157222
22.93873 0.148856
23.04068 0.140966
23.143541 0.133787
23.247343 0.128744
23.35206 0.127142
23.457727 0.123582
23.564352 0.120616
23.671953 0.119014
23.78054 0.11848
23.890127 0.115988
24.000731 0.114268
24.112324 0.111776
24.224998 0.109877
24.338732 0.109225
24.453537 0.106021
24.569429 0.104122
24.686426 0.106021
24.804543 0.10608
