1.439243 0.187272
1.439643 0.187448
1.440043 0.187565
1.440443 0.187624
1.440843 0.188034
1.441244 0.188562
1.441645 0.188679
1.442046 0.188855
1.442447 0.188855
1.442848 0.188914
1.44325 0.189617
1.443652 0.189852
1.444054 0.189969
1.444457 0.189676
1.444859 0.189735
1.445262 0.190497
1.445665 0.191025
1.446068 0.190673
1.446472 0.190556
1.446875 0.191083
1.447279 0.191552
1.447683 0.191611
1.448088 0.191728
1.448492 0.19167
1.448897 0.19167
1.449302 0.191494
1.449708 0.192139
1.450113 0.192725
1.450519 0.193018
1.450925 0.193077
1.451331 0.193135
1.451737 0.193487
1.452144 0.193956
1.452551 0.194132
1.452958 0.194191
1.453365 0.194308
1.453773 0.194601
1.454181 0.194718
1.454589 0.194777
1.454997 0.194836
1.455405 0.194953
1.455814 0.195188
1.456223 0.195363
1.456632 0.195246
1.457042 0.195422
1.457451 0.195715
1.457861 0.195832
1.458271 0.19595
1.458682 0.196302
1.459092 0.196477
1.459503 0.196477
1.459914 0.196888
1.460325 0.19724
1.460737 0.197591
1.461148 0.197826
1.46156 0.197885
1.461972 0.198061
1.462385 0.198178
1.462797 0.198178
1.46321 0.198119
1.463623 0.198705
1.464037 0.199233
1.46445 0.199292
1.464864 0.199057
1.465278 0.199116
1.465692 0.199644
1.466107 0.200113
1.466522 0.199878
1.466937 0.200113
1.467352 0.199937
1.467767 0.200171
1.468183 0.200875
1.468599 0.201285
1.469015 0.201051
1.469431 0.200992
1.469848 0.200934
1.470265 0.201051
1.470682 0.201403
1.471099 0.202106
1.471517 0.202223
1.471935 0.202282
1.472353 0.202634
1.472771 0.20281
1.47319 0.202868
1.473608 0.20322
1.474027 0.203513
1.474447 0.203807
1.474866 0.203807
1.475286 0.203748
1.475706 0.204158
1.476126 0.20451
1.476546 0.204627
1.476967 0.204921
1.477388 0.204979
1.477809 0.205096
1.47823 0.205038
1.478652 0.205272
1.479074 0.2058
1.479496 0.205976
1.479918 0.206152
1.480341 0.20621
1.480764 0.20621
1.481187 0.206621
1.48161 0.206855
1.482034 0.206797
1.482458 0.206855
1.482882 0.207324
1.483306 0.207559
1.48373 0.208028
1.484155 0.20838
1.48458 0.208438
1.485006 0.208614
1.485431 0.209025
1.485857 0.208908
1.486283 0.20879
1.486709 0.208966
1.487135 0.209318
1.487562 0.209728
1.487989 0.209904
1.488416 0.209846
1.488844 0.209787
1.489271 0.210256
1.489699 0.210549
1.490128 0.21096
1.490556 0.211136
1.490985 0.210842
1.491414 0.211136
1.491843 0.211429
1.492272 0.211839
1.492702 0.211839
1.493132 0.211956
1.493562 0.212308
1.493993 0.212308
1.494423 0.212426
1.494854 0.212836
1.495285 0.21307
1.495717 0.213481
1.496148 0.213598
1.49658 0.213481
1.497012 0.213891
1.497445 0.214184
1.497877 0.214126
1.49831 0.214184
1.498744 0.214009
1.499177 0.214712
1.499611 0.21524
1.500045 0.215416
1.500479 0.215416
1.500913 0.215474
1.501348 0.215416
1.501783 0.215533
1.502218 0.215768
1.502653 0.216295
1.503089 0.216354
1.503525 0.216471
1.503961 0.216882
1.504398 0.216823
1.504834 0.217057
1.505271 0.217409
1.505709 0.217292
1.506146 0.217527
1.506584 0.217702
1.507022 0.217761
1.50746 0.21782
1.507898 0.218113
1.508337 0.218523
1.508776 0.218816
1.509215 0.21911
1.509655 0.219403
1.510094 0.21952
1.510534 0.21952
1.510975 0.219579
1.511415 0.219872
1.511856 0.220048
1.512297 0.219989
1.512738 0.2204
1.51318 0.220869
1.513622 0.220986
1.514064 0.220986
1.514506 0.221044
1.514948 0.221338
1.515391 0.221572
1.515834 0.221631
1.516278 0.221631
1.516721 0.221865
1.517165 0.2221
1.517609 0.222334
1.518054 0.222745
1.518499 0.222921
1.518944 0.223097
1.519389 0.223448
1.519834 0.223566
1.52028 0.223624
1.520726 0.223742
1.521172 0.224211
1.521619 0.224504
1.522065 0.22468
1.522512 0.22468
1.52296 0.224738
1.523407 0.224856
1.523855 0.224973
1.524303 0.22509
1.524751 0.225266
1.5252 0.225501
1.525649 0.225852
1.526098 0.226028
1.526547 0.226263
1.526997 0.226615
1.527447 0.226673
1.527897 0.226732
1.528347 0.226732
1.528798 0.22679
1.529249 0.227142
1.5297 0.227494
1.530152 0.227787
1.530604 0.22808
1.531055 0.22808
1.531508 0.228022
1.53196 0.228374
1.532413 0.228608
1.532866 0.228725
1.53332 0.229018
1.533773 0.229253
1.534227 0.229488
1.534682 0.229605
1.535136 0.229898
1.535591 0.229957
1.536046 0.229898
1.536501 0.229957
1.536956 0.23025
1.537412 0.230719
1.537868 0.231012
1.538324 0.231247
1.538781 0.23154
1.539238 0.231774
1.539695 0.232067
1.540153 0.232361
1.54061 0.232361
1.541068 0.232361
1.541527 0.232419
1.541985 0.232712
1.542444 0.232888
1.542903 0.233123
1.543363 0.23324
1.543822 0.233416
1.544282 0.233768
1.544742 0.234295
1.545203 0.234471
1.545663 0.234647
1.546124 0.23494
1.546586 0.235116
1.547047 0.234882
1.547509 0.235175
1.547971 0.235409
1.548433 0.235761
1.548896 0.235878
1.549359 0.23582
1.549822 0.235878
1.550285 0.236172
1.550749 0.236582
1.551213 0.236758
1.551677 0.236993
1.552142 0.23752
1.552607 0.23752
1.553072 0.237579
1.553537 0.237931
1.554003 0.238224
1.554469 0.238048
1.554935 0.238282
1.555402 0.238693
1.555868 0.239045
1.556336 0.239221
1.556803 0.239338
1.557271 0.239572
1.557738 0.240041
1.558207 0.240217
1.558675 0.240628
1.559144 0.240569
1.559613 0.240686
1.560082 0.241097
1.560552 0.241155
1.561022 0.241097
1.561492 0.241097
1.561963 0.24139
1.562433 0.242035
1.562905 0.242387
1.563376 0.242504
1.563848 0.242914
1.564319 0.242973
1.564792 0.242621
1.565264 0.242739
1.565737 0.243032
1.56621 0.243266
1.566683 0.243677
1.567156 0.243853
1.56763 0.243853
1.568105 0.244263
1.568579 0.244673
1.569054 0.244791
1.569529 0.244908
1.570004 0.245318
1.57048 0.245553
1.570956 0.24567
1.571432 0.245846
1.571908 0.245846
1.572385 0.245846
1.572862 0.246139
1.57334 0.246374
1.573817 0.246667
1.574295 0.246784
1.574773 0.246725
1.575252 0.246725
1.575731 0.247019
1.57621 0.247546
1.576689 0.247898
1.577169 0.248015
1.577649 0.248309
1.578129 0.248426
1.57861 0.248719
1.57909 0.249129
1.579572 0.249129
1.580053 0.249188
1.580535 0.249423
1.581017 0.249598
1.581499 0.249892
1.581982 0.250126
1.582465 0.250243
1.582948 0.250361
1.583431 0.250537
1.583915 0.250595
1.584399 0.251182
1.584884 0.251299
1.585368 0.251357
1.585853 0.251768
1.586339 0.251885
1.586824 0.251709
1.58731 0.251944
1.587796 0.252237
1.588283 0.252471
1.588769 0.25253
1.589256 0.252823
1.589744 0.253058
1.590231 0.253116
1.590719 0.253468
1.591208 0.253586
1.591696 0.253703
1.592185 0.25382
1.592674 0.254113
1.593163 0.254524
1.593653 0.254817
1.594143 0.254934
1.594634 0.254993
1.595124 0.255286
1.595615 0.25552
1.596107 0.255755
1.596598 0.255989
1.59709 0.256341
1.597582 0.256752
1.598075 0.256869
1.598568 0.25681
1.599061 0.257103
1.599554 0.257397
1.600048 0.257455
1.600542 0.257397
1.601036 0.257631
1.60153 0.258042
1.602025 0.2581
1.602521 0.258276
1.603016 0.258745
1.603512 0.258921
1.604008 0.259214
1.604505 0.259331
1.605001 0.259449
1.605498 0.259859
1.605996 0.260211
1.606493 0.26027
1.606991 0.260446
1.60749 0.260446
1.607988 0.260621
1.608487 0.260915
1.608986 0.261384
1.609486 0.261677
1.609986 0.261911
1.610486 0.261853
1.610986 0.262029
1.611487 0.26238
1.611988 0.262615
1.61249 0.262674
1.612991 0.263143
1.613493 0.263553
1.613996 0.263612
1.614498 0.263846
1.615001 0.264139
1.615505 0.263905
1.616008 0.264022
1.616512 0.264433
1.617016 0.264843
1.617521 0.264843
1.618026 0.26496
1.618531 0.265253
1.619036 0.265605
1.619542 0.265605
1.620048 0.265898
1.620554 0.26625
1.621061 0.266661
1.621568 0.266836
1.622076 0.267012
1.622583 0.266954
1.623091 0.267481
1.6236 0.267481
1.624108 0.267481
1.624617 0.267833
1.625127 0.26795
1.625636 0.268302
1.626146 0.268713
1.626656 0.268889
1.627167 0.26924
1.627678 0.269416
1.628189 0.269416
1.628701 0.269651
1.629212 0.269944
1.629725 0.27012
1.630237 0.270413
1.63075 0.270648
1.631263 0.270882
1.631777 0.271117
1.63229 0.271644
1.632804 0.271586
1.633319 0.271351
1.633834 0.271468
1.634349 0.272172
1.634864 0.272524
1.63538 0.272641
1.635896 0.272817
1.636412 0.27311
1.636929 0.273169
1.637446 0.273345
1.637964 0.273814
1.638481 0.273872
1.638999 0.273931
1.639518 0.2744
1.640036 0.274459
1.640555 0.274459
1.641075 0.274635
1.641594 0.274928
1.642114 0.275104
1.642634 0.275397
1.643155 0.275866
1.643676 0.276276
1.644197 0.276159
1.644719 0.276394
1.645241 0.276628
1.645763 0.276804
1.646286 0.276921
1.646809 0.277332
1.647332 0.277683
1.647856 0.277977
1.64838 0.278153
1.648904 0.278094
1.649429 0.277918
1.649953 0.278094
1.650479 0.278856
1.651004 0.279384
1.651531 0.27956
1.652057 0.279501
1.652583 0.279501
1.65311 0.279794
1.653638 0.279911
1.654165 0.280322
1.654693 0.280615
1.655222 0.280674
1.65575 0.280674
1.656279 0.280908
1.656809 0.281025
1.657338 0.281319
1.657868 0.281612
1.658399 0.281964
1.658929 0.282081
1.65946 0.282257
1.659992 0.282433
1.660523 0.28255
1.661055 0.28296
1.661588 0.283371
1.662121 0.283429
1.662654 0.283723
1.663187 0.283723
1.663721 0.283898
1.664255 0.284368
1.664789 0.284778
1.665324 0.284954
1.665859 0.285423
1.666395 0.285599
1.666931 0.28554
1.667467 0.285775
1.668003 0.286009
1.66854 0.286244
1.669077 0.286478
1.669615 0.28683
1.670153 0.286947
1.670691 0.286947
1.671229 0.287358
1.671769 0.28771
1.672308 0.287886
1.672847 0.28812
1.673387 0.288472
1.673928 0.288648
1.674468 0.288824
1.675009 0.288941
1.675551 0.289058
1.676093 0.289234
1.676635 0.289351
1.677177 0.289762
1.67772 0.290407
1.678263 0.290524
1.678806 0.290876
1.67935 0.291169
1.679894 0.291345
1.680439 0.291462
1.680984 0.291521
1.681529 0.291579
1.682074 0.29199
1.682621 0.292283
1.683167 0.292576
1.683714 0.292752
1.68426 0.292928
1.684808 0.293338
1.685356 0.29369
1.685904 0.293983
1.686452 0.294218
1.687001 0.294335
1.68755 0.29457
1.6881 0.294746
1.68865 0.295156
1.6892 0.29539
1.689751 0.295508
1.690302 0.295801
1.690853 0.296211
1.691405 0.296387
1.691957 0.296563
1.692509 0.29668
1.693061 0.296856
1.693615 0.297091
1.694168 0.297618
1.694722 0.297736
1.695276 0.297794
1.695831 0.297677
1.696385 0.29797
1.696941 0.298498
1.697497 0.298674
1.698053 0.298967
1.698609 0.299319
1.699166 0.299436
1.699723 0.299729
1.70028 0.30014
1.700838 0.300198
1.701396 0.300374
1.701955 0.300843
1.702514 0.301019
1.703073 0.301078
1.703633 0.301312
1.704193 0.301488
1.704753 0.30143
1.705314 0.301723
1.705875 0.301957
1.706436 0.302368
1.706998 0.302661
1.707561 0.302778
1.708123 0.303013
1.708686 0.30354
1.70925 0.303599
1.709813 0.303658
1.710377 0.303892
1.710942 0.304185
1.711507 0.304596
1.712072 0.304889
1.712638 0.305123
1.713204 0.305299
1.71377 0.305299
1.714337 0.305768
1.714904 0.306003
1.715471 0.305827
1.716039 0.30612
1.716607 0.306531
1.717176 0.306765
1.717745 0.307117
1.718314 0.307351
1.718884 0.307469
1.719454 0.307527
1.720024 0.307879
1.720595 0.308055
1.721167 0.308348
1.721738 0.308641
1.72231 0.308876
1.722883 0.308993
1.723455 0.309286
1.724029 0.309462
1.724602 0.309755
1.725176 0.30999
1.72575 0.310283
1.726325 0.310459
1.7269 0.310576
1.727476 0.310752
1.728051 0.310928
1.728628 0.311163
1.729204 0.31169
1.729781 0.311866
1.730358 0.311983
1.730936 0.312277
1.731514 0.31257
1.732093 0.312687
1.732672 0.312804
1.733251 0.31298
1.733831 0.313391
1.734411 0.313918
1.734991 0.314153
1.735572 0.314446
1.736153 0.314681
1.736735 0.314974
1.737317 0.31515
1.7379 0.315267
1.738482 0.315443
1.739066 0.315795
1.739649 0.316088
1.740233 0.316264
1.740817 0.31644
1.741402 0.316615
1.741987 0.316791
1.742573 0.317026
1.743159 0.317378
1.743745 0.317788
1.744332 0.318081
1.744919 0.318374
1.745506 0.318668
1.746094 0.318843
1.746683 0.319195
1.747271 0.31943
1.74786 0.319547
1.74845 0.319723
1.74904 0.320075
1.74963 0.320544
1.750221 0.320778
1.750812 0.32072
1.751403 0.320837
1.751995 0.321247
1.752588 0.321834
1.75318 0.322068
1.753773 0.322068
1.754367 0.322361
1.754961 0.322948
1.755555 0.323241
1.75615 0.3233
1.756745 0.323534
1.75734 0.32371
1.757936 0.323769
1.758533 0.323944
1.759129 0.324296
1.759726 0.324765
1.760324 0.325117
1.760922 0.325469
1.76152 0.325645
1.762119 0.325821
1.762718 0.325821
1.763318 0.326114
1.763918 0.326642
1.764518 0.326935
1.765119 0.327111
1.76572 0.327404
1.766322 0.327697
1.766924 0.328049
1.767526 0.328283
1.768129 0.328342
1.768732 0.328459
1.769336 0.328752
1.76994 0.329163
1.770545 0.329515
1.771149 0.329749
1.771755 0.329984
1.77236 0.329984
1.772967 0.33057
1.773573 0.330804
1.77418 0.330804
1.774787 0.331039
1.775395 0.331567
1.776004 0.331743
1.776612 0.331801
1.777221 0.331977
1.777831 0.332505
1.778441 0.332798
1.779051 0.332974
1.779662 0.333091
1.780273 0.333326
1.780884 0.33356
1.781496 0.333853
1.782109 0.334205
1.782721 0.334674
1.783335 0.33485
1.783948 0.335085
1.784562 0.335319
1.785177 0.335495
1.785792 0.335612
1.786407 0.33573
1.787023 0.335964
1.787639 0.336316
1.788256 0.336609
1.788873 0.336961
1.789491 0.337254
1.790108 0.33743
1.790727 0.337547
1.791346 0.33784
1.791965 0.337899
1.792585 0.338134
1.793205 0.338544
1.793825 0.338896
1.794446 0.339248
1.795067 0.339541
1.795689 0.339775
1.796311 0.34001
1.796934 0.34001
1.797557 0.34001
1.79818 0.340186
1.798804 0.340596
1.799429 0.340772
1.800053 0.341065
1.800679 0.341593
1.801304 0.342062
1.801931 0.342003
1.802557 0.342238
1.803184 0.34259
1.803812 0.342824
1.804439 0.342883
1.805068 0.343235
1.805696 0.343528
1.806326 0.343821
1.806955 0.343938
1.807585 0.34429
1.808216 0.344349
1.808847 0.344642
1.809478 0.344818
1.81011 0.345111
1.810742 0.345521
1.811375 0.346049
1.812008 0.346166
1.812641 0.346283
1.813275 0.346518
1.81391 0.346694
1.814545 0.34687
1.81518 0.347339
1.815816 0.347691
1.816452 0.348101
1.817089 0.34816
1.817726 0.348277
1.818363 0.34857
1.819001 0.348746
1.81964 0.349039
1.820279 0.349391
1.820918 0.349743
1.821558 0.350095
1.822199 0.350505
1.822839 0.35074
1.82348 0.350974
1.824122 0.351326
1.824764 0.351443
1.825406 0.351678
1.826049 0.352029
1.826693 0.352205
1.827337 0.35244
1.827981 0.352733
1.828626 0.353085
1.829271 0.353554
1.829917 0.353671
1.830563 0.353964
1.83121 0.354257
1.831857 0.354433
1.832504 0.354668
1.833152 0.355196
1.833801 0.355372
1.83445 0.355665
1.835099 0.355723
1.835749 0.355782
1.836399 0.356192
1.83705 0.356661
1.837701 0.357013
1.838353 0.357365
1.839005 0.357541
1.839658 0.357775
1.840311 0.357893
1.840964 0.358069
1.841618 0.35842
1.842272 0.358889
1.842927 0.359065
1.843583 0.359241
1.844238 0.359652
1.844895 0.360003
1.845551 0.360355
1.846209 0.360707
1.846867 0.360766
1.847525 0.361
1.848184 0.361235
1.848843 0.361645
1.849502 0.361997
1.850162 0.36229
1.850823 0.362583
1.851484 0.363111
1.852145 0.363228
1.852807 0.363287
1.853469 0.36358
1.854132 0.364049
1.854796 0.364401
1.855459 0.36446
1.856124 0.36446
1.856789 0.364987
1.857454 0.365456
1.85812 0.365749
1.858786 0.365867
1.859453 0.365984
1.86012 0.36616
1.860788 0.366805
1.861456 0.367157
1.862124 0.367215
1.862794 0.367274
1.863463 0.367567
1.864133 0.368036
1.864804 0.368271
1.865475 0.368212
1.866146 0.368447
1.866818 0.368622
1.867491 0.369033
1.868164 0.369326
1.868837 0.369678
1.869511 0.369971
1.870185 0.37003
1.87086 0.370206
1.871536 0.370557
1.872212 0.370792
1.872888 0.371085
1.873565 0.371085
1.874242 0.371319
1.87492 0.371495
1.875599 0.372023
1.876277 0.372434
1.876957 0.372668
1.877637 0.372785
1.878317 0.372903
1.878998 0.372903
1.879679 0.373254
1.880361 0.373606
1.881043 0.373958
1.881726 0.374193
1.882409 0.374544
1.883093 0.37472
1.883777 0.374837
1.884462 0.375189
1.885147 0.375365
1.885833 0.375541
1.886519 0.376127
1.887206 0.376303
1.887893 0.376479
1.888581 0.376772
1.889269 0.377007
1.889958 0.377007
1.890647 0.377417
1.891337 0.37771
1.892027 0.377945
1.892718 0.377945
1.893409 0.378355
1.894101 0.378766
1.894793 0.379059
1.895486 0.379176
1.896179 0.379235
1.896873 0.379176
1.897568 0.379469
1.898262 0.379704
1.898958 0.379997
1.899654 0.380349
1.90035 0.380642
1.901047 0.380818
1.901744 0.381111
1.902442 0.381228
1.90314 0.381697
1.903839 0.382049
1.904539 0.382401
1.905239 0.382518
1.905939 0.382401
1.90664 0.382577
1.907342 0.383105
1.908044 0.383456
1.908746 0.38375
1.909449 0.383984
1.910153 0.384277
1.910857 0.38457
1.911561 0.384746
1.912266 0.384864
1.912972 0.385157
1.913678 0.385567
1.914385 0.385978
1.915092 0.386212
1.9158 0.386388
1.916508 0.386798
1.917217 0.38715
1.917926 0.387385
1.918636 0.387619
1.919346 0.387737
1.920057 0.388088
1.920768 0.388499
1.92148 0.388909
1.922193 0.389085
1.922906 0.389144
1.92362 0.389378
1.924333 0.389847
1.925048 0.390023
1.925763 0.390082
1.926479 0.390492
1.927195 0.39102
1.927912 0.391079
1.928629 0.39143
1.929346 0.391841
1.930065 0.392193
1.930784 0.392251
1.931503 0.392486
1.932223 0.393014
1.932943 0.393541
1.933664 0.393776
1.934386 0.39401
1.935108 0.394245
1.93583 0.394362
1.936554 0.394655
1.937277 0.395007
1.938002 0.395124
1.938726 0.395417
1.939452 0.395887
1.940177 0.396238
1.940904 0.396414
1.941631 0.396707
1.942358 0.397059
1.943086 0.397645
1.943815 0.39788
1.944544 0.398056
1.945274 0.398408
1.946004 0.398818
1.946735 0.398877
1.947466 0.399053
1.948198 0.399522
1.94893 0.399815
1.949663 0.399991
1.950397 0.400225
1.951131 0.400401
1.951865 0.400636
1.952601 0.400988
1.953336 0.401222
1.954073 0.401574
1.954809 0.401867
1.955547 0.40216
1.956285 0.402512
1.957023 0.402805
1.957762 0.403098
1.958502 0.403333
1.959242 0.403626
1.959983 0.403743
1.960724 0.403861
1.961466 0.404095
1.962208 0.404506
1.962951 0.404623
1.963695 0.404916
1.964439 0.405326
1.965183 0.405561
1.965929 0.405737
1.966674 0.405913
1.967421 0.406089
1.968168 0.406499
1.968915 0.406792
1.969663 0.406851
1.970412 0.407203
1.971161 0.407672
1.971911 0.407965
1.972661 0.408199
1.973413 0.408375
1.974164 0.408551
1.974916 0.408786
1.975669 0.409079
1.976422 0.409313
1.977176 0.409665
1.97793 0.410134
1.978685 0.410486
1.97944 0.410545
1.980196 0.410896
1.980953 0.411131
1.98171 0.411248
1.982468 0.411541
1.983226 0.411717
1.983986 0.411952
1.984745 0.412186
1.985505 0.412362
1.986266 0.412773
1.987027 0.413066
1.987789 0.413418
1.988552 0.413711
1.989315 0.413945
1.990078 0.41418
1.990842 0.414414
1.991607 0.414708
1.992373 0.414942
1.993139 0.415294
1.993905 0.415646
1.994673 0.415822
1.99544 0.415998
1.996209 0.416173
1.996978 0.416525
1.997747 0.416701
1.998517 0.416877
1.999288 0.417287
2.000059 0.417756
2.000831 0.417991
2.001604 0.418226
2.002377 0.418284
2.003151 0.418577
2.003925 0.419046
2.0047 0.419457
2.005476 0.419574
2.006252 0.419926
2.007029 0.420395
2.007806 0.420747
2.008584 0.421099
2.009362 0.421509
2.010141 0.421626
2.010921 0.421743
2.011701 0.421919
2.012482 0.42233
2.013264 0.422682
2.014046 0.423033
2.014829 0.423385
2.015612 0.42362
2.016396 0.423796
2.01718 0.423972
2.017966 0.424089
2.018752 0.424441
2.019538 0.424792
2.020325 0.425086
2.021113 0.425555
2.021901 0.425906
2.02269 0.425965
2.023479 0.426317
2.02427 0.42661
2.02506 0.426962
2.025852 0.427196
2.026644 0.427607
2.027436 0.427724
2.028229 0.428017
2.029023 0.42831
2.029818 0.428545
2.030613 0.428897
2.031409 0.429307
2.032204 0.429424
2.033001 0.4296
2.033799 0.429893
2.034597 0.430128
2.035396 0.430304
2.036195 0.430714
2.036996 0.431066
2.037796 0.431535
2.038598 0.431887
2.0394 0.432121
2.040203 0.432356
2.041006 0.432532
2.04181 0.432884
2.042614 0.433118
2.043419 0.433411
2.044225 0.433704
2.045032 0.434056
2.045839 0.434232
2.046646 0.434232
2.047455 0.434584
2.048264 0.43517
2.049073 0.435757
2.049883 0.435874
2.050694 0.435933
2.051505 0.436284
2.052317 0.436636
2.05313 0.436812
2.053944 0.437047
2.054758 0.437222
2.055573 0.437398
2.056388 0.437516
2.057204 0.437809
2.058021 0.438278
2.058838 0.438688
2.059656 0.438981
2.060475 0.439099
2.061294 0.438981
2.062114 0.439275
2.062935 0.439802
2.063756 0.440271
2.064577 0.440389
2.0654 0.440389
2.066223 0.440389
2.067047 0.440623
2.067871 0.441151
2.068696 0.441561
2.069522 0.441737
2.070349 0.441796
2.071176 0.44203
2.072004 0.442382
2.072833 0.442558
2.073662 0.442793
2.074492 0.443027
2.075322 0.44332
2.076153 0.443438
2.076985 0.443555
2.077817 0.443907
2.07865 0.444141
2.079484 0.444258
2.080319 0.444258
2.081154 0.444434
2.08199 0.444903
2.082826 0.445138
2.083663 0.445255
2.084501 0.445372
2.08534 0.445666
2.086179 0.445724
2.087018 0.445841
2.087859 0.446193
2.0887 0.446428
2.089542 0.446545
2.090385 0.446721
2.091228 0.446955
2.092072 0.447425
2.092917 0.4476
2.093762 0.4476
2.094608 0.447718
2.095454 0.447894
2.096302 0.448069
2.09715 0.448539
2.097999 0.448539
2.098848 0.448714
2.099698 0.448832
2.100549 0.449066
2.1014 0.449418
2.102252 0.449711
2.103105 0.450004
2.103959 0.450239
2.104813 0.450356
2.105668 0.450649
2.106524 0.450942
2.10738 0.451236
2.108237 0.45147
2.109094 0.451939
2.109953 0.452291
2.110812 0.452467
2.111672 0.452643
2.112532 0.452995
2.113394 0.45317
2.114255 0.453464
2.115118 0.453757
2.115981 0.454284
2.116845 0.454636
2.11771 0.454695
2.118576 0.454871
2.119442 0.455164
2.120309 0.455574
2.121176 0.455926
2.122045 0.456161
2.122913 0.456747
2.123783 0.457158
2.124654 0.457333
2.125525 0.457451
2.126396 0.457685
2.127269 0.457978
2.128142 0.458271
2.129016 0.458447
2.129891 0.458799
2.130766 0.45921
2.131642 0.459737
2.132519 0.460265
2.133397 0.460617
2.134275 0.460734
2.135154 0.460793
2.136034 0.461027
2.136914 0.46132
2.137795 0.461555
2.138677 0.461789
2.13956 0.462141
2.140444 0.462493
2.141328 0.462962
2.142213 0.463314
2.143099 0.463373
2.143985 0.463724
2.144872 0.464135
2.14576 0.464428
2.146648 0.464545
2.147537 0.464838
2.148427 0.465249
2.149318 0.465718
2.150209 0.465952
2.151101 0.466011
2.151994 0.466246
2.152888 0.466773
2.153783 0.467008
2.154678 0.46736
2.155574 0.467535
2.15647 0.467711
2.157368 0.467887
2.158266 0.46818
2.159165 0.468591
2.160064 0.468825
2.160964 0.469119
2.161865 0.469588
2.162767 0.469822
2.16367 0.470057
2.164573 0.470408
2.165478 0.470643
2.166383 0.470702
2.167288 0.470995
2.168195 0.471347
2.169102 0.47164
2.17001 0.471992
2.170919 0.472167
2.171828 0.472402
2.172739 0.472578
2.17365 0.472578
2.174561 0.472871
2.175474 0.473281
2.176387 0.473633
2.177301 0.473692
2.178216 0.473926
2.179132 0.474395
2.180048 0.474571
2.180965 0.47463
2.181883 0.474982
2.182801 0.475275
2.183721 0.475685
2.184641 0.475979
2.185562 0.476096
2.186484 0.47633
2.187407 0.476565
2.18833 0.476741
2.189254 0.476917
2.190179 0.477093
2.191105 0.477268
2.192032 0.477737
2.192959 0.478148
2.193887 0.478265
2.194816 0.478382
2.195745 0.478617
2.196676 0.478734
2.197607 0.47891
2.198539 0.479379
2.199472 0.479555
2.200405 0.479731
2.201339 0.479907
2.202275 0.480259
2.203211 0.480493
2.204147 0.480786
2.205085 0.480845
2.206023 0.480962
2.206962 0.481197
2.207902 0.481549
2.208843 0.4819
2.209784 0.481959
2.210727 0.482076
2.21167 0.482487
2.212614 0.482839
2.213559 0.483249
2.214504 0.483483
2.215451 0.483718
2.216398 0.483953
2.217346 0.484011
2.218295 0.484011
2.219244 0.484246
2.220195 0.484422
2.221146 0.484656
2.222098 0.485008
2.223051 0.485301
2.224005 0.485477
2.224959 0.485711
2.225914 0.486005
2.226871 0.486298
2.227827 0.486474
2.228785 0.486708
2.229744 0.486826
2.230703 0.486884
2.231663 0.487177
2.232625 0.487588
2.233587 0.487881
2.234549 0.488057
2.235513 0.488291
2.236477 0.488526
2.237442 0.48876
2.238408 0.489054
2.239375 0.489171
2.240343 0.489171
2.241312 0.489347
2.242281 0.48964
2.243252 0.489933
2.244223 0.490226
2.245195 0.490578
2.246168 0.490813
2.247141 0.491164
2.248116 0.491282
2.249091 0.491457
2.250067 0.491751
2.251044 0.491809
2.252022 0.491985
2.253 0.492337
2.25398 0.492572
2.254961 0.492747
2.255942 0.493041
2.256924 0.493451
2.257907 0.493744
2.258891 0.493979
2.259876 0.494213
2.260861 0.494155
2.261847 0.494448
2.262835 0.494858
2.263823 0.49521
2.264812 0.495269
2.265802 0.495327
2.266792 0.495679
2.267784 0.496089
2.268776 0.496441
2.26977 0.496676
2.270764 0.496676
2.271759 0.49691
2.272755 0.497145
2.273752 0.497379
2.27475 0.497614
2.275748 0.49779
2.276747 0.497907
2.277748 0.498083
2.278749 0.498083
2.279751 0.4982
2.280754 0.498435
2.281758 0.498611
2.282763 0.498611
2.283768 0.498787
2.284775 0.498787
2.285782 0.498787
2.286791 0.498962
2.2878 0.498904
2.28881 0.498845
2.289821 0.498904
2.290832 0.498962
2.291845 0.498603
2.292859 0.498543
2.293873 0.498723
2.294889 0.498782
2.295905 0.498663
2.296922 0.498543
2.29794 0.498003
2.29896 0.497763
2.299979 0.498003
2.301001 0.497703
2.302022 0.497403
2.303045 0.497043
2.304068 0.496623
2.305093 0.496323
2.306118 0.495904
2.307145 0.495904
2.308172 0.495724
2.309201 0.495184
2.31023 0.494524
2.31126 0.493804
2.31229 0.493025
2.313322 0.492605
2.314355 0.491945
2.315388 0.490925
2.316423 0.490865
2.317458 0.490865
2.318495 0.490326
2.319532 0.489486
2.32057 0.488886
2.321609 0.487926
2.32265 0.487267
2.323691 0.487027
2.324733 0.487027
2.325776 0.486547
2.32682 0.486067
2.327865 0.485947
2.32891 0.485887
2.329957 0.485707
2.331005 0.485587
2.332053 0.485347
2.333103 0.485587
2.334153 0.485887
2.335205 0.486367
2.336257 0.486607
2.33731 0.486487
2.338365 0.486547
2.33942 0.486787
2.340476 0.487387
2.341533 0.487746
2.342591 0.488226
2.34365 0.488646
2.34471 0.489006
2.345771 0.489606
2.346833 0.490445
2.347896 0.490985
2.34896 0.491405
2.350024 0.491825
2.35109 0.492185
2.352157 0.492485
2.353225 0.493085
2.354293 0.493744
2.355363 0.494284
2.356434 0.494704
2.357505 0.495184
2.358577 0.495724
2.359651 0.496143
2.360726 0.496563
2.361801 0.496983
2.362878 0.497343
2.363955 0.497343
2.365033 0.497823
2.366114 0.498363
2.367194 0.498423
2.368275 0.498303
2.369358 0.498723
2.370441 0.498902
2.371525 0.498723
2.372611 0.498303
2.373697 0.498183
2.374785 0.498123
2.375873 0.498183
2.376962 0.497943
2.378052 0.497703
2.379144 0.497283
2.380236 0.496863
2.38133 0.496443
2.382424 0.496263
2.383519 0.496083
2.384615 0.496263
2.385713 0.496024
2.386811 0.495424
2.387911 0.495244
2.389011 0.494944
2.390113 0.495064
2.391215 0.495064
2.392318 0.495244
2.393423 0.495724
2.394528 0.495664
2.395635 0.495544
2.396743 0.495904
2.397851 0.496443
2.398961 0.497163
2.400071 0.497403
2.401183 0.497883
2.402296 0.498363
2.40341 0.498842
2.404524 0.499442
2.40564 0.500162
2.406757 0.500642
2.407875 0.501002
2.408994 0.501542
2.410113 0.502441
2.411234 0.503221
2.412356 0.503581
2.413479 0.504301
2.414603 0.50508
2.415729 0.50562
2.416855 0.50598
2.417982 0.5067
2.419111 0.50724
2.42024 0.507479
2.421371 0.508079
2.422502 0.508979
2.423635 0.509279
2.424768 0.509579
2.425903 0.510238
2.427038 0.510718
2.428176 0.511078
2.429314 0.511318
2.430453 0.511678
2.431592 0.511798
2.432734 0.512338
2.433876 0.512818
2.435019 0.513297
2.436163 0.513957
2.437308 0.514497
2.438454 0.514377
2.439602 0.514377
2.44075 0.514857
2.4419 0.515217
2.443051 0.515577
2.444203 0.515996
2.445355 0.515876
2.44651 0.516176
2.447665 0.516716
2.448821 0.516896
2.449978 0.517076
2.451137 0.517496
2.452296 0.517676
2.453457 0.517856
2.454618 0.518156
2.455781 0.518515
2.456945 0.518875
2.45811 0.519235
2.459276 0.519715
2.460443 0.520195
2.461612 0.520555
2.462781 0.520915
2.463952 0.520975
2.465123 0.521155
2.466296 0.521514
2.46747 0.521814
2.468645 0.522474
2.469821 0.522774
2.470998 0.522594
2.472176 0.522954
2.473356 0.523314
2.474536 0.523794
2.475718 0.523674
2.476901 0.523854
2.478085 0.524034
2.47927 0.524333
2.480456 0.524573
2.481644 0.524813
2.482832 0.524873
2.484022 0.524813
2.485213 0.525113
2.486404 0.525353
2.487597 0.525713
2.488792 0.525833
2.489987 0.526193
2.491184 0.526253
2.492381 0.526433
2.493581 0.526613
2.494781 0.526913
2.495982 0.527332
2.497184 0.527392
2.498387 0.527752
2.499592 0.527692
2.500798 0.527752
2.502005 0.527932
2.503213 0.528412
2.504422 0.528592
2.505633 0.528592
2.506844 0.528352
2.508057 0.528712
2.509271 0.528952
2.510486 0.529012
2.511703 0.529252
2.51292 0.529552
2.514138 0.529791
2.515358 0.530031
2.516579 0.530271
2.517802 0.530571
2.519025 0.530991
2.52025 0.531231
2.521476 0.531291
2.522703 0.531231
2.523931 0.531651
2.52516 0.532011
2.526391 0.532371
2.527622 0.532431
2.528856 0.532371
2.53009 0.532551
2.531325 0.532551
2.532562 0.53279
2.5338 0.53309
2.535039 0.53309
2.536279 0.53327
2.53752 0.53381
2.538763 0.53411
2.540007 0.53429
2.541252 0.53423
2.542498 0.53423
2.543746 0.53477
2.544994 0.535309
2.546244 0.53537
2.547495 0.535309
2.548748 0.535969
2.550002 0.536029
2.551256 0.535729
2.552513 0.535609
2.553771 0.536449
2.555029 0.537409
2.556289 0.537469
2.55755 0.537409
2.558813 0.537049
2.560076 0.535429
2.561341 0.53399
2.562607 0.53417
2.563875 0.53489
2.565143 0.536629
2.566413 0.537889
2.567684 0.537409
2.568957 0.536029
2.57023 0.536929
2.571505 0.537469
2.572781 0.535669
2.574058 0.536629
2.575337 0.537469
2.576617 0.537229
2.577898 0.538548
2.579181 0.539028
2.580465 0.538009
2.58175 0.537709
2.583036 0.535609
2.584324 0.536449
2.585613 0.538248
2.586903 0.537529
2.588195 0.538128
2.589488 0.539268
2.590782 0.540288
2.592077 0.538848
2.593373 0.53267
2.594671 0.528892
2.595971 0.53429
2.597271 0.539388
2.598573 0.540708
2.599876 0.540168
2.601181 0.539448
2.602487 0.538428
2.603794 0.536269
2.605102 0.53405
2.606412 0.535849
2.607723 0.537229
2.609035 0.537109
2.610349 0.537469
2.611664 0.537829
2.612981 0.537229
2.614299 0.536809
2.615618 0.53357
2.616938 0.532371
2.61826 0.53363
2.619583 0.531591
2.620907 0.532551
2.622233 0.535669
2.62356 0.536209
2.624888 0.53459
2.626217 0.532371
2.627548 0.53369
2.628881 0.532251
2.630215 0.529911
2.63155 0.53297
2.632886 0.53435
2.634224 0.53477
2.635564 0.535909
2.636904 0.536269
2.638246 0.536329
2.63959 0.536269
2.640934 0.536329
2.64228 0.536389
2.643628 0.536509
2.644976 0.535669
2.646327 0.536269
2.647678 0.537289
2.649031 0.537769
2.650386 0.537229
2.651741 0.535849
2.653098 0.536089
2.654457 0.536749
2.655817 0.537109
2.657177 0.537769
2.65854 0.536809
2.659904 0.536509
2.66127 0.537109
2.662637 0.536749
2.664005 0.53261
2.665375 0.529492
2.666745 0.529732
2.668118 0.531531
2.669492 0.526793
2.670867 0.526373
2.672244 0.530451
2.673622 0.529132
2.675002 0.524094
2.676383 0.518695
2.677765 0.515097
2.67915 0.510118
2.680535 0.50436
2.681922 0.492965
2.68331 0.47689
2.6847 0.458657
2.68609 0.439044
2.687483 0.419971
2.688877 0.402157
2.690272 0.385663
2.691669 0.370068
2.693067 0.354954
2.694467 0.343438
2.695868 0.334801
2.69727 0.327064
2.698674 0.318967
2.70008 0.310569
2.701487 0.303312
2.702896 0.297254
2.704306 0.291016
2.705717 0.285139
2.70713 0.279381
2.708544 0.273443
2.70996 0.268045
2.711378 0.265645
2.712797 0.265705
2.714217 0.266005
2.715639 0.267505
2.717062 0.270204
2.718487 0.273623
2.719913 0.276622
2.721341 0.282859
2.72277 0.287418
2.7242 0.289337
2.725633 0.292396
2.727067 0.294375
2.728502 0.294915
2.729939 0.295575
2.731377 0.297254
2.732817 0.299653
2.734258 0.302772
2.735701 0.30799
2.737146 0.312789
2.738592 0.315788
2.740039 0.319926
2.741488 0.325924
2.742939 0.331922
2.744391 0.33642
2.745844 0.340259
2.747299 0.344218
2.748756 0.348176
2.750214 0.351595
2.751674 0.355074
2.753135 0.357893
2.754598 0.358672
2.756062 0.362391
2.757528 0.366889
2.758996 0.368989
2.760465 0.368929
2.761936 0.367669
2.763408 0.367549
2.764882 0.367789
2.766357 0.36665
2.767834 0.36539
2.769313 0.36407
2.770793 0.362571
2.772275 0.361971
2.773758 0.361191
2.775243 0.359572
2.77673 0.357533
2.778218 0.355853
2.779707 0.353874
2.781199 0.351775
2.782691 0.350215
2.784185 0.348236
2.785681 0.345237
2.787179 0.342838
2.788678 0.341458
2.790179 0.339719
2.791682 0.3375
2.793186 0.334981
2.794692 0.332282
2.7962 0.329403
2.797709 0.326344
2.799219 0.323165
2.800731 0.319386
2.802245 0.315248
2.803761 0.311829
2.805278 0.30901
2.806797 0.305891
2.808318 0.302412
2.80984 0.299174
2.811363 0.296115
2.812889 0.292876
2.814416 0.289757
2.815945 0.287418
2.817475 0.285079
2.819007 0.282799
2.82054 0.28172
2.822076 0.2813
2.823613 0.28112
2.825152 0.28124
2.826692 0.28196
2.828234 0.283099
2.829778 0.284599
2.831324 0.285978
2.832871 0.287778
2.83442 0.289997
2.835971 0.292276
2.837523 0.294555
2.839077 0.297014
2.840632 0.299773
2.84219 0.302532
2.843749 0.305051
2.84531 0.307571
2.846872 0.31021
2.848437 0.312609
2.850003 0.315368
2.85157 0.318007
2.85314 0.319986
2.854711 0.322445
2.856283 0.325024
2.857857 0.327124
2.859434 0.329163
2.861012 0.331022
2.862592 0.333001
2.864173 0.334621
2.865757 0.33618
2.867342 0.3378
2.868929 0.339299
2.870517 0.340439
2.872108 0.341698
2.873699 0.343078
2.875293 0.344158
2.876889 0.345117
2.878486 0.345897
2.880085 0.346737
2.881686 0.347336
2.883289 0.347816
2.884893 0.348656
2.886499 0.349496
2.888107 0.350035
2.889717 0.350515
2.891329 0.351055
2.892942 0.351535
2.894558 0.351775
2.896175 0.352135
2.897794 0.352735
2.899415 0.352914
2.901037 0.353094
2.902662 0.353454
2.904288 0.353814
2.905916 0.354054
2.907546 0.354294
2.909178 0.354654
2.910811 0.354834
2.912446 0.355134
2.914083 0.355434
2.915722 0.355553
2.917363 0.355733
2.919006 0.356033
2.92065 0.356393
2.922296 0.356513
2.923944 0.356693
2.925594 0.356993
2.927246 0.357173
2.9289 0.357413
2.930556 0.357653
2.932213 0.357773
2.933873 0.358073
2.935534 0.358372
2.937198 0.358672
2.938863 0.358912
2.94053 0.359272
2.942199 0.359392
2.943869 0.359692
2.945542 0.359932
2.947217 0.360232
2.948893 0.360412
2.950572 0.360772
2.952252 0.361191
2.953934 0.361431
2.955618 0.361611
2.957304 0.361911
2.958992 0.362271
2.960681 0.362691
2.962373 0.362991
2.964067 0.363471
2.965763 0.363771
2.96746 0.36419
2.96916 0.36455
2.970861 0.36491
2.972565 0.36521
2.974271 0.36557
2.975978 0.36611
2.977687 0.36647
2.979398 0.366829
2.981112 0.367369
2.982827 0.367909
2.984544 0.368329
2.986264 0.368929
2.987985 0.369349
2.989709 0.369708
2.991434 0.370188
2.993161 0.370548
2.99489 0.370968
2.996621 0.371568
2.998354 0.372108
3.000089 0.372767
3.001826 0.373247
3.003565 0.373727
3.005306 0.374327
3.00705 0.374747
3.008795 0.375286
3.010542 0.375946
3.012291 0.376486
3.014043 0.376906
3.015796 0.377326
3.017552 0.377686
3.019309 0.378225
3.021069 0.378705
3.02283 0.379125
3.024594 0.379905
3.02636 0.380625
3.028127 0.381104
3.029897 0.381524
3.031669 0.381884
3.033443 0.382424
3.035219 0.382784
3.036998 0.383324
3.038778 0.384043
3.04056 0.384583
3.042344 0.384883
3.04413 0.385363
3.045919 0.385963
3.047709 0.386383
3.049502 0.386802
3.051297 0.387162
3.053094 0.387462
3.054893 0.388002
3.056694 0.388662
3.058498 0.389022
3.060303 0.389321
3.062111 0.389801
3.063921 0.390221
3.065733 0.390701
3.067547 0.391001
3.069363 0.391541
3.071181 0.391901
3.073001 0.39238
3.074824 0.39286
3.076649 0.39328
3.078476 0.39382
3.080305 0.39418
3.082136 0.39442
3.08397 0.39484
3.085805 0.395259
3.087644 0.395799
3.089484 0.396219
3.091326 0.396579
3.093171 0.396879
3.095017 0.397179
3.096866 0.397778
3.098717 0.398318
3.10057 0.398678
3.102426 0.399158
3.104284 0.399818
3.106144 0.400238
3.108006 0.400777
3.109871 0.401317
3.111737 0.401797
3.113606 0.402337
3.115477 0.402877
3.11735 0.403416
3.119226 0.403896
3.121104 0.404436
3.122984 0.405096
3.124866 0.405696
3.126751 0.406415
3.128638 0.407195
3.130527 0.407795
3.132419 0.408395
3.134313 0.409054
3.136209 0.409774
3.138108 0.410614
3.140008 0.411334
3.141912 0.411933
3.143817 0.412593
3.145725 0.413193
3.147635 0.413853
3.149547 0.414513
3.151462 0.415232
3.153378 0.415952
3.155298 0.416672
3.157219 0.417511
3.159143 0.418111
3.16107 0.418531
3.162998 0.419071
3.164929 0.419671
3.166862 0.42033
3.168798 0.42093
3.170736 0.42165
3.172677 0.42237
3.174619 0.423029
3.176565 0.423689
3.178513 0.424169
3.180463 0.424709
3.182415 0.425309
3.18437 0.425609
3.186327 0.426028
3.188287 0.426568
3.190248 0.427108
3.192213 0.427468
3.19418 0.427828
3.196149 0.428248
3.198121 0.428727
3.200095 0.429327
3.202072 0.429807
3.204051 0.430287
3.206032 0.430767
3.208016 0.431067
3.210002 0.431546
3.211991 0.432206
3.213982 0.432806
3.215976 0.433166
3.217972 0.433586
3.219971 0.434126
3.221972 0.434725
3.223976 0.435265
3.225982 0.435865
3.227991 0.436285
3.230002 0.436765
3.232016 0.437304
3.234032 0.437964
3.236051 0.438564
3.238072 0.439344
3.240096 0.440003
3.242123 0.440543
3.244152 0.441143
3.246183 0.441683
3.248217 0.442343
3.250253 0.443002
3.252293 0.443602
3.254334 0.444442
3.256378 0.445282
3.258425 0.446241
3.260474 0.446961
3.262526 0.447681
3.26458 0.4484
3.266638 0.44912
3.268697 0.44996
3.27076 0.45074
3.272825 0.451459
3.274892 0.452239
3.276962 0.453079
3.279035 0.453799
3.28111 0.454458
3.283188 0.455298
3.285269 0.456078
3.287352 0.456797
3.289438 0.457697
3.291526 0.458477
3.293617 0.459137
3.295711 0.459916
3.297807 0.460636
3.299906 0.461476
3.302008 0.462196
3.304113 0.462795
3.30622 0.463515
3.30833 0.464115
3.310443 0.464655
3.312558 0.465254
3.314676 0.465794
3.316797 0.466274
3.31892 0.466934
3.321046 0.467474
3.323175 0.467894
3.325307 0.468433
3.327442 0.469033
3.329579 0.469693
3.331719 0.470413
3.333861 0.471012
3.336007 0.471492
3.338155 0.472092
3.340306 0.472632
3.342458 0.473232
3.344615 0.473651
3.346774 0.474131
3.348936 0.474611
3.351101 0.475091
3.353268 0.475571
3.355439 0.476111
3.357612 0.47653
3.359789 0.47695
3.361968 0.47731
3.364149 0.47767
3.366334 0.47803
3.368521 0.47845
3.370711 0.47899
3.372904 0.479409
3.3751 0.479829
3.3773 0.480309
3.379501 0.480669
3.381706 0.481269
3.383913 0.481869
3.386123 0.482108
3.388336 0.482528
3.390553 0.482948
3.392771 0.483428
3.394992 0.483848
3.397217 0.484028
3.399445 0.483968
3.401675 0.483968
3.403909 0.484028
3.406146 0.484148
3.408385 0.483968
3.410627 0.483968
3.412873 0.484088
3.415121 0.484568
3.417372 0.485167
3.419626 0.486007
3.421884 0.487027
3.424144 0.488046
3.426407 0.489186
3.428673 0.490386
3.430943 0.491585
3.433215 0.492605
3.43549 0.493564
3.437768 0.494284
3.440049 0.495004
3.442333 0.495844
3.444621 0.496443
3.446911 0.497223
3.449204 0.497943
3.4515 0.498603
3.4538 0.499142
3.456102 0.499682
3.458408 0.500222
3.460716 0.500762
3.463028 0.501422
3.465343 0.501901
3.467662 0.502441
3.469983 0.502621
3.472307 0.502801
3.474634 0.503101
3.476965 0.503401
3.479298 0.503821
3.481635 0.504241
3.483975 0.5046
3.486317 0.50484
3.488663 0.50508
3.491012 0.5052
3.493365 0.5055
3.49572 0.50556
3.498079 0.50562
3.500441 0.50586
3.502806 0.50628
3.505175 0.507
3.507547 0.507899
3.509921 0.509039
3.512299 0.510059
3.514681 0.511078
3.517065 0.512338
3.519453 0.513417
3.521844 0.514017
3.524238 0.514797
3.526636 0.515816
3.529036 0.516596
3.53144 0.517196
3.533848 0.518096
3.536258 0.518875
3.538672 0.519475
3.541089 0.520015
3.543509 0.520615
3.545932 0.521215
3.548359 0.521754
3.55079 0.522234
3.553223 0.522654
3.55566 0.523074
3.558101 0.523614
3.560545 0.524034
3.562992 0.524453
3.565443 0.524753
3.567896 0.525173
3.570354 0.525473
3.572814 0.525593
3.575278 0.525833
3.577746 0.526193
3.580216 0.526553
3.582691 0.527152
3.585169 0.527632
3.58765 0.528052
3.590135 0.528592
3.592623 0.529192
3.595114 0.529791
3.597609 0.530451
3.600107 0.530811
3.602608 0.531231
3.605114 0.531651
3.607622 0.531951
3.610135 0.532371
3.61265 0.53273
3.61517 0.53321
3.617692 0.53351
3.620219 0.53381
3.622749 0.53405
3.625283 0.53435
3.627819 0.53471
3.63036 0.53513
3.632904 0.535549
3.635452 0.535789
3.638003 0.536089
3.640558 0.536329
3.643116 0.536629
3.645679 0.536929
3.648244 0.537229
3.650813 0.537409
3.653386 0.537769
3.655962 0.537949
3.658543 0.538308
3.661126 0.538608
3.663713 0.539028
3.666304 0.539328
3.668898 0.539508
3.671497 0.539688
3.674099 0.539928
3.676705 0.540288
3.679314 0.540768
3.681927 0.540947
3.684544 0.541307
3.687165 0.541667
3.689789 0.541967
3.692417 0.542207
3.695049 0.542507
3.697685 0.542687
3.700324 0.542927
3.702967 0.543227
3.705615 0.543407
3.708265 0.543707
3.71092 0.543946
3.713578 0.544246
3.71624 0.544786
3.718906 0.545086
3.721576 0.545386
3.724249 0.545686
3.726926 0.545926
3.729607 0.546106
3.732292 0.546346
3.734981 0.546645
3.737674 0.546945
3.740371 0.547065
3.743071 0.547365
3.745776 0.547545
3.748485 0.547785
3.751197 0.548145
3.753913 0.548205
3.756634 0.548325
3.759358 0.548625
3.762086 0.548865
3.764818 0.548985
3.767554 0.549105
3.770293 0.549285
3.773037 0.549405
3.775785 0.549464
3.778537 0.549524
3.781293 0.549644
3.784053 0.549704
3.786817 0.549824
3.789586 0.549764
3.792358 0.549884
3.795134 0.550064
3.797915 0.550004
3.800699 0.549824
3.803488 0.549824
3.80628 0.549944
3.809077 0.549824
3.811877 0.549704
3.814683 0.549764
3.817492 0.549884
3.820305 0.549824
3.823123 0.549764
3.825944 0.549884
3.82877 0.550004
3.8316 0.550004
3.834434 0.550184
3.837271 0.550244
3.840113 0.550364
3.84296 0.550544
3.845811 0.550724
3.848666 0.550784
3.851525 0.550904
3.854389 0.551144
3.857257 0.551384
3.86013 0.551384
3.863006 0.551384
3.865887 0.551504
3.868772 0.551444
3.871661 0.551444
3.874554 0.551504
3.877452 0.551444
3.880355 0.551384
3.883262 0.551204
3.886173 0.551084
3.889088 0.551024
3.892008 0.551024
3.894932 0.550964
3.897861 0.550904
3.900793 0.550844
3.903731 0.550844
3.906672 0.550904
3.909618 0.550784
3.912569 0.550784
3.915524 0.550604
3.918483 0.550544
3.921447 0.550424
3.924416 0.550304
3.927389 0.550124
3.930367 0.549824
3.933349 0.549584
3.936336 0.549345
3.939327 0.549105
3.942322 0.548865
3.945323 0.548625
3.948327 0.548325
3.951337 0.548025
3.954351 0.547905
3.95737 0.547665
3.960393 0.547485
3.963421 0.547365
3.966453 0.547185
3.96949 0.547065
3.972532 0.546885
3.975579 0.546705
3.978629 0.546705
3.981685 0.546705
3.984745 0.546705
3.98781 0.546705
3.99088 0.546885
3.993955 0.546945
3.997034 0.547185
4.000118 0.547485
4.003208 0.547725
4.006302 0.548085
4.0094 0.548505
4.012504 0.548805
4.015612 0.549045
4.018724 0.549285
4.021842 0.549464
4.024965 0.549704
4.028091 0.549944
4.031223 0.550124
4.03436 0.550184
4.037502 0.550124
4.040649 0.550064
4.043801 0.550244
4.046958 0.550304
4.050119 0.550304
4.053287 0.550304
4.056458 0.550304
4.059635 0.550304
4.062816 0.550244
4.066003 0.550124
4.069194 0.550004
4.072391 0.550004
4.075593 0.550064
4.078799 0.549944
4.082011 0.549704
4.085227 0.549644
4.088449 0.549644
4.091676 0.549584
4.094908 0.549464
4.098145 0.549345
4.101388 0.549285
4.104634 0.549105
4.107887 0.549045
4.111144 0.548985
4.114407 0.548865
4.117675 0.548685
4.120948 0.548685
4.124227 0.548505
4.12751 0.548265
4.130799 0.548085
4.134094 0.548085
4.137393 0.548085
4.140697 0.547965
4.144008 0.547785
4.147323 0.547605
4.150643 0.547485
4.153969 0.547365
4.157301 0.547365
4.160638 0.547125
4.16398 0.546945
4.167327 0.546885
4.17068 0.546705
4.174038 0.546586
4.177401 0.546526
4.18077 0.546466
4.184143 0.546406
4.187523 0.546046
4.190908 0.545806
4.194299 0.545386
4.197695 0.544786
4.201097 0.543826
4.204504 0.542447
4.207917 0.540528
4.211336 0.538368
4.214759 0.536089
4.218189 0.53369
4.221624 0.531531
4.225064 0.529552
4.22851 0.528172
4.231962 0.527392
4.23542 0.527092
4.238883 0.527392
4.242352 0.528652
4.245827 0.530751
4.249307 0.53357
4.252793 0.536929
4.256284 0.538608
4.259782 0.536809
4.263285 0.53375
4.266792 0.531591
4.270307 0.530451
4.273828 0.529851
4.277354 0.529552
4.280886 0.529552
4.284424 0.529732
4.287968 0.529911
4.291517 0.530391
4.295074 0.531051
4.298635 0.531831
4.302202 0.532551
4.305776 0.53345
4.309355 0.53429
4.31294 0.53507
4.316531 0.535789
4.320128 0.536509
4.323732 0.537109
4.327342 0.537589
4.330956 0.537889
4.334578 0.538188
4.338205 0.538368
4.341838 0.538428
4.345478 0.538428
4.349123 0.538428
4.352774 0.538368
4.356431 0.538248
4.360096 0.538248
4.363765 0.538188
4.367442 0.538069
4.371124 0.537949
4.374813 0.537949
4.378508 0.537769
4.38221 0.537589
4.385918 0.537409
4.389631 0.537169
4.393351 0.537049
4.397078 0.536809
4.40081 0.536569
4.404549 0.536389
4.408295 0.536149
4.412045 0.535909
4.415803 0.535669
4.419568 0.535429
4.423338 0.53519
4.427116 0.53489
4.4309 0.53477
4.43469 0.53465
4.438487 0.53441
4.442291 0.53417
4.446101 0.53387
4.449917 0.53357
4.45374 0.53327
4.45757 0.53309
4.461406 0.53285
4.465249 0.532491
4.469098 0.532071
4.472954 0.531711
4.476817 0.531351
4.480686 0.531051
4.484562 0.530691
4.488445 0.530451
4.492334 0.530031
4.496231 0.529552
4.500134 0.529132
4.504043 0.528712
4.507959 0.528172
4.511883 0.527632
4.515813 0.527032
4.51975 0.526433
4.523694 0.525713
4.527645 0.524993
4.531602 0.524213
4.535568 0.523494
4.539539 0.522654
4.543518 0.521754
4.547503 0.520735
4.551496 0.519655
4.555496 0.518575
4.559502 0.517496
4.563516 0.516416
4.567537 0.515337
4.571565 0.514077
4.5756 0.512878
4.579642 0.511678
4.583691 0.510298
4.587747 0.508919
4.591811 0.507599
4.595881 0.50628
4.599958 0.5049
4.604044 0.503461
4.608136 0.501961
4.612236 0.500522
4.616343 0.499142
4.620458 0.497763
4.624579 0.496383
4.628708 0.494944
4.632845 0.493444
4.636989 0.492005
4.64114 0.490565
4.645299 0.489126
4.649466 0.487746
4.653639 0.486427
4.65782 0.485167
4.662009 0.483908
4.666206 0.482708
4.67041 0.481569
4.674621 0.480369
4.67884 0.479229
4.683066 0.47809
4.687301 0.47713
4.691543 0.476171
4.695792 0.475151
4.700048 0.473891
4.704313 0.472692
4.708586 0.471552
4.712867 0.470413
4.717155 0.469093
4.721451 0.467714
4.725755 0.466394
4.730067 0.465015
4.734388 0.463575
4.738715 0.461956
4.743051 0.460336
4.747394 0.458717
4.751746 0.457097
4.756105 0.455658
4.760472 0.454158
4.764848 0.452719
4.769232 0.451339
4.773623 0.45002
4.778023 0.44864
4.782431 0.447321
4.786847 0.446061
4.791271 0.445042
4.795703 0.443962
4.800144 0.442882
4.804591 0.441863
4.809048 0.440843
4.813513 0.439883
4.817986 0.438924
4.822468 0.437844
4.826958 0.436765
4.831457 0.435805
4.835964 0.434845
4.84048 0.433706
4.845004 0.432626
4.849536 0.431726
4.854077 0.430767
4.858626 0.429687
4.863184 0.428907
4.867751 0.428128
4.872326 0.427228
4.876908 0.426508
4.8815 0.425848
4.886101 0.425309
4.89071 0.424889
4.895329 0.424529
4.899956 0.424349
4.904591 0.424289
4.909236 0.424349
4.91389 0.424349
4.918552 0.424529
4.923223 0.424649
4.927903 0.424769
4.932591 0.425009
4.937289 0.425129
4.941996 0.425009
4.946712 0.424889
4.951437 0.424649
4.956171 0.424289
4.960914 0.424109
4.965665 0.423689
4.970426 0.423089
4.975196 0.42255
4.979976 0.42183
4.984764 0.42099
4.989561 0.42033
4.994367 0.419671
4.999184 0.418831
5.004009 0.418171
5.008844 0.417631
5.013688 0.417032
5.018541 0.416372
5.023404 0.416252
5.028277 0.416012
5.033159 0.416072
5.038051 0.416252
5.042951 0.416372
5.047862 0.416552
5.052782 0.416792
5.057711 0.417032
5.06265 0.417212
5.0676 0.417452
5.072558 0.417751
5.077527 0.417931
5.082504 0.418051
5.087492 0.418471
5.09249 0.418831
5.097497 0.419011
5.102514 0.419191
5.10754 0.419311
5.112577 0.419371
5.117624 0.419431
5.122681 0.419431
5.127748 0.419431
5.132825 0.419311
5.137912 0.418951
5.143009 0.418471
5.148117 0.418171
5.153234 0.418351
5.158362 0.418291
5.1635 0.417991
5.168648 0.417571
5.173806 0.417271
5.178975 0.416972
5.184154 0.416732
5.189344 0.416432
5.194544 0.416012
5.199754 0.415532
5.204975 0.415352
5.210206 0.414513
5.215447 0.414093
5.2207 0.414333
5.225963 0.414153
5.231235 0.413553
5.236519 0.412833
5.241814 0.412473
5.247119 0.412053
5.252435 0.411454
5.257762 0.410674
5.2631 0.409774
5.268449 0.408695
5.273809 0.407315
5.27918 0.405936
5.284561 0.404196
5.289953 0.401917
5.295357 0.399998
5.300771 0.398018
5.306197 0.395499
5.311634 0.3928
5.31708 0.389741
5.322538 0.386502
5.328009 0.383264
5.33349 0.380025
5.338983 0.376606
5.344487 0.372467
5.350003 0.368329
5.355529 0.36551
5.361069 0.362811
5.366619 0.359632
5.37218 0.356333
5.377753 0.353334
5.383337 0.350455
5.388933 0.347516
5.394541 0.344697
5.40016 0.342058
5.405792 0.339299
5.411435 0.3366
5.417089 0.333361
5.422756 0.330602
5.428434 0.329763
5.434124 0.328263
5.439826 0.326224
5.44554 0.324485
5.451264 0.322805
5.457003 0.320766
5.462753 0.318427
5.468515 0.317227
5.47429 0.315968
5.480077 0.314528
5.485876 0.313868
5.491687 0.312849
5.497512 0.311769
5.503348 0.31045
5.509196 0.30937
5.515058 0.30817
5.520931 0.307091
5.526816 0.306371
5.532715 0.305951
5.538626 0.305171
5.544551 0.304092
5.550487 0.302892
5.556436 0.302292
5.562398 0.301993
5.568373 0.301273
5.57436 0.299353
5.58036 0.298334
5.586374 0.298694
5.592398 0.298394
5.598437 0.297194
5.604489 0.296175
5.610555 0.295095
5.616633 0.293955
5.622725 0.293056
5.62883 0.291796
5.634949 0.289517
5.641082 0.287058
5.647227 0.286878
5.653385 0.286338
5.659557 0.285798
5.665742 0.285199
5.671941 0.283519
5.678154 0.282739
5.68438 0.282499
5.69062 0.28148
5.696874 0.28124
5.703141 0.28028
5.709422 0.278541
5.715717 0.278301
5.722026 0.278481
5.728348 0.278421
5.734685 0.278061
5.741033 0.277341
5.747398 0.276262
5.753777 0.276262
5.76017 0.273982
5.766577 0.271763
5.772999 0.273443
5.779435 0.274162
5.785885 0.274042
5.792351 0.273683
5.798831 0.272843
5.805324 0.272183
5.811832 0.270624
5.818355 0.267625
5.824893 0.266905
5.831445 0.268165
5.838012 0.268644
5.844594 0.268464
5.851191 0.267625
5.857803 0.266425
5.864429 0.265346
5.871071 0.264386
5.877727 0.260787
5.884399 0.260487
5.891086 0.260607
5.897785 0.259648
5.904502 0.261447
5.911235 0.261387
5.917983 0.260547
5.924747 0.259168
5.931525 0.255749
5.93832 0.25431
5.94513 0.256409
5.951957 0.256589
5.958798 0.255569
5.965655 0.25299
5.972528 0.25209
5.979417 0.251371
5.986322 0.249211
5.993242 0.248132
6.000179 0.248012
6.00713 0.246152
6.014098 0.243933
6.021083 0.242854
6.028085 0.241594
6.035102 0.239375
6.042136 0.234517
6.049186 0.230558
6.056253 0.232897
6.063337 0.233197
6.070437 0.230858
6.077554 0.230738
6.084687 0.231877
6.091837 0.231758
6.099004 0.231158
6.106188 0.229538
6.113389 0.228459
6.120608 0.230438
6.127842 0.232057
6.135094 0.232237
6.142364 0.232537
6.14965 0.233017
6.156953 0.233077
6.164274 0.234217
6.171613 0.235656
6.178967 0.234876
6.18634 0.235056
6.193731 0.237875
6.201139 0.239495
6.208566 0.240334
6.216011 0.241234
6.223473 0.242374
6.230953 0.243393
6.238452 0.244593
6.245968 0.245972
6.253502 0.247292
6.261055 0.248372
6.268626 0.249571
6.276215 0.250771
6.283823 0.25209
6.291449 0.25329
6.299095 0.254549
6.306758 0.255629
6.31444 0.256829
6.32214 0.258028
6.32986 0.259108
6.337598 0.258568
6.345355 0.259048
6.353131 0.262707
6.360924 0.264326
6.368739 0.264566
6.376572 0.266665
6.384425 0.268584
6.392297 0.269724
6.400189 0.269844
6.4081 0.266725
6.416031 0.266665
6.423983 0.271164
6.431953 0.273443
6.439943 0.275302
6.447953 0.276622
6.455982 0.277401
6.464032 0.277641
6.472102 0.276921
6.480192 0.275902
6.488305 0.273982
6.496436 0.274522
6.504587 0.278121
6.512758 0.278721
6.52095 0.277701
6.529163 0.278601
6.537397 0.278601
6.545651 0.277581
6.553923 0.276322
6.562219 0.274942
6.570536 0.272483
6.578875 0.272723
6.587234 0.272903
6.595614 0.272363
6.604017 0.272003
6.61244 0.270864
6.620886 0.269304
6.629353 0.265705
6.637841 0.263126
6.646351 0.265046
6.654883 0.266065
6.663437 0.264566
6.672013 0.262407
6.680611 0.260667
6.689233 0.260607
6.697875 0.260247
6.70654 0.258268
6.715228 0.257129
6.723937 0.256889
6.73267 0.256709
6.741425 0.256049
6.750203 0.255029
6.759001 0.25407
6.767824 0.25251
6.776671 0.250651
6.785541 0.248432
6.794435 0.247772
6.803351 0.248492
6.812291 0.247712
6.821255 0.245673
6.830244 0.244533
6.839254 0.244293
6.848289 0.242434
6.857347 0.238955
6.86643 0.237755
6.875537 0.239195
6.884668 0.238955
6.893823 0.237935
6.902999 0.236556
6.912203 0.235836
6.921432 0.235176
6.930685 0.234337
6.939963 0.233257
6.949265 0.231458
6.958593 0.229298
6.967947 0.229298
6.977327 0.229118
6.98673 0.228039
6.996159 0.227199
7.005613 0.226839
7.015093 0.22576
7.024599 0.22468
7.03413 0.223301
7.043687 0.221321
7.053272 0.221141
7.062882 0.221381
7.072517 0.220721
7.082179 0.219762
7.091867 0.218742
7.101583 0.217483
7.111324 0.215803
7.121092 0.214484
7.130883 0.213344
7.140706 0.211485
7.150555 0.209685
7.160431 0.208246
7.170335 0.206566
7.180266 0.205667
7.190225 0.204407
7.200211 0.202548
7.210228 0.201048
7.22027 0.199969
7.23034 0.198649
7.240438 0.19727
7.250565 0.19577
7.26072 0.194211
7.270903 0.192472
7.281115 0.191092
7.291358 0.189772
7.301627 0.188273
7.311926 0.186893
7.322253 0.185454
7.33261 0.183595
7.342996 0.182275
7.353412 0.181016
7.363857 0.179696
7.374328 0.178197
7.384833 0.176757
7.395367 0.175378
7.405932 0.173998
7.416527 0.172499
7.427153 0.171239
7.437809 0.16992
7.448495 0.16854
7.459215 0.167101
7.469963 0.165841
7.480742 0.164641
7.491552 0.163562
7.502394 0.162242
7.513267 0.160863
7.524172 0.159423
7.535108 0.158164
7.546078 0.156664
7.557078 0.155165
7.56811 0.153785
7.579175 0.152406
7.590272 0.150906
7.601401 0.149647
7.612564 0.148207
7.623759 0.146828
7.634982 0.145328
7.646243 0.144009
7.657537 0.142569
7.668865 0.14119
7.680227 0.13981
7.691622 0.138371
7.703051 0.136871
7.714513 0.135432
7.726013 0.133992
7.737544 0.132253
7.74911 0.130454
7.76071 0.128954
7.772346 0.127335
7.784016 0.125655
7.795721 0.123856
7.807461 0.122237
7.819234 0.120617
7.831045 0.118878
7.842893 0.117138
7.854775 0.115459
7.866695 0.11372
7.87865 0.11192
7.890642 0.110181
7.90267 0.108501
7.914737 0.106642
7.926839 0.104723
7.938978 0.102803
7.951155 0.101004
7.963368 0.099025
7.97562 0.096985
7.987909 0.094886
8.000236 0.092607
8.012604 0.090448
8.025007 0.088349
8.03745 0.086189
8.04993 0.08415
8.062449 0.081871
8.075007 0.079652
8.087605 0.077612
8.100242 0.075333
8.112914 0.072934
8.12563 0.070595
8.138387 0.068196
8.151183 0.065917
8.16402 0.063517
8.176896 0.060938
8.189815 0.058419
8.202773 0.05596
8.215774 0.053381
8.228815 0.050862
8.241898 0.048343
8.255021 0.045884
8.268188 0.043425
8.281395 0.040965
8.294645 0.038386
8.307939 0.036107
8.321277 0.033768
8.334655 0.031549
8.348077 0.02933
8.361541 0.02729
8.37505 0.025251
8.388601 0.023332
8.402197 0.021532
8.415837 0.019793
8.429516 0.017994
8.443245 0.016614
8.457019 0.015055
8.470837 0.013795
8.484701 0.012715
8.49861 0.011876
8.512566 0.010976
8.526567 0.010256
8.540616 0.009417
8.554709 0.009117
8.56885 0.009057
8.583036 0.009117
8.59727 0.009357
8.611551 0.009896
8.62588 0.010436
8.640257 0.011516
8.654684 0.012775
8.669156 0.014455
8.683678 0.016314
8.698248 0.018653
8.712867 0.021412
8.727534 0.024591
8.742252 0.02831
8.75702 0.032748
8.771832 0.037847
8.786699 0.043604
8.801618 0.050022
8.816586 0.05722
8.831606 0.065017
8.846677 0.073834
8.861799 0.08319
8.876974 0.093147
8.892203 0.103463
8.907482 0.114319
8.922813 0.125415
8.938197 0.136691
8.953634 0.147907
8.969126 0.158883
8.98467 0.1689
9.000268 0.177957
9.015924 0.186114
9.031631 0.193431
9.047393 0.199969
9.06321 0.206147
9.079082 0.212504
9.095011 0.219162
9.110995 0.22546
9.127035 0.231158
9.143127 0.236196
9.159282 0.240275
9.175492 0.243094
9.191761 0.244713
9.208088 0.245373
9.224472 0.244953
9.240915 0.243573
9.257417 0.241894
9.27398 0.240095
9.290601 0.238355
9.307281 0.236856
9.32402 0.235836
9.34082 0.234876
9.35768 0.234337
9.374602 0.234457
9.391585 0.235236
9.408624 0.236556
9.42573 0.238295
9.442899 0.240155
9.460131 0.242134
9.477425 0.244113
9.494783 0.246092
9.512204 0.247892
9.52969 0.249271
9.547244 0.250531
9.564858 0.25191
9.582539 0.25359
9.600284 0.255629
9.618095 0.258028
9.635973 0.261147
9.653916 0.264926
9.671927 0.268824
9.690009 0.272243
9.708156 0.275302
9.72637 0.277881
9.744653 0.27962
9.763004 0.28004
9.781425 0.279381
9.799915 0.277101
9.818476 0.273023
9.837101 0.267145
9.855803 0.259648
9.874576 0.250651
9.89342 0.240994
9.912336 0.230618
9.931326 0.220602
9.950388 0.211065
9.969523 0.202188
9.988736 0.193791
10.008019 0.185874
10.027377 0.178317
10.04681 0.171179
10.066319 0.164821
10.085902 0.159363
10.105563 0.154385
10.1253 0.150067
10.145119 0.146468
10.165011 0.144129
10.184982 0.142389
10.205031 0.141909
10.22516 0.142209
10.245367 0.142809
10.265656 0.143289
10.286023 0.143529
10.306466 0.143469
10.326997 0.143229
10.34761 0.142149
10.368304 0.14077
10.389083 0.138911
10.409945 0.136991
10.43089 0.135012
10.45192 0.132913
10.473039 0.130634
10.49424 0.128594
10.515526 0.126735
10.536899 0.125056
10.558359 0.123496
10.579906 0.122416
10.601542 0.121577
10.623267 0.120977
10.645084 0.120377
10.666988 0.119837
10.688982 0.119477
10.711066 0.119118
10.733243 0.118818
10.755511 0.118638
10.777872 0.118338
10.800325 0.118038
10.822865 0.117618
10.845508 0.117378
10.868244 0.117078
10.891077 0.117198
10.914005 0.117558
10.937031 0.117858
10.960154 0.118158
10.983374 0.118518
11.006698 0.118998
11.030116 0.119897
11.053635 0.120797
11.077253 0.121877
11.100973 0.123316
11.124795 0.124936
11.14872 0.126495
11.172747 0.128114
11.196871 0.129674
11.221107 0.131413
11.245447 0.133033
11.269894 0.134832
11.294447 0.136631
11.319107 0.138191
11.343875 0.13945
11.368752 0.14077
11.393744 0.142089
11.418839 0.143649
11.444047 0.144968
11.469365 0.146288
11.494797 0.147667
11.52034 0.148567
11.545999 0.149407
11.571771 0.150606
11.597663 0.151446
11.623667 0.152346
11.649787 0.153185
11.676025 0.154205
11.702382 0.154805
11.728858 0.155585
11.755454 0.156184
11.782171 0.156964
11.809002 0.157504
11.835962 0.158404
11.863048 0.159363
11.890256 0.159963
11.91759 0.160143
11.94505 0.160383
11.972636 0.160443
12.000351 0.160263
12.028198 0.159843
12.056171 0.159183
12.084274 0.158044
12.112508 0.156964
12.140875 0.155465
12.169374 0.153365
12.198009 0.150906
12.226777 0.148267
12.255688 0.145088
12.28473 0.14173
12.31391 0.138011
12.343228 0.134412
12.372687 0.130574
12.402287 0.127275
12.432029 0.124216
12.461913 0.121337
12.491931 0.118638
12.522105 0.116059
12.552425 0.11312
12.582892 0.110481
12.613507 0.107782
12.644272 0.105023
12.675187 0.102024
12.706254 0.099085
12.737479 0.096026
12.768852 0.093387
12.80038 0.090508
12.832064 0.087809
12.863906 0.08529
12.895905 0.08295
12.928064 0.080791
12.960384 0.079232
12.992874 0.077552
13.025519 0.076173
13.05833 0.075033
13.091305 0.073654
13.124448 0.072454
13.157759 0.071315
13.191238 0.069695
13.22489 0.068256
13.258701 0.066876
13.292698 0.065257
13.326869 0.063637
13.361217 0.062198
13.395742 0.060279
13.430446 0.058359
13.46533 0.0565
13.500397 0.054521
13.535651 0.052481
13.571085 0.051102
13.606705 0.050022
13.642511 0.049422
13.678508 0.049123
13.714694 0.049242
13.751073 0.049482
13.787644 0.050862
13.82442 0.052121
13.861383 0.053681
13.898545 0.05518
13.935907 0.05686
13.97347 0.058359
14.011236 0.059499
14.049208 0.060279
14.087384 0.060758
14.125755 0.060758
14.16435 0.060458
14.203156 0.059499
14.242176 0.058539
14.281411 0.05704
14.320862 0.05482
14.360532 0.052181
14.400422 0.050082
14.440542 0.047863
14.48088 0.045824
14.521442 0.044204
14.562233 0.043005
14.603253 0.041805
14.644506 0.041205
14.685991 0.040546
14.727713 0.040126
14.76966 0.039466
14.811859 0.039106
14.8543 0.038506
14.896984 0.037667
14.939916 0.036587
14.983094 0.035987
15.026524 0.035927
15.070205 0.035627
15.11415 0.035207
15.158343 0.034788
15.202796 0.034368
15.24751 0.034608
15.292488 0.034908
15.337732 0.035267
15.383245 0.035507
15.429028 0.035807
15.475092 0.036047
15.521424 0.035867
15.568036 0.035447
15.614927 0.035447
15.662103 0.035507
15.709563 0.034848
15.757313 0.033648
15.805353 0.032808
15.853672 0.032089
15.902304 0.031129
15.951234 0.030409
16.000465 0.029929
16.050003 0.02921
16.099848 0.02873
16.150003 0.02789
16.200472 0.02741
16.251265 0.02735
16.30237 0.02711
16.353796 0.026511
16.405548 0.026211
16.45763 0.025911
16.510042 0.026091
16.56279 0.025851
16.615877 0.025971
16.669313 0.025971
16.723085 0.026511
16.777206 0.026571
16.831676 0.02759
16.886503 0.02879
16.941689 0.030649
16.997234 0.032209
17.053146 0.034008
17.109409 0.035627
17.166063 0.038746
17.223093 0.043245
17.280504 0.048403
17.338299 0.053921
17.396481 0.060578
17.455055 0.069035
17.514025 0.080012
17.573404 0.092427
17.633179 0.106402
17.693359 0.121697
17.753954 0.138431
17.814964 0.155705
17.876394 0.174538
17.938251 0.193011
18.000536 0.211605
18.063269 0.229898
18.126427 0.246572
18.190027 0.262107
18.254078 0.278301
18.318579 0.292816
18.383539 0.306611
18.448961 0.319146
18.514851 0.330063
18.58119 0.338999
18.648029 0.346977
18.715351 0.353094
18.783159 0.358672
18.851461 0.363111
18.920263 0.36515
18.989569 0.36431
19.059383 0.363171
19.129725 0.361671
19.200575 0.359932
19.271952 0.356993
19.343863 0.353994
19.416311 0.349916
19.489305 0.345357
19.562849 0.340619
19.636951 0.33594
19.711594 0.331442
19.786827 0.327603
19.862638 0.323825
19.939034 0.320286
20.016018 0.315188
20.093599 0.31033
20.171785 0.306311
20.250582 0.302592
20.330009 0.298514
20.410049 0.294675
20.490723 0.290956
20.572035 0.287958
20.653994 0.283999
20.73661 0.28166
20.819889 0.27992
20.903841 0.278901
20.988487 0.278061
21.073807 0.276442
21.159821 0.273743
21.246542 0.272483
21.333977 0.270744
21.422132 0.267625
21.511023 0.263186
21.600651 0.260367
21.691 0.25371
21.782139 0.246812
21.874046 0.240215
21.966734 0.235836
22.060209 0.229418
22.154484 0.222701
22.249567 0.217663
22.34547 0.212864
22.442221 0.208006
22.539797 0.205127
22.638224 0.201828
22.737514 0.19739
22.837679 0.193131
22.93873 0.190792
23.04068 0.187733
23.143541 0.185334
23.247343 0.179996
23.35206 0.179996
23.457727 0.179369
23.564352 0.177935
23.671953 0.173455
23.78054 0.169513
23.890127 0.167721
24.000731 0.164138
24.112324 0.161719
24.224998 0.158045
24.338732 0.155447
24.453537 0.152849
24.569429 0.15249
24.686426 0.15034
24.804543 0.150698
24.923796 0.151326
25.044222 0.150161
25.165796 0.149623
25.288555 0.14819
25.412519 0.147294
25.537704 0.148548
25.664127 0.145771
25.791811 0.145412
25.920769 0.145054
26.051052 0.141649
26.182623 0.138872
26.315529 0.142456
26.449793 0.14586
26.585432 0.143083
26.722471 0.140395
26.860929 0.137349
27.00083 0.137707
27.142149 0.140126
27.285002 0.141829
27.429367 0.141649
27.575268 0.142008
27.722729 0.144068
27.871777 0.14586
28.022434 0.147652
28.17473 0.151863
28.328716 0.15482
28.484369 0.154641
28.641743 0.153834
28.800863 0.154641
28.961761 0.15697
29.124468 0.156701
29.289013 0.157328
29.455427 0.159479
29.623777 0.161898
29.794029 0.163869
29.966249 0.165661
30.140471 0.166825
30.316732 0.167811
30.495066 0.168259
30.67551 0.168259
30.858103 0.171843
31.04282 0.174441
31.229824 0.176233
31.419096 0.179548
31.610676 0.180802
31.804607 0.181429
32.000931 0.182594
32.199696 0.178562
32.400944 0.1791
32.604759 0.185282
32.811115 0.188239
33.020103 0.188418
33.231773 0.188597
33.446171 0.191912
33.663353 0.191554
33.883377 0.187611
34.106293 0.182415
34.332088 0.184117
34.560966 0.187701
34.792919 0.18797
35.028008 0.186357
35.266293 0.187074
35.507843 0.189851
35.752724 0.188687
36.001007 0.184744
36.252811 0.18358
36.508114 0.184655
36.767036 0.186536
37.029659 0.189224
37.296059 0.19227
37.566319 0.190568
37.840527 0.189672
38.118767 0.192718
38.40118 0.195227
38.687756 0.199348
38.978642 0.204186
39.273933 0.205172
39.573734 0.209383
39.878147 0.209652
40.187283 0.211264
40.501244 0.218522
40.820042 0.226316
41.144012 0.229631
41.473164 0.230438
41.807625 0.232678
42.147522 0.236082
42.492992 0.239845
42.844173 0.243967
43.20121 0.250955
43.564312 0.256241
43.933502 0.260273
44.309002 0.26305
44.690975 0.267709
45.079594 0.276221
45.475029 0.282761
45.87746 0.286972
46.287083 0.291273
46.704159 0.29414
47.128742 0.295215
47.561119 0.30301
48.001499 0.308833
48.450111 0.312775
48.907188 0.321824
49.372971 0.325856
49.847713 0.329978
50.331509 0.328813
50.824955 0.328365
51.328171 0.332845
51.841454 0.337235
52.365105 0.344761
52.899441 0.345388
53.444794 0.347807
54.001511 0.35811
54.570061 0.36483
55.150593 0.370385
55.74361 0.377552
56.349518 0.38687
56.968742 0.368772
57.60173 0.359813
58.24894 0.385526
58.910862 0.384093
59.588123 0.376029
60.28101 0.372983
60.9902 0.368055
61.716274 0.356946
62.459846 0.346105
63.221554 0.325677
64.002068 0.301128
64.802094 0.284015
65.622093 0.259646
66.463402 0.23662
67.326561 0.224614
68.21244 0.195765
69.121933 0.178383
70.056015 0.183221
71.015686 0.191464
72.002014 0.197377
73.016319 0.200065
74.05941 0.195944
75.132736 0.197736
76.237625 0.194152
77.375504 0.190031
78.547859 0.190299
79.756294 0.194421
81.002487 0.198811
82.28849 0.215475
83.61573 0.23429
84.986481 0.251672
86.402931 0.270039
87.867393 0.278192
89.382355 0.275952
90.95047 0.279625
92.574593 0.269859
94.25721 0.260094
96.002708 0.245042
97.814079 0.213146
99.695114 0.179369
101.649918 0.144964
103.682915 0.108678
105.798889 0.096583
108.003029 0.102496
110.301392 0.11056
112.699249 0.112441
115.203682 0.110381
117.821953 0.099988
120.562004 0.167721
123.432541 0.214311
126.443092 0.211264
129.604187 0.223987
132.926254 0.234738
136.424286 0.236082
140.11142 0.255166
144.003372 0.300501
148.117722 0.328902
152.474106 0.373252
157.094498 0.422171
162.003662 0.438656
167.230545 0.422708
172.804886 0.411688
178.763672 0.430861
185.148087 0.490711
192.005402 0.447705
199.390213 0.458815
207.365814 0.638542
216.006042 0.622056
