1.523407 0.540608
1.523855 0.540713
1.524303 0.540922
1.524751 0.541131
1.5252 0.54134
1.525649 0.5427
1.526098 0.543432
1.526547 0.544269
1.526997 0.545106
1.527447 0.546256
1.527897 0.547197
1.528347 0.547406
1.528798 0.546256
1.529249 0.546674
1.5297 0.547616
1.530152 0.547929
1.530604 0.547616
1.531055 0.549707
1.531508 0.549707
1.53196 0.549184
1.532413 0.549498
1.532866 0.550439
1.53332 0.552322
1.533773 0.553054
1.534227 0.552636
1.534682 0.55295
1.535136 0.5541
1.535591 0.553786
1.536046 0.553682
1.536501 0.555146
1.536956 0.555878
1.537412 0.556087
1.537868 0.555773
1.538324 0.557656
1.538781 0.557761
1.539238 0.559016
1.539695 0.561003
1.540153 0.561839
1.54061 0.560898
1.541068 0.560898
1.541527 0.561003
1.541985 0.560584
1.542444 0.560271
1.542903 0.562153
1.543363 0.563827
1.543822 0.564454
1.544282 0.56435
1.544742 0.56414
1.545203 0.564663
1.545663 0.566441
1.546124 0.566755
1.546586 0.567173
1.547047 0.567592
1.547509 0.56801
1.547971 0.568324
1.548433 0.568219
1.548896 0.568115
1.549359 0.569265
1.549822 0.569997
1.550285 0.570206
1.550749 0.571148
1.551213 0.571984
1.551677 0.572612
1.552142 0.573344
1.552607 0.573971
1.553072 0.574494
1.553537 0.574181
1.554003 0.573658
1.554469 0.574599
1.554935 0.575854
1.555402 0.575854
1.555868 0.576691
1.556336 0.577423
1.556803 0.577527
1.557271 0.577109
1.557738 0.5769
1.558207 0.577005
1.558675 0.57805
1.559144 0.578887
1.559613 0.579724
1.560082 0.579933
1.560552 0.580665
1.561022 0.58056
1.561492 0.58077
1.561963 0.580247
1.562433 0.581083
1.562905 0.581188
1.563376 0.580874
1.563848 0.581083
1.564319 0.582338
1.564792 0.582652
1.565264 0.583071
1.565737 0.583803
1.56621 0.584639
1.566683 0.585162
1.567156 0.58579
1.56763 0.585267
1.568105 0.58579
1.568579 0.585685
1.569054 0.585685
1.569529 0.58579
1.570004 0.586522
1.57048 0.586313
1.570956 0.586731
1.571432 0.587463
1.571908 0.588927
1.572385 0.589137
1.572862 0.588718
1.57334 0.587672
1.573817 0.588509
1.574295 0.590078
1.574773 0.590496
1.575252 0.589764
1.575731 0.590601
1.57621 0.591333
1.576689 0.591019
1.577169 0.590914
1.577649 0.591751
1.578129 0.591542
1.57861 0.59217
1.57909 0.593006
1.579572 0.594157
1.580053 0.594366
1.580535 0.593529
1.581017 0.593634
1.581499 0.594784
1.581982 0.594993
1.582465 0.595412
1.582948 0.595098
1.583431 0.594575
1.583915 0.594784
1.584399 0.595307
1.584884 0.596039
1.585368 0.596458
1.585853 0.59719
1.586339 0.598445
1.586824 0.598131
1.58731 0.597294
1.587796 0.597399
1.588283 0.598236
1.588769 0.598236
1.589256 0.598236
1.589744 0.598968
1.590231 0.600327
1.590719 0.601059
1.591208 0.60085
1.591696 0.600432
1.592185 0.600327
1.592674 0.600536
1.593163 0.601269
1.593653 0.601269
1.594143 0.601373
1.594634 0.601896
1.595124 0.601896
1.595615 0.60221
1.596107 0.602837
1.596598 0.602419
1.59709 0.602419
1.597582 0.602837
1.598075 0.60357
1.598568 0.603674
1.599061 0.603465
1.599554 0.604302
1.600048 0.603779
1.600542 0.603047
1.601036 0.604406
1.60153 0.604197
1.602025 0.604511
1.602521 0.605766
1.603016 0.606393
1.603512 0.605975
1.604008 0.606289
1.604505 0.606603
1.605001 0.60608
1.605498 0.606289
1.605996 0.607125
1.606493 0.607648
1.606991 0.60723
1.60749 0.606393
1.607988 0.606498
1.608487 0.607544
1.608986 0.608171
1.609486 0.607544
1.609986 0.607021
1.610486 0.607962
1.610986 0.608903
1.611487 0.608799
1.611988 0.608276
1.61249 0.60838
1.612991 0.608694
1.613493 0.609113
1.613996 0.608694
1.614498 0.60859
1.615001 0.60974
1.615505 0.610577
1.616008 0.610472
1.616512 0.610368
1.617016 0.610786
1.617521 0.610158
1.618026 0.608903
1.618531 0.608694
1.619036 0.609636
1.619542 0.610054
1.620048 0.610263
1.620554 0.609949
1.621061 0.610158
1.621568 0.610472
1.622076 0.610472
1.622583 0.610054
1.623091 0.610891
1.6236 0.610891
1.624108 0.610681
1.624617 0.609949
1.625127 0.609322
1.625636 0.610054
1.626146 0.611413
1.626656 0.611204
1.627167 0.611309
1.627678 0.611309
1.628189 0.611413
1.628701 0.611204
1.629212 0.611518
1.629725 0.612355
1.630237 0.612041
1.63075 0.610995
1.631263 0.611413
1.631777 0.612355
1.63229 0.612459
1.632804 0.611936
1.633319 0.612459
1.633834 0.612459
1.634349 0.61225
1.634864 0.611727
1.63538 0.611727
1.635896 0.61225
1.636412 0.612355
1.636929 0.611623
1.637446 0.611309
1.637964 0.611727
1.638481 0.612146
1.638999 0.612773
1.639518 0.612982
1.640036 0.612355
1.640555 0.612564
1.641075 0.612564
1.641594 0.612669
1.642114 0.612773
1.642634 0.612564
1.643155 0.612041
1.643676 0.612355
1.644197 0.612982
1.644719 0.612355
1.645241 0.612146
1.645763 0.612773
1.646286 0.612773
1.646809 0.612355
1.647332 0.612355
1.647856 0.612773
1.64838 0.613087
1.648904 0.613087
1.649429 0.612564
1.649953 0.612564
1.650479 0.612459
1.651004 0.61225
1.651531 0.612564
1.652057 0.613401
1.652583 0.613087
1.65311 0.612878
1.653638 0.613296
1.654165 0.613296
1.654693 0.61361
1.655222 0.61361
1.65575 0.612878
1.656279 0.612982
1.656809 0.613401
1.657338 0.61361
1.657868 0.613191
1.658399 0.612773
1.658929 0.613296
1.65946 0.614237
1.659992 0.614342
1.660523 0.613714
1.661055 0.613087
1.661588 0.613505
1.662121 0.61361
1.662654 0.613505
1.663187 0.614133
1.663721 0.614656
1.664255 0.614028
1.664789 0.613505
1.665324 0.613401
1.665859 0.614028
1.666395 0.614656
1.666931 0.614551
1.667467 0.614237
1.668003 0.614656
1.66854 0.614656
1.669077 0.614551
1.669615 0.614551
1.670153 0.614551
1.670691 0.614865
1.671229 0.615074
1.671769 0.615283
1.672308 0.615179
1.672847 0.615179
1.673387 0.615388
1.673928 0.614656
1.674468 0.61476
1.675009 0.614969
1.675551 0.615283
1.676093 0.615283
1.676635 0.61476
1.677177 0.614447
1.67772 0.614969
1.678263 0.615492
1.678806 0.615179
1.67935 0.613924
1.679894 0.613924
1.680439 0.614237
1.680984 0.613924
1.681529 0.614133
1.682074 0.614342
1.682621 0.614237
1.683167 0.614447
1.683714 0.614342
1.68426 0.614028
1.684808 0.614237
1.685356 0.614551
1.685904 0.613819
1.686452 0.612982
1.687001 0.613401
1.68755 0.613819
1.6881 0.613714
1.68865 0.613296
1.6892 0.613087
1.689751 0.613401
1.690302 0.614133
1.690853 0.614028
1.691405 0.613401
1.691957 0.613191
1.692509 0.613296
1.693061 0.613401
1.693615 0.612982
1.694168 0.613087
1.694722 0.613191
1.695276 0.612773
1.695831 0.612878
1.696385 0.612982
1.696941 0.612564
1.697497 0.612459
1.698053 0.612459
1.698609 0.611936
1.699166 0.611623
1.699723 0.611936
1.70028 0.611832
1.700838 0.611832
1.701396 0.61225
1.701955 0.611936
1.702514 0.611936
1.703073 0.612146
1.703633 0.611518
1.704193 0.610891
1.704753 0.610368
1.705314 0.609636
1.705875 0.609531
1.706436 0.60974
1.706998 0.609845
1.707561 0.610472
1.708123 0.610577
1.708686 0.610263
1.70925 0.610368
1.709813 0.610263
1.710377 0.60974
1.710942 0.609426
1.711507 0.609322
1.712072 0.609426
1.712638 0.609217
1.713204 0.609113
1.71377 0.609113
1.714337 0.609217
1.714904 0.608799
1.715471 0.608694
1.716039 0.608276
1.716607 0.608276
1.717176 0.60859
1.717745 0.608903
1.718314 0.60838
1.718884 0.607753
1.719454 0.607439
1.720024 0.608276
1.720595 0.608903
1.721167 0.608694
1.721738 0.607962
1.72231 0.607439
1.722883 0.607753
1.723455 0.607962
1.724029 0.607544
1.724602 0.607439
1.725176 0.607125
1.72575 0.606498
1.726325 0.606498
1.7269 0.606498
1.727476 0.606707
1.728051 0.606812
1.728628 0.606916
1.729204 0.607021
1.729781 0.607125
1.730358 0.606603
1.730936 0.606184
1.731514 0.606498
1.732093 0.606498
1.732672 0.606393
1.733251 0.60608
1.733831 0.605975
1.734411 0.606498
1.734991 0.606603
1.735572 0.606184
1.736153 0.606289
1.736735 0.606184
1.737317 0.606603
1.7379 0.606498
1.738482 0.606289
1.739066 0.60608
1.739649 0.606393
1.740233 0.606707
1.740817 0.606498
1.741402 0.60587
1.741987 0.606498
1.742573 0.606707
1.743159 0.606393
1.743745 0.605766
1.744332 0.60587
1.744919 0.606289
1.745506 0.606498
1.746094 0.606498
1.746683 0.606393
1.747271 0.606393
1.74786 0.606184
1.74845 0.605975
1.74904 0.60587
1.74963 0.605452
1.750221 0.605557
1.750812 0.605452
1.751403 0.605661
1.751995 0.605661
1.752588 0.60587
1.75318 0.605661
1.753773 0.605661
1.754367 0.605452
1.754961 0.605347
1.755555 0.604929
1.75615 0.605138
1.756745 0.605243
1.75734 0.605347
1.757936 0.60587
1.758533 0.605766
1.759129 0.605243
1.759726 0.604929
1.760324 0.604825
1.760922 0.605243
1.76152 0.605138
1.762119 0.604825
1.762718 0.604302
1.763318 0.604302
1.763918 0.604302
1.764518 0.604197
1.765119 0.60357
1.76572 0.60336
1.766322 0.603465
1.766924 0.603465
1.767526 0.60336
1.768129 0.603988
1.768732 0.603779
1.769336 0.60336
1.76994 0.603047
1.770545 0.602628
1.771149 0.602837
1.771755 0.603047
1.77236 0.602628
1.772967 0.602419
1.773573 0.602314
1.77418 0.601896
1.774787 0.601792
1.775395 0.601792
1.776004 0.601478
1.776612 0.601582
1.777221 0.602001
1.777831 0.601896
1.778441 0.601269
1.779051 0.600746
1.779662 0.600327
1.780273 0.600327
1.780884 0.600014
1.781496 0.600014
1.782109 0.600118
1.782721 0.600014
1.783335 0.5997
1.783948 0.599281
1.784562 0.599491
1.785177 0.599804
1.785792 0.599386
1.786407 0.599177
1.787023 0.598863
1.787639 0.598759
1.788256 0.598654
1.788873 0.598863
1.789491 0.59834
1.790108 0.59834
1.790727 0.598654
1.791346 0.598654
1.791965 0.598236
1.792585 0.598236
1.793205 0.59834
1.793825 0.598026
1.794446 0.596981
1.795067 0.596876
1.795689 0.59719
1.796311 0.597399
1.796934 0.59719
1.797557 0.596771
1.79818 0.596458
1.798804 0.596353
1.799429 0.596353
1.800053 0.595935
1.800679 0.595412
1.801304 0.595621
1.801931 0.595621
1.802557 0.595203
1.803184 0.594575
1.803812 0.59468
1.804439 0.59468
1.805068 0.594157
1.805696 0.593843
1.806326 0.593948
1.806955 0.594261
1.807585 0.594471
1.808216 0.594261
1.808847 0.593843
1.809478 0.593215
1.81011 0.592797
1.810742 0.592588
1.811375 0.592588
1.812008 0.592588
1.812641 0.592379
1.813275 0.592065
1.81391 0.591542
1.814545 0.591437
1.81518 0.591333
1.815816 0.591437
1.816452 0.591437
1.817089 0.591333
1.817726 0.591437
1.818363 0.591019
1.819001 0.590705
1.81964 0.589764
1.820279 0.589032
1.820918 0.588718
1.821558 0.588823
1.822199 0.589241
1.822839 0.589137
1.82348 0.588927
1.824122 0.588927
1.824764 0.588509
1.825406 0.587986
1.826049 0.587568
1.826693 0.588195
1.827337 0.588195
1.827981 0.587777
1.828626 0.587359
1.829271 0.587359
1.829917 0.587045
1.830563 0.586417
1.83121 0.586313
1.831857 0.586836
1.832504 0.58694
1.833152 0.587045
1.833801 0.586313
1.83445 0.585476
1.835099 0.585058
1.835749 0.584953
1.836399 0.585058
1.83705 0.584639
1.837701 0.584012
1.838353 0.584639
1.839005 0.584535
1.839658 0.583803
1.840311 0.583489
1.840964 0.58328
1.841618 0.582652
1.842272 0.582443
1.842927 0.582338
1.843583 0.582548
1.844238 0.582757
1.844895 0.582443
1.845551 0.582129
1.846209 0.581502
1.846867 0.58056
1.847525 0.580038
1.848184 0.579619
1.848843 0.579933
1.849502 0.579933
1.850162 0.579724
1.850823 0.579096
1.851484 0.578887
1.852145 0.578364
1.852807 0.577527
1.853469 0.576586
1.854132 0.576377
1.854796 0.576586
1.855459 0.576691
1.856124 0.576272
1.856789 0.575854
1.857454 0.57554
1.85812 0.575436
1.858786 0.575017
1.859453 0.574076
1.86012 0.573449
1.860788 0.573658
1.861456 0.573553
1.862124 0.573239
1.862794 0.572926
1.863463 0.572403
1.864133 0.571671
1.864804 0.571461
1.865475 0.571252
1.866146 0.570834
1.866818 0.57052
1.867491 0.569579
1.868164 0.569056
1.868837 0.568847
1.869511 0.568219
1.870185 0.567592
1.87086 0.567278
1.871536 0.567487
1.872212 0.56686
1.872888 0.565814
1.873565 0.565605
1.874242 0.565605
1.87492 0.565082
1.875599 0.564977
1.876277 0.564559
1.876957 0.563617
1.877637 0.563513
1.878317 0.563513
1.878998 0.563304
1.879679 0.562885
1.880361 0.562467
1.881043 0.561839
1.881726 0.56163
1.882409 0.561421
1.883093 0.561003
1.883777 0.560689
1.884462 0.560794
1.885147 0.560584
1.885833 0.560584
1.886519 0.560375
1.887206 0.560061
1.887893 0.559748
1.888581 0.559434
1.889269 0.558911
1.889958 0.558493
1.890647 0.558702
1.891337 0.558179
1.892027 0.557761
1.892718 0.557342
1.893409 0.556819
1.894101 0.556715
1.894793 0.556401
1.895486 0.556192
1.896179 0.556192
1.896873 0.55546
1.897568 0.554623
1.898262 0.553891
1.898958 0.553368
1.899654 0.552845
1.90035 0.552322
1.901047 0.552113
1.901744 0.552008
1.902442 0.551172
1.90314 0.550962
1.903839 0.550649
1.904539 0.549812
1.905239 0.548975
1.905939 0.548975
1.90664 0.548871
1.907342 0.548766
1.908044 0.548139
1.908746 0.54772
1.909449 0.546884
1.910153 0.546465
1.910857 0.546151
1.911561 0.545628
1.912266 0.544792
1.912972 0.544269
1.913678 0.543851
1.914385 0.543955
1.915092 0.543955
1.9158 0.543746
1.916508 0.543118
1.917217 0.542805
1.917926 0.5427
1.918636 0.542177
1.919346 0.541236
1.920057 0.540608
1.920768 0.540504
1.92148 0.540922
1.922193 0.540922
1.922906 0.540608
1.92362 0.539876
1.924333 0.539876
1.925048 0.539667
1.925763 0.539249
1.926479 0.53904
1.927195 0.53883
1.927912 0.538412
1.928629 0.538412
1.929346 0.537994
1.930065 0.53768
1.930784 0.53768
1.931503 0.537785
1.932223 0.537575
1.932943 0.537262
1.933664 0.537262
1.934386 0.537471
1.935108 0.537052
1.93583 0.536634
1.936554 0.536529
1.937277 0.536216
1.938002 0.536007
1.938726 0.536111
1.939452 0.536111
1.940177 0.536007
1.940904 0.535902
1.941631 0.535797
1.942358 0.535693
1.943086 0.535693
1.943815 0.535274
1.944544 0.535274
1.945274 0.535065
1.946004 0.534542
1.946735 0.534438
1.947466 0.534438
1.948198 0.534019
1.94893 0.53381
1.949663 0.53381
1.950397 0.533601
1.951131 0.533601
1.951865 0.534019
1.952601 0.533183
1.953336 0.532451
1.954073 0.532346
1.954809 0.532241
1.955547 0.532346
1.956285 0.532241
1.957023 0.531823
1.957762 0.531823
1.958502 0.531509
1.959242 0.531196
1.959983 0.530986
1.960724 0.530882
1.961466 0.530673
1.962208 0.530568
1.962951 0.530359
1.963695 0.530359
1.964439 0.52994
1.965183 0.529522
1.965929 0.528999
1.966674 0.52879
1.967421 0.528999
1.968168 0.52879
1.968915 0.528372
1.969663 0.528058
1.970412 0.52743
1.971161 0.52743
1.971911 0.527117
1.972661 0.527012
1.973413 0.526908
1.974164 0.526489
1.974916 0.525862
1.975669 0.525548
1.976422 0.525234
1.977176 0.525234
1.97793 0.524711
1.978685 0.524397
1.97944 0.523665
1.980196 0.522724
1.980953 0.522201
1.98171 0.521887
1.982468 0.521364
1.983226 0.520946
1.983986 0.520423
1.984745 0.519796
1.985505 0.519273
1.986266 0.518645
1.987027 0.517599
1.987789 0.516867
1.988552 0.51624
1.989315 0.515717
1.990078 0.515089
1.990842 0.514253
1.991607 0.513311
1.992373 0.512579
1.993139 0.511952
1.993905 0.51122
1.994673 0.510487
1.99544 0.509755
1.996209 0.509023
1.996978 0.5085
1.997747 0.507873
1.998517 0.507245
1.999288 0.506618
2.000059 0.505676
2.000831 0.504944
2.001604 0.504003
2.002377 0.503062
2.003151 0.502539
2.003925 0.501702
2.0047 0.501075
2.005476 0.500133
2.006252 0.499192
2.007029 0.49846
2.007806 0.497937
2.008584 0.4971
2.009362 0.496159
2.010141 0.495218
2.010921 0.494486
2.011701 0.493858
2.012482 0.493126
2.013264 0.492603
2.014046 0.492394
2.014829 0.491766
2.015612 0.490825
2.016396 0.489884
2.01718 0.489361
2.017966 0.488733
2.018752 0.488315
2.019538 0.488106
2.020325 0.487897
2.021113 0.487374
2.021901 0.48706
2.02269 0.486642
2.023479 0.486119
2.02427 0.4857
2.02506 0.485491
2.025852 0.485491
2.026644 0.485491
2.027436 0.485177
2.028229 0.485073
2.029023 0.485073
2.029818 0.484759
2.030613 0.484236
2.031409 0.484236
2.032204 0.484236
2.033001 0.484236
2.033799 0.484027
2.034597 0.483609
2.035396 0.483504
2.036195 0.483295
2.036996 0.482667
2.037796 0.482249
2.038598 0.482144
2.0394 0.481935
2.040203 0.481308
2.041006 0.480785
2.04181 0.480262
2.042614 0.479948
2.043419 0.47953
2.044225 0.479216
2.045032 0.479111
2.045839 0.478693
2.046646 0.477752
2.047455 0.477333
2.048264 0.477124
2.049073 0.476392
2.049883 0.475451
2.050694 0.475137
2.051505 0.474614
2.052317 0.474091
2.05313 0.473882
2.053944 0.473673
2.054758 0.473255
2.055573 0.472941
2.056388 0.472418
2.057204 0.472522
2.058021 0.472209
2.058838 0.471686
2.059656 0.471267
2.060475 0.470954
2.061294 0.470849
2.062114 0.470744
2.062935 0.470326
2.063756 0.470326
2.064577 0.470222
2.0654 0.469803
2.066223 0.469594
2.067047 0.469699
2.067871 0.469803
2.068696 0.469489
2.069522 0.468862
2.070349 0.468653
2.071176 0.468444
2.072004 0.468234
2.072833 0.468234
2.073662 0.46813
2.074492 0.468025
2.075322 0.468025
2.076153 0.468025
2.076985 0.468025
2.077817 0.467816
2.07865 0.467607
2.079484 0.467398
2.080319 0.467189
2.081154 0.467189
2.08199 0.467502
2.082826 0.467711
2.083663 0.467502
2.084501 0.467189
2.08534 0.467189
2.086179 0.466875
2.087018 0.466875
2.087859 0.467084
2.0887 0.467189
2.089542 0.46677
2.090385 0.466666
2.091228 0.46677
2.092072 0.466666
2.092917 0.466352
2.093762 0.466143
2.094608 0.465933
2.095454 0.465933
2.096302 0.46562
2.09715 0.465515
2.097999 0.465097
2.098848 0.465097
2.099698 0.465097
2.100549 0.465201
2.1014 0.464783
2.102252 0.464365
2.103105 0.46426
2.103959 0.464365
2.104813 0.46426
2.105668 0.463946
2.106524 0.463633
2.10738 0.463633
2.108237 0.463214
2.109094 0.4629
2.109953 0.4629
2.110812 0.463005
2.111672 0.462691
2.112532 0.462482
2.113394 0.462168
2.114255 0.462064
2.115118 0.462168
2.115981 0.461959
2.116845 0.461645
2.11771 0.461541
2.118576 0.461227
2.119442 0.461332
2.120309 0.461018
2.121176 0.461018
2.122045 0.461122
2.122913 0.461018
2.123783 0.460913
2.124654 0.460809
2.125525 0.460913
2.126396 0.461018
2.127269 0.461018
2.128142 0.461332
2.129016 0.461645
2.129891 0.461541
2.130766 0.461645
2.131642 0.461959
2.132519 0.462378
2.133397 0.462691
2.134275 0.462796
2.135154 0.46311
2.136034 0.463737
2.136914 0.464155
2.137795 0.464469
2.138677 0.464992
2.13956 0.465306
2.140444 0.465724
2.141328 0.466038
2.142213 0.466561
2.143099 0.466875
2.143985 0.467607
2.144872 0.468025
2.14576 0.468757
2.146648 0.469176
2.147537 0.46928
2.148427 0.469699
2.149318 0.470431
2.150209 0.470954
2.151101 0.471267
2.151994 0.471163
2.152888 0.471477
2.153783 0.471686
2.154678 0.471999
2.155574 0.472104
2.15647 0.472104
2.157368 0.472104
2.158266 0.471895
2.159165 0.471163
2.160064 0.470849
2.160964 0.47064
2.161865 0.470431
2.162767 0.469699
2.16367 0.468757
2.164573 0.468025
2.165478 0.467189
2.166383 0.466352
2.167288 0.465724
2.168195 0.46426
2.169102 0.462691
2.17001 0.461436
2.170919 0.459972
2.171828 0.458194
2.172739 0.456312
2.17365 0.454429
2.174561 0.452442
2.175474 0.45035
2.176387 0.448258
2.177301 0.445957
2.178216 0.443866
2.179132 0.441774
2.180048 0.439891
2.180965 0.437591
2.181883 0.434976
2.182801 0.432257
2.183721 0.43006
2.184641 0.42755
2.185562 0.424935
2.186484 0.422216
2.187407 0.420229
2.18833 0.417928
2.189254 0.415627
2.190179 0.413222
2.191105 0.411235
2.192032 0.409248
2.192959 0.407051
2.193887 0.40475
2.194816 0.402868
2.195745 0.401404
2.196676 0.400044
2.197607 0.398475
2.198539 0.397325
2.199472 0.396174
2.200405 0.395128
2.201339 0.394082
2.202275 0.393246
2.203211 0.392095
2.204147 0.391259
2.205085 0.390527
2.206023 0.389794
2.206962 0.389062
2.207902 0.38833
2.208843 0.387493
2.209784 0.386657
2.210727 0.38582
2.21167 0.385297
2.212614 0.384356
2.213559 0.383205
2.214504 0.382055
2.215451 0.381323
2.216398 0.380172
2.217346 0.378708
2.218295 0.377244
2.219244 0.376094
2.220195 0.374943
2.221146 0.373688
2.222098 0.372328
2.223051 0.370969
2.224005 0.369714
2.224959 0.368773
2.225914 0.367517
2.226871 0.366262
2.227827 0.364798
2.228785 0.363543
2.229744 0.362497
2.230703 0.360627
2.231663 0.358672
2.232625 0.357396
2.233587 0.356631
2.234549 0.355611
2.235513 0.353911
2.236477 0.352636
2.237442 0.352126
2.238408 0.35085
2.239375 0.349575
2.240343 0.34881
2.241312 0.348045
2.242281 0.347195
2.243252 0.34626
2.244223 0.34507
2.245195 0.343539
2.246168 0.342179
2.247141 0.341244
2.248116 0.340479
2.249091 0.339969
2.250067 0.339034
2.251044 0.338098
2.252022 0.337758
2.253 0.337673
2.25398 0.337078
2.254961 0.336568
2.255942 0.335803
2.256924 0.334868
2.257907 0.334528
2.258891 0.334358
2.259876 0.334273
2.260861 0.333848
2.261847 0.333168
2.262835 0.332573
2.263823 0.332403
2.264812 0.331807
2.265802 0.331127
2.266792 0.331127
2.267784 0.331212
2.268776 0.330362
2.26977 0.329512
2.270764 0.329087
2.271759 0.329002
2.272755 0.328492
2.273752 0.328152
2.27475 0.328067
2.275748 0.327727
2.276747 0.327302
2.277748 0.326707
2.278749 0.325686
2.279751 0.324921
2.280754 0.324071
2.281758 0.322966
2.282763 0.321861
2.283768 0.320841
2.284775 0.31931
2.285782 0.31744
2.286791 0.3154
2.2878 0.313615
2.28881 0.311914
2.289821 0.309789
2.290832 0.307919
2.291845 0.305623
2.292859 0.302818
2.293873 0.300097
2.294889 0.297547
2.295905 0.294912
2.296922 0.292446
2.29794 0.289471
2.29896 0.286665
2.299979 0.283775
2.301001 0.281224
2.302022 0.278419
2.303045 0.275529
2.304068 0.272808
2.305093 0.269918
2.306118 0.267027
2.307145 0.264222
2.308172 0.261756
2.309201 0.259716
2.31023 0.257931
2.31126 0.255295
2.31229 0.25266
2.313322 0.250535
2.314355 0.248579
2.315388 0.246794
2.316423 0.245689
2.317458 0.244669
2.318495 0.243478
2.319532 0.242713
2.32057 0.242203
2.321609 0.242203
2.32265 0.242543
2.323691 0.243563
2.324733 0.244584
2.325776 0.245944
2.32682 0.247814
2.327865 0.250195
2.32891 0.252915
2.329957 0.255805
2.331005 0.258951
2.332053 0.262351
2.333103 0.265667
2.334153 0.269408
2.335205 0.274083
2.336257 0.278589
2.33731 0.283095
2.338365 0.287855
2.33942 0.292701
2.340476 0.297462
2.341533 0.302733
2.342591 0.308089
2.34365 0.313274
2.34471 0.31812
2.345771 0.322626
2.346833 0.326962
2.347896 0.330957
2.34896 0.334868
2.350024 0.338268
2.35109 0.341584
2.352157 0.34507
2.353225 0.348045
2.354293 0.35051
2.355363 0.352721
2.356434 0.355186
2.357505 0.357396
2.358577 0.359267
2.359651 0.360967
2.360726 0.362412
2.361801 0.364113
2.362878 0.365813
2.363955 0.366918
2.365033 0.367768
2.366114 0.368958
2.367194 0.370148
2.368275 0.370744
2.369358 0.371084
2.370441 0.371849
2.371525 0.372529
2.372611 0.373124
2.373697 0.373209
2.374785 0.373294
2.375873 0.373974
2.376962 0.373889
2.378052 0.373634
2.379144 0.373719
2.380236 0.373804
2.38133 0.373464
2.382424 0.373039
2.383519 0.372019
2.384615 0.371764
2.385713 0.371849
2.386811 0.371849
2.387911 0.371254
2.389011 0.370234
2.390113 0.369638
2.391215 0.368788
2.392318 0.367513
2.393423 0.366408
2.394528 0.365133
2.395635 0.363602
2.396743 0.361987
2.397851 0.360117
2.398961 0.358077
2.400071 0.356206
2.401183 0.353061
2.402296 0.349405
2.40341 0.346345
2.404524 0.343114
2.40564 0.338949
2.406757 0.334358
2.407875 0.328662
2.408994 0.322371
2.410113 0.314805
2.411234 0.306728
2.412356 0.297377
2.413479 0.287345
2.414603 0.277229
2.415729 0.267622
2.416855 0.258186
2.417982 0.248154
2.419111 0.237698
2.42024 0.227411
2.421371 0.217549
2.422502 0.208028
2.423635 0.199101
2.424768 0.19128
2.425903 0.184564
2.427038 0.179973
2.428176 0.176998
2.429314 0.174788
2.430453 0.172492
2.431592 0.170792
2.432734 0.168752
2.433876 0.166456
2.435019 0.163906
2.436163 0.16093
2.437308 0.15804
2.438454 0.155405
2.439602 0.152429
2.44075 0.149199
2.4419 0.146053
2.443051 0.143333
2.444203 0.141037
2.445355 0.138912
2.44651 0.137382
2.447665 0.135936
2.448821 0.134236
2.449978 0.132451
2.451137 0.130326
2.452296 0.12786
2.453457 0.12531
2.454618 0.123014
2.455781 0.120974
2.456945 0.119529
2.45811 0.118424
2.459276 0.117404
2.460443 0.117063
2.461612 0.116893
2.462781 0.116638
2.463952 0.115873
2.465123 0.114088
2.466296 0.111963
2.46747 0.109837
2.468645 0.107712
2.469821 0.105502
2.470998 0.103291
2.472176 0.101166
2.473356 0.099126
2.474536 0.097085
2.475718 0.09564
2.476901 0.094875
2.478085 0.094705
2.47927 0.09462
2.480456 0.09496
2.481644 0.095895
2.482832 0.097595
2.484022 0.099211
2.485213 0.100996
2.486404 0.102526
2.487597 0.104226
2.488792 0.106097
2.489987 0.107797
2.491184 0.108732
2.492381 0.109412
2.493581 0.109922
2.494781 0.110347
2.495982 0.111198
2.497184 0.112643
2.498387 0.114683
2.499592 0.116808
2.500798 0.119529
2.502005 0.122249
2.503213 0.125225
2.504422 0.129135
2.505633 0.133556
2.506844 0.137977
2.508057 0.141972
2.509271 0.146053
2.510486 0.149794
2.511703 0.153279
2.51292 0.155575
2.514138 0.156595
2.515358 0.15651
2.516579 0.154724
2.517802 0.152089
2.519025 0.149369
2.52025 0.146563
2.521476 0.144183
2.522703 0.141462
2.523931 0.138657
2.52516 0.136532
2.526391 0.134746
2.527622 0.132961
2.528856 0.132111
2.53009 0.131941
2.531325 0.132791
2.532562 0.134746
2.5338 0.138402
2.535039 0.142653
2.536279 0.147158
2.53752 0.152684
2.538763 0.157615
2.540007 0.161951
2.541252 0.165691
2.542498 0.168582
2.543746 0.172492
2.544994 0.176913
2.546244 0.180143
2.547495 0.183034
2.548748 0.18737
2.550002 0.19094
2.551256 0.193491
2.552513 0.196721
2.553771 0.202247
2.555029 0.207348
2.556289 0.211258
2.55755 0.214574
2.558813 0.217549
2.560076 0.21857
2.561341 0.219505
2.562607 0.222905
2.563875 0.226901
2.565143 0.233277
2.566413 0.239738
2.567684 0.241693
2.568957 0.240758
2.57023 0.244244
2.571505 0.248749
2.572781 0.246709
2.574058 0.250024
2.575337 0.25402
2.576617 0.254445
2.577898 0.258271
2.579181 0.260311
2.580465 0.258356
2.58175 0.257931
2.583036 0.252745
2.584324 0.251725
2.585613 0.253425
2.586903 0.247474
2.588195 0.243138
2.589488 0.239483
2.590782 0.236337
2.592077 0.230131
2.593373 0.215084
2.594671 0.203182
2.595971 0.208708
2.597271 0.215339
2.598573 0.215509
2.599876 0.211768
2.601181 0.207433
2.602487 0.203352
2.603794 0.197911
2.605102 0.19162
2.606412 0.19145
2.607723 0.191875
2.609035 0.19009
2.610349 0.188475
2.611664 0.186775
2.612981 0.183884
2.614299 0.181419
2.615618 0.174873
2.616938 0.170707
2.61826 0.171217
2.619583 0.166031
2.620907 0.164161
2.622233 0.166711
2.62356 0.165436
2.624888 0.16127
2.626217 0.15549
2.627548 0.154979
2.628881 0.151409
2.630215 0.145628
2.63155 0.146733
2.632886 0.146988
2.634224 0.146138
2.635564 0.146903
2.636904 0.146308
2.638246 0.145798
2.63959 0.145373
2.640934 0.146223
2.64228 0.148348
2.643628 0.151154
2.644976 0.152599
2.646327 0.156
2.647678 0.160165
2.649031 0.163651
2.650386 0.165351
2.651741 0.165436
2.653098 0.167817
2.654457 0.171132
2.655817 0.173342
2.657177 0.176828
2.65854 0.177423
2.659904 0.178613
2.66127 0.180909
2.662637 0.181929
2.664005 0.177423
2.665375 0.174363
2.666745 0.176403
2.668118 0.181334
2.669492 0.176233
2.670867 0.176063
2.672244 0.183969
2.673622 0.183544
2.675002 0.176998
2.676383 0.170452
2.677765 0.168157
2.67915 0.165606
2.680535 0.164671
2.681922 0.16042
2.68331 0.154129
2.6847 0.148433
2.68609 0.142227
2.687483 0.135766
2.688877 0.12871
2.690272 0.121399
2.691669 0.112303
2.693067 0.101931
2.694467 0.098361
2.695868 0.099381
2.69727 0.098191
2.698674 0.091729
2.70008 0.078127
2.701487 0.06206
2.702896 0.051773
2.704306 0.047608
2.705717 0.046927
2.70713 0.047182
2.708544 0.047352
2.70996 0.048033
2.711378 0.050498
2.712797 0.055769
2.714217 0.06155
2.715639 0.066736
2.717062 0.070986
2.718487 0.073962
2.719913 0.075407
2.721341 0.079998
2.72277 0.083568
2.7242 0.085098
2.725633 0.089774
2.727067 0.09428
2.728502 0.096915
2.729939 0.099041
2.731377 0.101506
2.732817 0.102016
2.734258 0.099891
2.735701 0.098786
2.737146 0.095045
2.738592 0.082548
2.740039 0.068436
2.741488 0.070476
2.742939 0.084503
2.744391 0.09632
2.745844 0.104567
2.747299 0.109582
2.748756 0.111793
2.750214 0.112898
2.751674 0.115703
2.753135 0.118594
2.754598 0.118254
2.756062 0.121909
2.757528 0.12752
2.758996 0.129475
2.760465 0.128625
2.761936 0.125395
2.763408 0.1248
2.764882 0.12718
2.766357 0.128455
2.767834 0.128965
2.769313 0.12922
2.770793 0.12905
2.772275 0.129901
2.773758 0.129901
2.775243 0.12888
2.77673 0.127435
2.778218 0.12633
2.779707 0.1248
2.781199 0.123184
2.782691 0.122334
2.784185 0.121824
2.785681 0.119529
2.787179 0.117574
2.788678 0.117063
2.790179 0.116043
2.791682 0.113408
2.793186 0.110687
2.794692 0.109752
2.7962 0.110687
2.797709 0.112558
2.799219 0.114428
2.800731 0.114683
2.802245 0.113493
2.803761 0.113493
2.805278 0.114088
2.806797 0.113578
2.808318 0.112558
2.80984 0.111623
2.811363 0.111198
2.812889 0.110858
2.814416 0.110602
2.815945 0.110432
2.817475 0.109837
2.819007 0.108562
2.82054 0.107542
2.822076 0.106947
2.823613 0.106182
2.825152 0.104567
2.826692 0.102866
2.828234 0.101251
2.829778 0.099466
2.831324 0.09717
2.832871 0.09479
2.83442 0.092325
2.835971 0.089944
2.837523 0.087224
2.839077 0.084758
2.840632 0.082973
2.84219 0.081698
2.843749 0.080508
2.84531 0.079743
2.846872 0.079488
2.848437 0.080083
2.850003 0.081273
2.85157 0.082803
2.85314 0.084588
2.854711 0.086714
2.856283 0.088669
2.857857 0.090454
2.859434 0.091815
2.861012 0.092835
2.862592 0.093515
2.864173 0.09394
2.865757 0.09377
2.867342 0.09343
2.868929 0.09275
2.870517 0.09224
2.872108 0.091729
2.873699 0.091134
2.875293 0.090964
2.876889 0.090624
2.878486 0.089944
2.880085 0.089179
2.881686 0.088414
2.883289 0.087819
2.884893 0.087394
2.886499 0.086714
2.888107 0.085779
2.889717 0.085013
2.891329 0.084418
2.892942 0.083908
2.894558 0.083313
2.896175 0.082888
2.897794 0.082633
2.899415 0.082633
2.901037 0.082718
2.902662 0.083228
2.904288 0.084163
2.905916 0.085438
2.907546 0.086714
2.909178 0.087989
2.910811 0.089519
2.912446 0.090964
2.914083 0.09224
2.915722 0.093685
2.917363 0.095385
2.919006 0.096745
2.92065 0.09802
2.922296 0.099381
2.923944 0.100486
2.925594 0.101676
2.927246 0.102866
2.9289 0.104056
2.930556 0.105247
2.932213 0.105927
2.933873 0.106607
2.935534 0.107202
2.937198 0.107882
2.938863 0.108647
2.94053 0.109242
2.942199 0.110007
2.943869 0.110602
2.945542 0.110943
2.947217 0.111538
2.948893 0.112303
2.950572 0.112813
2.952252 0.113068
2.953934 0.113323
2.955618 0.113578
2.957304 0.113833
2.958992 0.113748
2.960681 0.113408
2.962373 0.112983
2.964067 0.112728
2.965763 0.112813
2.96746 0.113323
2.96916 0.113833
2.970861 0.114258
2.972565 0.115363
2.974271 0.116978
2.975978 0.118849
2.977687 0.120634
2.979398 0.122419
2.981112 0.124375
2.982827 0.12633
2.984544 0.128285
2.986264 0.129731
2.987985 0.130751
2.989709 0.131346
2.991434 0.131686
2.993161 0.131771
2.99489 0.131431
2.996621 0.130836
2.998354 0.129986
3.000089 0.128965
3.001826 0.127265
3.003565 0.125735
3.005306 0.12446
3.00705 0.123525
3.008795 0.123014
3.010542 0.123014
3.012291 0.123269
3.014043 0.12361
3.015796 0.123865
3.017552 0.12378
3.019309 0.123099
3.021069 0.122249
3.02283 0.121059
3.024594 0.119699
3.02636 0.118254
3.028127 0.116638
3.029897 0.114853
3.031669 0.112898
3.033443 0.111028
3.035219 0.109157
3.036998 0.107457
3.038778 0.106182
3.04056 0.104992
3.042344 0.104056
3.04413 0.102951
3.045919 0.101591
3.047709 0.100061
3.049502 0.098871
3.051297 0.09768
3.053094 0.09666
3.054893 0.09581
3.056694 0.09513
3.058498 0.09479
3.060303 0.094705
3.062111 0.094705
3.063921 0.09513
3.065733 0.09564
3.067547 0.096235
3.069363 0.096915
3.071181 0.09785
3.073001 0.098701
3.074824 0.099721
3.076649 0.100826
3.078476 0.102271
3.080305 0.103631
3.082136 0.104992
3.08397 0.106182
3.085805 0.107542
3.087644 0.108732
3.089484 0.110262
3.091326 0.111708
3.093171 0.113238
3.095017 0.114768
3.096866 0.116383
3.098717 0.117914
3.10057 0.119444
3.102426 0.120719
3.104284 0.121739
3.106144 0.122759
3.108006 0.124035
3.109871 0.12531
3.111737 0.1265
3.113606 0.12786
3.115477 0.129731
3.11735 0.131516
3.119226 0.133301
3.121104 0.135341
3.122984 0.137127
3.124866 0.138827
3.126751 0.140952
3.128638 0.143248
3.130527 0.145373
3.132419 0.147498
3.134313 0.149369
3.136209 0.151154
3.138108 0.153024
3.140008 0.154639
3.141912 0.15617
3.143817 0.157615
3.145725 0.15889
3.147635 0.160165
3.149547 0.16127
3.151462 0.162206
3.153378 0.163141
3.155298 0.163821
3.157219 0.164416
3.159143 0.165011
3.16107 0.165606
3.162998 0.166116
3.164929 0.166541
3.166862 0.167051
3.168798 0.167561
3.170736 0.167987
3.172677 0.168242
3.174619 0.168412
3.176565 0.168752
3.178513 0.169007
3.180463 0.169262
3.182415 0.169347
3.18437 0.169602
3.186327 0.169942
3.188287 0.170197
3.190248 0.170367
3.192213 0.170537
3.19418 0.170792
3.196149 0.170962
3.198121 0.170962
3.200095 0.171132
3.202072 0.171302
3.204051 0.171472
3.206032 0.171557
3.208016 0.171472
3.210002 0.171387
3.211991 0.171302
3.213982 0.171302
3.215976 0.171387
3.217972 0.171472
3.219971 0.171642
3.221972 0.171557
3.223976 0.171387
3.225982 0.171302
3.227991 0.171217
3.230002 0.171132
3.232016 0.171132
3.234032 0.170962
3.236051 0.170962
3.238072 0.170877
3.240096 0.170622
3.242123 0.170197
3.244152 0.170027
3.246183 0.169687
3.248217 0.169517
3.250253 0.169262
3.252293 0.169007
3.254334 0.168667
3.256378 0.168327
3.258425 0.167817
3.260474 0.167221
3.262526 0.166796
3.26458 0.166201
3.266638 0.165521
3.268697 0.164926
3.27076 0.164246
3.272825 0.163651
3.274892 0.163311
3.276962 0.162631
3.279035 0.161951
3.28111 0.161185
3.283188 0.160335
3.285269 0.15957
3.287352 0.15872
3.289438 0.15753
3.291526 0.156255
3.293617 0.154979
3.295711 0.153704
3.297807 0.152684
3.299906 0.152089
3.302008 0.151664
3.304113 0.151239
3.30622 0.151154
3.30833 0.151239
3.310443 0.151494
3.312558 0.151664
3.314676 0.151834
3.316797 0.152174
3.31892 0.152769
3.321046 0.153279
3.323175 0.153704
3.325307 0.154129
3.327442 0.154384
3.329579 0.154639
3.331719 0.154894
3.333861 0.15532
3.336007 0.155745
3.338155 0.155915
3.340306 0.15634
3.342458 0.15685
3.344615 0.157445
3.346774 0.15787
3.348936 0.158295
3.351101 0.15906
3.353268 0.159655
3.355439 0.16025
3.357612 0.160845
3.359789 0.161441
3.361968 0.162121
3.364149 0.162801
3.366334 0.163311
3.368521 0.163906
3.370711 0.164331
3.372904 0.164671
3.3751 0.165011
3.3773 0.165096
3.379501 0.165436
3.381706 0.165436
3.383913 0.165521
3.386123 0.165946
3.388336 0.166116
3.390553 0.166116
3.392771 0.166371
3.394992 0.166541
3.397217 0.166541
3.399445 0.166626
3.401675 0.166966
3.403909 0.167391
3.406146 0.167732
3.408385 0.167902
3.410627 0.168072
3.412873 0.168242
3.415121 0.168582
3.417372 0.169007
3.419626 0.169347
3.421884 0.169347
3.424144 0.169517
3.426407 0.169772
3.428673 0.169942
3.430943 0.170027
3.433215 0.170112
3.43549 0.170367
3.437768 0.170452
3.440049 0.170622
3.442333 0.171132
3.444621 0.171642
3.446911 0.172237
3.449204 0.172662
3.4515 0.173342
3.4538 0.174108
3.456102 0.174788
3.458408 0.175553
3.460716 0.176403
3.463028 0.177253
3.465343 0.178103
3.467662 0.178868
3.469983 0.179888
3.472307 0.180909
3.474634 0.181759
3.476965 0.182694
3.479298 0.183799
3.481635 0.184819
3.483975 0.185924
3.486317 0.1872
3.488663 0.188645
3.491012 0.190005
3.493365 0.191195
3.49572 0.19264
3.498079 0.194341
3.500441 0.196126
3.502806 0.198081
3.505175 0.199952
3.507547 0.201652
3.509921 0.203607
3.512299 0.205562
3.514681 0.207348
3.517065 0.209048
3.519453 0.210833
3.521844 0.212449
3.524238 0.213894
3.526636 0.215424
3.529036 0.216869
3.53144 0.218144
3.533848 0.21925
3.536258 0.220355
3.538672 0.221375
3.541089 0.22214
3.543509 0.222735
3.545932 0.223415
3.548359 0.224435
3.55079 0.225711
3.553223 0.227241
3.55566 0.228941
3.558101 0.230471
3.560545 0.231917
3.562992 0.233362
3.565443 0.234722
3.567896 0.235827
3.570354 0.236762
3.572814 0.237613
3.575278 0.238463
3.577746 0.239568
3.580216 0.240503
3.582691 0.241183
3.585169 0.241863
3.58765 0.242543
3.590135 0.243308
3.592623 0.244159
3.595114 0.245094
3.597609 0.246029
3.600107 0.246964
3.602608 0.247644
3.605114 0.248239
3.607622 0.249089
3.610135 0.249854
3.61265 0.25062
3.61517 0.25147
3.617692 0.252405
3.620219 0.253255
3.622749 0.25402
3.625283 0.254785
3.627819 0.255635
3.63036 0.256571
3.632904 0.257421
3.635452 0.258186
3.638003 0.259036
3.640558 0.259971
3.643116 0.260736
3.645679 0.261501
3.648244 0.262266
3.650813 0.263117
3.653386 0.263882
3.655962 0.264902
3.658543 0.265837
3.661126 0.266687
3.663713 0.267537
3.666304 0.268217
3.668898 0.268983
3.671497 0.269748
3.674099 0.270428
3.676705 0.270853
3.679314 0.271363
3.681927 0.272043
3.684544 0.272638
3.687165 0.272808
3.689789 0.272723
3.692417 0.271788
3.695049 0.267452
3.697685 0.254275
3.700324 0.244074
3.702967 0.254275
3.705615 0.267707
3.708265 0.273148
3.71092 0.275188
3.713578 0.276124
3.71624 0.276804
3.718906 0.277144
3.721576 0.277399
3.724249 0.277739
3.726926 0.277909
3.729607 0.277909
3.732292 0.277569
3.734981 0.277144
3.737674 0.276634
3.740371 0.276039
3.743071 0.275018
3.745776 0.273488
3.748485 0.272043
3.751197 0.270598
3.753913 0.269067
3.756634 0.267792
3.759358 0.266432
3.762086 0.265242
3.764818 0.264137
3.767554 0.263287
3.770293 0.262181
3.773037 0.261246
3.775785 0.260481
3.778537 0.259716
3.781293 0.258866
3.784053 0.258101
3.786817 0.257251
3.789586 0.256315
3.792358 0.255635
3.795134 0.255125
3.797915 0.25453
3.800699 0.25402
3.803488 0.25385
3.80628 0.254275
3.809077 0.255295
3.811877 0.256826
3.814683 0.258441
3.817492 0.260141
3.820305 0.262011
3.823123 0.263797
3.825944 0.265412
3.82877 0.266857
3.8316 0.268302
3.834434 0.269238
3.837271 0.269833
3.840113 0.269918
3.84296 0.269493
3.845811 0.268557
3.848666 0.267027
3.851525 0.265327
3.854389 0.263627
3.857257 0.262096
3.86013 0.261076
3.863006 0.260226
3.865887 0.259716
3.868772 0.259546
3.871661 0.259376
3.874554 0.259206
3.877452 0.259121
3.880355 0.259291
3.883262 0.259291
3.886173 0.259376
3.889088 0.259631
3.892008 0.260141
3.894932 0.260226
3.897861 0.260056
3.900793 0.259716
3.903731 0.259376
3.906672 0.258866
3.909618 0.258441
3.912569 0.257931
3.915524 0.257591
3.918483 0.257081
3.921447 0.256826
3.924416 0.256571
3.927389 0.2564
3.930367 0.256145
3.933349 0.255805
3.936336 0.255295
3.939327 0.25487
3.942322 0.2547
3.945323 0.25521
3.948327 0.255975
3.951337 0.256911
3.954351 0.258356
3.95737 0.259801
3.960393 0.261331
3.963421 0.262862
3.966453 0.264732
3.96949 0.267027
3.972532 0.269578
3.975579 0.272383
3.978629 0.275274
3.981685 0.278079
3.984745 0.280459
3.98781 0.282755
3.99088 0.28488
3.993955 0.287005
3.997034 0.288961
4.000118 0.290831
4.003208 0.292871
4.006302 0.294997
4.0094 0.297037
4.012504 0.299162
4.015612 0.301288
4.018724 0.303243
4.021842 0.304943
4.024965 0.306728
4.028091 0.308259
4.031223 0.309704
4.03436 0.311149
4.037502 0.312679
4.040649 0.31404
4.043801 0.31523
4.046958 0.31659
4.050119 0.317865
4.053287 0.31897
4.056458 0.319906
4.059635 0.320756
4.062816 0.321606
4.066003 0.322371
4.069194 0.323051
4.072391 0.323816
4.075593 0.324666
4.078799 0.325176
4.082011 0.325516
4.085227 0.326026
4.088449 0.326537
4.091676 0.326792
4.094908 0.327132
4.098145 0.327557
4.101388 0.327812
4.104634 0.327982
4.107887 0.328152
4.111144 0.328237
4.114407 0.328492
4.117675 0.328662
4.120948 0.328747
4.124227 0.328747
4.12751 0.328662
4.130799 0.328662
4.134094 0.328662
4.137393 0.328662
4.140697 0.328492
4.144008 0.328322
4.147323 0.328237
4.150643 0.328322
4.153969 0.328832
4.157301 0.329342
4.160638 0.329767
4.16398 0.330022
4.167327 0.330362
4.17068 0.330532
4.174038 0.330702
4.177401 0.330957
4.18077 0.331042
4.184143 0.331127
4.187523 0.331127
4.190908 0.331127
4.194299 0.330957
4.197695 0.330447
4.201097 0.329767
4.204504 0.328662
4.207917 0.327132
4.211336 0.325431
4.214759 0.323731
4.218189 0.321946
4.221624 0.320331
4.225064 0.318885
4.22851 0.31795
4.231962 0.31727
4.23542 0.317015
4.238883 0.317185
4.242352 0.318205
4.245827 0.319651
4.249307 0.321521
4.252793 0.323561
4.256284 0.324666
4.259782 0.323391
4.263285 0.321011
4.266792 0.319055
4.270307 0.317525
4.273828 0.316505
4.277354 0.31591
4.280886 0.315485
4.284424 0.3154
4.287968 0.31574
4.291517 0.315995
4.295074 0.31642
4.298635 0.317015
4.302202 0.317525
4.305776 0.31812
4.309355 0.31863
4.31294 0.319225
4.316531 0.319821
4.320128 0.320246
4.323732 0.320841
4.327342 0.321351
4.330956 0.321691
4.334578 0.322116
4.338205 0.322711
4.341838 0.323306
4.345478 0.324071
4.349123 0.324751
4.352774 0.325006
4.356431 0.324751
4.360096 0.324241
4.363765 0.323816
4.367442 0.323476
4.371124 0.323051
4.374813 0.322541
4.378508 0.321946
4.38221 0.321266
4.385918 0.320671
4.389631 0.320076
4.393351 0.31931
4.397078 0.31863
4.40081 0.31795
4.404549 0.31727
4.408295 0.316505
4.412045 0.31574
4.415803 0.31489
4.419568 0.314125
4.423338 0.31353
4.427116 0.313019
4.4309 0.312594
4.43469 0.312254
4.438487 0.311914
4.442291 0.311744
4.446101 0.311829
4.449917 0.311999
4.45374 0.312254
4.45757 0.312509
4.461406 0.312849
4.465249 0.31319
4.469098 0.31336
4.472954 0.313445
4.476817 0.31353
4.480686 0.313445
4.484562 0.313019
4.488445 0.312424
4.492334 0.311829
4.496231 0.311149
4.500134 0.310299
4.504043 0.309364
4.507959 0.308514
4.511883 0.307749
4.515813 0.307154
4.51975 0.306558
4.523694 0.305878
4.527645 0.305198
4.531602 0.304688
4.535568 0.304263
4.539539 0.303838
4.543518 0.303158
4.547503 0.302478
4.551496 0.301798
4.555496 0.300948
4.559502 0.300012
4.563516 0.299077
4.567537 0.298227
4.571565 0.297207
4.5756 0.296357
4.579642 0.295252
4.583691 0.294146
4.587747 0.293041
4.591811 0.291936
4.595881 0.291086
4.599958 0.290236
4.604044 0.289216
4.608136 0.288536
4.612236 0.288196
4.616343 0.28777
4.620458 0.287515
4.624579 0.28743
4.628708 0.287345
4.632845 0.28726
4.636989 0.28709
4.64114 0.28709
4.645299 0.287175
4.649466 0.287515
4.653639 0.288111
4.65782 0.288961
4.662009 0.289896
4.666206 0.291086
4.67041 0.292531
4.674621 0.293891
4.67884 0.294912
4.683066 0.295677
4.687301 0.296272
4.691543 0.296697
4.695792 0.297037
4.700048 0.297292
4.704313 0.297377
4.708586 0.297547
4.712867 0.297802
4.717155 0.297717
4.721451 0.297717
4.725755 0.297632
4.730067 0.297462
4.734388 0.297292
4.738715 0.297122
4.743051 0.296867
4.747394 0.296697
4.751746 0.296442
4.756105 0.296187
4.760472 0.295932
4.764848 0.295677
4.769232 0.295252
4.773623 0.294912
4.778023 0.294657
4.782431 0.294487
4.786847 0.294061
4.791271 0.293806
4.795703 0.293721
4.800144 0.293551
4.804591 0.293211
4.809048 0.292871
4.813513 0.292446
4.817986 0.292276
4.822468 0.292021
4.826958 0.291851
4.831457 0.291596
4.835964 0.291171
4.84048 0.290661
4.845004 0.290491
4.849536 0.290661
4.854077 0.290406
4.858626 0.290066
4.863184 0.289726
4.867751 0.289471
4.872326 0.289131
4.876908 0.288791
4.8815 0.288451
4.886101 0.288111
4.89071 0.287685
4.895329 0.287345
4.899956 0.287005
4.904591 0.28675
4.909236 0.286495
4.91389 0.286155
4.918552 0.28573
4.923223 0.28539
4.927903 0.285135
4.932591 0.284795
4.937289 0.28454
4.941996 0.284285
4.946712 0.283945
4.951437 0.283435
4.956171 0.28284
4.960914 0.282585
4.965665 0.282415
4.970426 0.282075
4.975196 0.28182
4.979976 0.281309
4.984764 0.280799
4.989561 0.280289
4.994367 0.279694
4.999184 0.279099
5.004009 0.278844
5.008844 0.278419
5.013688 0.277569
5.018541 0.276379
5.023404 0.276294
5.028277 0.276209
5.033159 0.275614
5.038051 0.274848
5.042951 0.273913
5.047862 0.272468
5.052782 0.270513
5.057711 0.268812
5.06265 0.268217
5.0676 0.268897
5.072558 0.270173
5.077527 0.270938
5.082504 0.271108
5.087492 0.271618
5.09249 0.272043
5.097497 0.271958
5.102514 0.271703
5.10754 0.271193
5.112577 0.270853
5.117624 0.270513
5.122681 0.270258
5.127748 0.270003
5.132825 0.269493
5.137912 0.268812
5.143009 0.267792
5.148117 0.266857
5.153234 0.267452
5.158362 0.267622
5.1635 0.267112
5.168648 0.266517
5.173806 0.265922
5.178975 0.265327
5.184154 0.264987
5.189344 0.264222
5.194544 0.263032
5.199754 0.261841
5.204975 0.261756
5.210206 0.259886
5.215447 0.259036
5.2207 0.260226
5.225963 0.259971
5.231235 0.258951
5.236519 0.257761
5.241814 0.257166
5.247119 0.2564
5.252435 0.25572
5.257762 0.254955
5.2631 0.25419
5.268449 0.253085
5.273809 0.251725
5.27918 0.25079
5.284561 0.249854
5.289953 0.247644
5.295357 0.246964
5.300771 0.246879
5.306197 0.245859
5.311634 0.244669
5.31708 0.243308
5.322538 0.241778
5.328009 0.240078
5.33349 0.238208
5.338983 0.235997
5.344487 0.232087
5.350003 0.228006
5.355529 0.227751
5.361069 0.228261
5.366619 0.228006
5.37218 0.227411
5.377753 0.226731
5.383337 0.226136
5.388933 0.225711
5.394541 0.224861
5.40016 0.22384
5.405792 0.222225
5.411435 0.220185
5.417089 0.215679
5.422756 0.211938
5.428434 0.213809
5.434124 0.213809
5.439826 0.211598
5.44554 0.209558
5.451264 0.207773
5.457003 0.204797
5.462753 0.200462
5.468515 0.199357
5.47429 0.198676
5.480077 0.197316
5.485876 0.198336
5.491687 0.198506
5.497512 0.198336
5.503348 0.198251
5.509196 0.198591
5.515058 0.198251
5.520931 0.197996
5.526816 0.198846
5.532715 0.200037
5.538626 0.200462
5.544551 0.200292
5.550487 0.199186
5.556436 0.199441
5.562398 0.200377
5.568373 0.200207
5.57436 0.196891
5.58036 0.195361
5.586374 0.198506
5.592398 0.199867
5.598437 0.198506
5.604489 0.197741
5.610555 0.197231
5.616633 0.196041
5.622725 0.196041
5.62883 0.194936
5.634949 0.191025
5.641082 0.186094
5.647227 0.18771
5.653385 0.1889
5.659557 0.189495
5.665742 0.189835
5.671941 0.186349
5.678154 0.184904
5.68438 0.185244
5.69062 0.183119
5.696874 0.182609
5.703141 0.179973
5.709422 0.175043
5.715717 0.174533
5.722026 0.174873
5.728348 0.174448
5.734685 0.172662
5.741033 0.170112
5.747398 0.167051
5.753777 0.167136
5.76017 0.161526
5.766577 0.154894
5.772999 0.158635
5.779435 0.160675
5.785885 0.159825
5.792351 0.15838
5.798831 0.155915
5.805324 0.153959
5.811832 0.150049
5.818355 0.142398
5.824893 0.139507
5.831445 0.141377
5.838012 0.142057
5.844594 0.141122
5.851191 0.138402
5.857803 0.134661
5.864429 0.131516
5.871071 0.12939
5.877727 0.121144
5.884399 0.119019
5.891086 0.119104
5.897785 0.116553
5.904502 0.119699
5.911235 0.119189
5.917983 0.116553
5.924747 0.113578
5.931525 0.106607
5.93832 0.102781
5.94513 0.106012
5.951957 0.106267
5.958798 0.104482
5.965655 0.100146
5.972528 0.098956
5.979417 0.098531
5.986322 0.09564
5.993242 0.094875
6.000179 0.09581
6.00713 0.094025
6.014098 0.092155
6.021083 0.092325
6.028085 0.092155
6.035102 0.090539
6.042136 0.084673
6.049186 0.079743
6.056253 0.084758
6.063337 0.086969
6.070437 0.084418
6.077554 0.085013
6.084687 0.087394
6.091837 0.087734
6.099004 0.087224
6.106188 0.084673
6.113389 0.082293
6.120608 0.084928
6.127842 0.087224
6.135094 0.086799
6.142364 0.086119
6.14965 0.085864
6.156953 0.084843
6.164274 0.085098
6.171613 0.086034
6.178967 0.083398
6.18634 0.081528
6.193731 0.083908
6.201139 0.084673
6.208566 0.083908
6.216011 0.083228
6.223473 0.082803
6.230953 0.082293
6.238452 0.081783
6.245968 0.081443
6.253502 0.080933
6.261055 0.080253
6.268626 0.079573
6.276215 0.079233
6.283823 0.078892
6.291449 0.078382
6.299095 0.078127
6.306758 0.077617
6.31444 0.077107
6.32214 0.076682
6.32986 0.076002
6.337598 0.073197
6.345355 0.071411
6.353131 0.073537
6.360924 0.073282
6.368739 0.070901
6.376572 0.070476
6.384425 0.069966
6.392297 0.068521
6.400189 0.06597
6.4081 0.06019
6.416031 0.057554
6.423983 0.059424
6.431953 0.059424
6.439943 0.058829
6.447953 0.057809
6.455982 0.056449
6.464032 0.054664
6.472102 0.052028
6.480192 0.049223
6.488305 0.045992
6.496436 0.044632
6.504587 0.045652
6.512758 0.044632
6.52095 0.042167
6.529163 0.041147
6.537397 0.039786
6.545651 0.037831
6.553923 0.036131
6.562219 0.034941
6.570536 0.03341
6.578875 0.033495
6.587234 0.033495
6.595614 0.033155
6.604017 0.03273
6.61244 0.03188
6.620886 0.031115
6.629353 0.029755
6.637841 0.028735
6.646351 0.030095
6.654883 0.030945
6.663437 0.03069
6.672013 0.030435
6.680611 0.030265
6.689233 0.030775
6.697875 0.03137
6.70654 0.0312
6.715228 0.03154
6.723937 0.032135
6.73267 0.032815
6.741425 0.033155
6.750203 0.03324
6.759001 0.03324
6.767824 0.0329
6.776671 0.032475
6.785541 0.031965
6.794435 0.03256
6.803351 0.03409
6.812291 0.034941
6.821255 0.035111
6.830244 0.035791
6.839254 0.036811
6.848289 0.036811
6.857347 0.035536
6.86643 0.035536
6.875537 0.037576
6.884668 0.038341
6.893823 0.038681
6.902999 0.038681
6.912203 0.039191
6.921432 0.039616
6.930685 0.040041
6.939963 0.040126
6.949265 0.039446
6.958593 0.038256
6.967947 0.038936
6.977327 0.039361
6.98673 0.038936
6.996159 0.038511
7.005613 0.038341
7.015093 0.037831
7.024599 0.037406
7.03413 0.036641
7.043687 0.035536
7.053272 0.035876
7.062882 0.036556
7.072517 0.036811
7.082179 0.037066
7.091867 0.037321
7.101583 0.037491
7.111324 0.037406
7.121092 0.037576
7.130883 0.038171
7.140706 0.038596
7.150555 0.039361
7.160431 0.040381
7.170335 0.041061
7.180266 0.042422
7.190225 0.043442
7.200211 0.043782
7.210228 0.044292
7.22027 0.045397
7.23034 0.045992
7.240438 0.046502
7.250565 0.046927
7.26072 0.047437
7.270903 0.047693
7.281115 0.048118
7.291358 0.048713
7.301627 0.049223
7.311926 0.049648
7.322253 0.050158
7.33261 0.050158
7.342996 0.050583
7.353412 0.051178
7.363857 0.051603
7.374328 0.051858
7.384833 0.052113
7.395367 0.052453
7.405932 0.052538
7.416527 0.052708
7.427153 0.052963
7.437809 0.053048
7.448495 0.052963
7.459215 0.052708
7.469963 0.052878
7.480742 0.052963
7.491552 0.052963
7.502394 0.053133
7.513267 0.053303
7.524172 0.053218
7.535108 0.053218
7.546078 0.053133
7.557078 0.053133
7.56811 0.053048
7.579175 0.053048
7.590272 0.052878
7.601401 0.052538
7.612564 0.052368
7.623759 0.052368
7.634982 0.052283
7.646243 0.052113
7.657537 0.051858
7.668865 0.051773
7.680227 0.051688
7.691622 0.051518
7.703051 0.051263
7.714513 0.051093
7.726013 0.051178
7.737544 0.051263
7.74911 0.051178
7.76071 0.051093
7.772346 0.051008
7.784016 0.051178
7.795721 0.051178
7.807461 0.051263
7.819234 0.051348
7.831045 0.051433
7.842893 0.051433
7.854775 0.051433
7.866695 0.051518
7.87865 0.051518
7.890642 0.051518
7.90267 0.051603
7.914737 0.051518
7.926839 0.051433
7.938978 0.051433
7.951155 0.051348
7.963368 0.051178
7.97562 0.050923
7.987909 0.050753
8.000236 0.050753
8.012604 0.050583
8.025007 0.050328
8.03745 0.050158
8.04993 0.050158
8.062449 0.049903
8.075007 0.049648
8.087605 0.049223
8.100242 0.048968
8.112914 0.048798
8.12563 0.048543
8.138387 0.048203
8.151183 0.048033
8.16402 0.047608
8.176896 0.047182
8.189815 0.047012
8.202773 0.047012
8.215774 0.046927
8.228815 0.046672
8.241898 0.046332
8.255021 0.046162
8.268188 0.045992
8.281395 0.045737
8.294645 0.045482
8.307939 0.045397
8.321277 0.045312
8.334655 0.045057
8.348077 0.044802
8.361541 0.044547
8.37505 0.044292
8.388601 0.044377
8.402197 0.044292
8.415837 0.044292
8.429516 0.044377
8.443245 0.044377
8.457019 0.044462
8.470837 0.044632
8.484701 0.044887
8.49861 0.045057
8.512566 0.045057
8.526567 0.044972
8.540616 0.045057
8.554709 0.045227
8.56885 0.045397
8.583036 0.045482
8.59727 0.045482
8.611551 0.045737
8.62588 0.045822
8.640257 0.045907
8.654684 0.045992
8.669156 0.046077
8.683678 0.046162
8.698248 0.046162
8.712867 0.046162
8.727534 0.046332
8.742252 0.046587
8.75702 0.046502
8.771832 0.046587
8.786699 0.046757
8.801618 0.047012
8.816586 0.047097
8.831606 0.046927
8.846677 0.046587
8.861799 0.046162
8.876974 0.045567
8.892203 0.044717
8.907482 0.043867
8.922813 0.043272
8.938197 0.043102
8.953634 0.043612
8.969126 0.044037
8.98467 0.043527
9.000268 0.042932
9.015924 0.043017
9.031631 0.043697
9.047393 0.043952
9.06321 0.043697
9.079082 0.043187
9.095011 0.042762
9.110995 0.042677
9.127035 0.042847
9.143127 0.042592
9.159282 0.042252
9.175492 0.041827
9.191761 0.041402
9.208088 0.040976
9.224472 0.040551
9.240915 0.040041
9.257417 0.039786
9.27398 0.039531
9.290601 0.039191
9.307281 0.038936
9.32402 0.038766
9.34082 0.038511
9.35768 0.038341
9.374602 0.038086
9.391585 0.038001
9.408624 0.037916
9.42573 0.037661
9.442899 0.037406
9.460131 0.037321
9.477425 0.037321
9.494783 0.037066
9.512204 0.036556
9.52969 0.036301
9.547244 0.036301
9.564858 0.036301
9.582539 0.035961
9.600284 0.035706
9.618095 0.035961
9.635973 0.036301
9.653916 0.036386
9.671927 0.036301
9.690009 0.036301
9.708156 0.036301
9.72637 0.036471
9.744653 0.036811
9.763004 0.036811
9.781425 0.036896
9.799915 0.037321
9.818476 0.037491
9.837101 0.037576
9.855803 0.037661
9.874576 0.037831
9.89342 0.037916
9.912336 0.038001
9.931326 0.038171
9.950388 0.038426
9.969523 0.038511
9.988736 0.038681
10.008019 0.038511
10.027377 0.038171
10.04681 0.038171
10.066319 0.038171
10.085902 0.038256
10.105563 0.038171
10.1253 0.038001
10.145119 0.038001
10.165011 0.038086
10.184982 0.037916
10.205031 0.037746
10.22516 0.037831
10.245367 0.037746
10.265656 0.037491
10.286023 0.037321
10.306466 0.037406
10.326997 0.037576
10.34761 0.037661
10.368304 0.037746
10.389083 0.037916
10.409945 0.037916
10.43089 0.037916
10.45192 0.037831
10.473039 0.038001
10.49424 0.038001
10.515526 0.037916
10.536899 0.038001
10.558359 0.038171
10.579906 0.038171
10.601542 0.038341
10.623267 0.038681
10.645084 0.038681
10.666988 0.038256
10.688982 0.038086
10.711066 0.038086
10.733243 0.038001
10.755511 0.038256
10.777872 0.038511
10.800325 0.038426
10.822865 0.038426
10.845508 0.038511
10.868244 0.038851
10.891077 0.039021
10.914005 0.039021
10.937031 0.038851
10.960154 0.038851
10.983374 0.039106
11.006698 0.039361
11.030116 0.039191
11.053635 0.039276
11.077253 0.039786
11.100973 0.040891
11.124795 0.041912
11.14872 0.041912
11.172747 0.041232
11.196871 0.040041
11.221107 0.038426
11.245447 0.035196
11.269894 0.0312
11.294447 0.030435
11.319107 0.031965
11.343875 0.03273
11.368752 0.03273
11.393744 0.032305
11.418839 0.031965
11.444047 0.03154
11.469365 0.0312
11.494797 0.030945
11.52034 0.030605
11.545999 0.03018
11.571771 0.02967
11.597663 0.028905
11.623667 0.027884
11.649787 0.026609
11.676025 0.025079
11.702382 0.023634
11.728858 0.023634
11.755454 0.025674
11.782171 0.028224
11.809002 0.02984
11.835962 0.030605
11.863048 0.03103
11.890256 0.03171
11.91759 0.032305
11.94505 0.032475
11.972636 0.0329
12.000351 0.03341
12.028198 0.034005
12.056171 0.03443
12.084274 0.0346
12.112508 0.034856
12.140875 0.034941
12.169374 0.035026
12.198009 0.035111
12.226777 0.035281
12.255688 0.035111
12.28473 0.03477
12.31391 0.034515
12.343228 0.034685
12.372687 0.034685
12.402287 0.035026
12.432029 0.035706
12.461913 0.036811
12.491931 0.038256
12.522105 0.040041
12.552425 0.041912
12.582892 0.044377
12.613507 0.046842
12.644272 0.049223
12.675187 0.051603
12.706254 0.054069
12.737479 0.056789
12.768852 0.059849
12.80038 0.06274
12.832064 0.06529
12.863906 0.068096
12.895905 0.071156
12.928064 0.074047
12.960384 0.076937
12.992874 0.079403
13.025519 0.081953
13.05833 0.084418
13.091305 0.087054
13.124448 0.089604
13.157759 0.091815
13.191238 0.09394
13.22489 0.09581
13.258701 0.09717
13.292698 0.09802
13.326869 0.099126
13.361217 0.100316
13.395742 0.101336
13.430446 0.102696
13.46533 0.105077
13.500397 0.108392
13.535651 0.111708
13.571085 0.114513
13.606705 0.116723
13.642511 0.118849
13.678508 0.120804
13.714694 0.123099
13.751073 0.12565
13.787644 0.12803
13.82442 0.129901
13.861383 0.131176
13.898545 0.132026
13.935907 0.132111
13.97347 0.131686
14.011236 0.131516
14.049208 0.131431
14.087384 0.131431
14.125755 0.131601
14.16435 0.132366
14.203156 0.133471
14.242176 0.134576
14.281411 0.135766
14.320862 0.136702
14.360532 0.138317
14.400422 0.139677
14.440542 0.140782
14.48088 0.141547
14.521442 0.141802
14.562233 0.141802
14.603253 0.141717
14.644506 0.141717
14.685991 0.141547
14.727713 0.141292
14.76966 0.141037
14.811859 0.141462
14.8543 0.142142
14.896984 0.142312
14.939916 0.141802
14.983094 0.142142
15.026524 0.143758
15.070205 0.144693
15.11415 0.145203
15.158343 0.145203
15.202796 0.145118
15.24751 0.145713
15.292488 0.146223
15.337732 0.146138
15.383245 0.146053
15.429028 0.146223
15.475092 0.146478
15.521424 0.146223
15.568036 0.146393
15.614927 0.146648
15.662103 0.146308
15.709563 0.145883
15.757313 0.145288
15.805353 0.144778
15.853672 0.144863
15.902304 0.144863
15.951234 0.144863
16.000465 0.144523
16.050003 0.144438
16.099848 0.144268
16.150003 0.143758
16.200472 0.143078
16.251265 0.142653
16.30237 0.141972
16.353796 0.140272
16.405548 0.139337
16.45763 0.138487
16.510042 0.136702
16.56279 0.134491
16.615877 0.132366
16.669313 0.130666
16.723085 0.128965
16.777206 0.12684
16.831676 0.12548
16.886503 0.124715
16.941689 0.12446
16.997234 0.12548
17.053146 0.127095
17.109409 0.12905
17.166063 0.131431
17.223093 0.134576
17.280504 0.138147
17.338299 0.141717
17.396481 0.145543
17.455055 0.149284
17.514025 0.152344
17.573404 0.15532
17.633179 0.15821
17.693359 0.1611
17.753954 0.163311
17.814964 0.165351
17.876394 0.167987
17.938251 0.170452
18.000536 0.172067
18.063269 0.173682
18.126427 0.175213
18.190027 0.176233
18.254078 0.177593
18.318579 0.178783
18.383539 0.179463
18.448961 0.180058
18.514851 0.181249
18.58119 0.182014
18.648029 0.182354
18.715351 0.182354
18.783159 0.182864
18.851461 0.183629
18.920263 0.184394
18.989569 0.184734
19.059383 0.184989
19.129725 0.185159
19.200575 0.184479
19.271952 0.184309
19.343863 0.184904
19.416311 0.186009
19.489305 0.186094
19.562849 0.186264
19.636951 0.1872
19.711594 0.186349
19.786827 0.183799
19.862638 0.183034
19.939034 0.184734
20.016018 0.185981
20.093599 0.189043
20.171785 0.190085
20.250582 0.19059
20.330009 0.191189
20.410049 0.190085
20.490723 0.190621
20.572035 0.188696
20.653994 0.187338
20.73661 0.188159
20.819889 0.189832
20.903841 0.191631
20.988487 0.192957
21.073807 0.194409
21.159821 0.192073
21.246542 0.192957
21.333977 0.193746
21.422132 0.191821
21.511023 0.190274
21.600651 0.191063
21.691 0.190874
21.782139 0.190716
21.874046 0.189832
21.966734 0.188285
22.060209 0.18958
22.154484 0.190684
22.249567 0.188696
22.34547 0.187433
22.442221 0.187717
22.539797 0.18797
22.638224 0.187686
22.737514 0.188822
22.837679 0.190653
22.93873 0.188159
23.04068 0.184245
23.143541 0.18071
23.247343 0.178153
23.35206 0.177301
23.457727 0.175533
23.564352 0.174681
23.671953 0.175123
23.78054 0.170672
23.890127 0.166569
24.000731 0.166821
24.112324 0.16761
24.224998 0.165559
24.338732 0.163728
24.453537 0.162591
24.569429 0.160477
24.686426 0.159656
24.804543 0.157352
24.923796 0.156121
25.044222 0.15833
25.165796 0.162307
25.288555 0.160761
25.412519 0.156847
25.537704 0.155016
25.664127 0.150786
25.791811 0.14662
25.920769 0.145609
26.051052 0.146525
26.182623 0.146746
26.315529 0.148198
26.449793 0.151291
26.585432 0.158898
26.722471 0.170735
26.860929 0.181562
27.00083 0.191821
27.142149 0.200343
27.285002 0.20754
27.429367 0.213443
27.575268 0.215715
27.722729 0.218872
27.871777 0.220734
28.022434 0.219282
28.17473 0.216662
28.328716 0.215684
28.484369 0.212527
28.641743 0.210002
28.800863 0.208897
28.961761 0.209592
29.124468 0.209592
29.289013 0.205772
29.455427 0.204289
29.623777 0.204541
29.794029 0.200122
29.966249 0.197471
30.140471 0.197187
30.316732 0.197976
30.495066 0.196082
30.67551 0.195956
30.858103 0.197692
31.04282 0.196682
31.229824 0.195072
31.419096 0.195861
31.610676 0.195482
31.804607 0.192957
32.000931 0.19141
32.199696 0.188664
32.400944 0.187843
32.604759 0.185381
32.811115 0.184213
33.020103 0.184719
33.231773 0.184213
33.446171 0.182793
33.663353 0.183109
33.883377 0.180363
34.106293 0.176322
34.332088 0.174996
34.560966 0.174555
34.792919 0.172345
35.028008 0.172124
35.266293 0.172471
35.507843 0.170893
35.752724 0.170451
36.001007 0.170514
36.252811 0.169914
36.508114 0.166663
36.767036 0.167358
37.029659 0.170672
37.296059 0.170514
37.566319 0.170167
37.840527 0.170735
38.118767 0.170514
38.40118 0.16862
38.687756 0.170325
38.978642 0.171587
39.273933 0.167579
39.573734 0.165906
39.878147 0.169125
40.187283 0.168652
40.501244 0.167421
40.820042 0.168652
41.144012 0.16761
41.473164 0.169914
41.807625 0.172566
42.147522 0.168147
42.492992 0.164359
42.844173 0.163917
43.20121 0.165053
43.564312 0.166884
43.933502 0.161739
44.309002 0.162434
44.690975 0.16499
45.079594 0.166442
45.475029 0.169252
45.87746 0.171114
46.287083 0.170672
46.704159 0.168147
47.128742 0.165401
47.561119 0.163317
48.001499 0.162939
48.450111 0.16357
48.907188 0.164233
49.372971 0.163791
49.847713 0.164548
50.331509 0.168273
50.824955 0.166
51.328171 0.159593
51.841454 0.161739
52.365105 0.161581
52.899441 0.160287
53.444794 0.161297
54.001511 0.168147
54.570061 0.171872
55.150593 0.170609
55.74361 0.169757
56.349518 0.166032
56.968742 0.162591
57.60173 0.165653
58.24894 0.174902
58.910862 0.180078
59.588123 0.181089
60.28101 0.184466
60.9902 0.180773
61.716274 0.180426
62.459846 0.182004
63.221554 0.183614
64.002068 0.181309
64.802094 0.182509
65.622093 0.179826
66.463402 0.220229
67.326561 0.224554
68.21244 0.192263
69.121933 0.1916
70.056015 0.195577
71.015686 0.19665
72.002014 0.194156
73.016319 0.199365
74.05941 0.197723
75.132736 0.195829
76.237625 0.198607
77.375504 0.204573
78.547859 0.210286
79.756294 0.2148
81.002487 0.22348
82.28849 0.238411
83.61573 0.233644
84.986481 0.235507
86.402931 0.242482
87.867393 0.248133
89.382355 0.250658
90.95047 0.257381
92.574593 0.25656
94.25721 0.240241
96.002708 0.24728
97.814079 0.27026
99.695114 0.277804
101.649918 0.285222
103.682915 0.287463
105.798889 0.283864
108.003029 0.288978
110.301392 0.297216
112.699249 0.296553
115.203682 0.298637
117.821953 0.314135
120.562004 0.333579
123.432541 0.335505
126.443092 0.323447
129.604187 0.336704
132.926254 0.353875
136.424286 0.387808
140.11142 0.410377
144.003372 0.417069
148.117722 0.453274
152.474106 0.476253
157.094498 0.476221
162.003662 0.484712
167.230545 0.480956
172.804886 0.443962
178.763672 0.472528
185.148087 0.535185
192.005402 0.535879
199.390213 0.584205
207.365814 0.754152
216.006042 0.674702
