1.434067 0.29719
1.434464 0.296674
1.434861 0.296012
1.435259 0.295203
1.435656 0.295424
1.436054 0.29535
1.436452 0.29432
1.43685 0.294173
1.437248 0.293952
1.437647 0.293069
1.438046 0.292039
1.438445 0.292775
1.438844 0.292039
1.439243 0.290273
1.439643 0.288875
1.440043 0.288654
1.440443 0.287698
1.440843 0.286962
1.441244 0.287256
1.441645 0.286962
1.442046 0.286079
1.442447 0.285711
1.442848 0.285637
1.44325 0.285049
1.443652 0.284828
1.444054 0.283872
1.444457 0.283283
1.444859 0.283136
1.445262 0.282253
1.445665 0.281149
1.446068 0.279751
1.446472 0.279751
1.446875 0.279972
1.447279 0.279162
1.447683 0.278132
1.448088 0.278206
1.448492 0.277691
1.448897 0.276514
1.449302 0.275042
1.449708 0.275116
1.450113 0.274895
1.450519 0.27357
1.450925 0.272467
1.451331 0.273202
1.451737 0.271657
1.452144 0.270848
1.452551 0.270995
1.452958 0.270039
1.453365 0.269303
1.453773 0.268346
1.454181 0.26842
1.454589 0.267831
1.454997 0.267022
1.455405 0.266875
1.455814 0.266139
1.456223 0.265771
1.456632 0.264888
1.457042 0.264299
1.457451 0.264226
1.457861 0.263416
1.458271 0.262018
1.458682 0.261356
1.459092 0.2604
1.459503 0.260841
1.459914 0.260841
1.460325 0.259443
1.460737 0.259517
1.461148 0.259885
1.46156 0.26062
1.461972 0.260547
1.462385 0.259737
1.462797 0.25959
1.46321 0.259369
1.463623 0.25959
1.464037 0.259664
1.46445 0.259222
1.464864 0.259002
1.465278 0.258707
1.465692 0.258266
1.466107 0.258781
1.466522 0.260105
1.466937 0.260473
1.467352 0.259885
1.467767 0.259517
1.468183 0.259369
1.468599 0.259664
1.469015 0.260105
1.469431 0.260105
1.469848 0.260032
1.470265 0.260547
1.470682 0.26062
1.471099 0.260105
1.471517 0.260326
1.471935 0.26062
1.472353 0.260326
1.472771 0.260252
1.47319 0.260767
1.473608 0.261283
1.474027 0.26165
1.474447 0.262239
1.474866 0.262681
1.475286 0.262681
1.475706 0.262681
1.476126 0.262166
1.476546 0.263122
1.476967 0.264079
1.477388 0.263564
1.477809 0.26349
1.47823 0.263269
1.478652 0.263711
1.479074 0.264667
1.479496 0.264373
1.479918 0.263416
1.480341 0.263784
1.480764 0.263196
1.481187 0.264226
1.48161 0.264299
1.482034 0.263931
1.482458 0.264888
1.482882 0.265109
1.483306 0.265256
1.48373 0.265256
1.484155 0.265256
1.48458 0.265256
1.485006 0.265403
1.485431 0.265844
1.485857 0.26636
1.486283 0.266286
1.486709 0.266286
1.487135 0.26658
1.487562 0.266654
1.487989 0.266286
1.488416 0.265329
1.488844 0.265477
1.489271 0.265697
1.489699 0.265477
1.490128 0.265844
1.490556 0.265992
1.490985 0.265918
1.491414 0.26636
1.491843 0.267169
1.492272 0.266801
1.492702 0.265918
1.493132 0.266433
1.493562 0.266727
1.493993 0.266727
1.494423 0.267095
1.494854 0.266212
1.495285 0.265403
1.495717 0.266139
1.496148 0.265992
1.49658 0.266212
1.497012 0.26636
1.497445 0.266433
1.497877 0.266801
1.49831 0.266654
1.498744 0.266507
1.499177 0.267169
1.499611 0.267022
1.500045 0.266801
1.500479 0.267022
1.500913 0.267169
1.501348 0.26658
1.501783 0.266507
1.502218 0.266212
1.502653 0.266875
1.503089 0.267463
1.503525 0.268199
1.503961 0.268052
1.504398 0.267831
1.504834 0.268493
1.505271 0.268861
1.505709 0.268861
1.506146 0.268641
1.506584 0.267316
1.507022 0.267022
1.50746 0.267537
1.507898 0.267978
1.508337 0.267463
1.508776 0.267316
1.509215 0.266948
1.509655 0.266875
1.510094 0.267537
1.510534 0.267905
1.510975 0.267758
1.511415 0.267243
1.511856 0.267537
1.512297 0.267831
1.512738 0.267758
1.51318 0.26636
1.513622 0.264667
1.514064 0.265624
1.514506 0.266139
1.514948 0.265771
1.515391 0.265918
1.515834 0.266433
1.516278 0.265771
1.516721 0.265624
1.517165 0.265918
1.517609 0.265992
1.518054 0.265992
1.518499 0.266065
1.518944 0.265256
1.519389 0.26452
1.519834 0.265477
1.52028 0.265844
1.520726 0.265035
1.521172 0.26452
1.521619 0.263931
1.522065 0.263711
1.522512 0.264446
1.52296 0.265109
1.523407 0.265035
1.523855 0.264667
1.524303 0.264594
1.524751 0.264814
1.5252 0.264814
1.525649 0.264373
1.526098 0.264079
1.526547 0.264962
1.526997 0.264667
1.527447 0.264962
1.527897 0.264594
1.528347 0.264667
1.528798 0.264962
1.529249 0.265182
1.5297 0.265182
1.530152 0.264962
1.530604 0.264741
1.531055 0.265918
1.531508 0.267243
1.53196 0.266654
1.532413 0.266433
1.532866 0.266948
1.53332 0.26761
1.533773 0.268052
1.534227 0.268199
1.534682 0.268493
1.535136 0.268125
1.535591 0.269008
1.536046 0.269376
1.536501 0.269303
1.536956 0.269891
1.537412 0.270995
1.537868 0.27232
1.538324 0.272467
1.538781 0.272025
1.539238 0.272687
1.539695 0.272908
1.540153 0.273644
1.54061 0.274527
1.541068 0.275263
1.541527 0.27541
1.541985 0.275999
1.542444 0.277544
1.542903 0.278059
1.543363 0.278647
1.543822 0.279236
1.544282 0.279678
1.544742 0.280413
1.545203 0.281002
1.545663 0.281664
1.546124 0.281959
1.546586 0.282768
1.547047 0.283724
1.547509 0.284828
1.547971 0.284828
1.548433 0.285711
1.548896 0.286594
1.549359 0.287183
1.549822 0.28836
1.550285 0.28939
1.550749 0.289537
1.551213 0.290052
1.551677 0.291598
1.552142 0.292996
1.552607 0.293069
1.553072 0.293584
1.553537 0.294761
1.554003 0.295644
1.554469 0.296969
1.554935 0.297705
1.555402 0.297852
1.555868 0.298514
1.556336 0.298955
1.556803 0.300206
1.557271 0.301604
1.557738 0.302855
1.558207 0.303297
1.558675 0.304106
1.559144 0.304695
1.559613 0.304842
1.560082 0.305725
1.560552 0.30727
1.561022 0.308594
1.561492 0.309404
1.561963 0.31014
1.562433 0.31117
1.562905 0.311685
1.563376 0.311979
1.563848 0.313009
1.564319 0.313892
1.564792 0.314996
1.565264 0.315585
1.565737 0.315511
1.56621 0.315437
1.566683 0.316983
1.567156 0.319264
1.56763 0.320367
1.568105 0.32125
1.568579 0.321692
1.569054 0.322501
1.569529 0.323605
1.570004 0.324414
1.57048 0.324341
1.570956 0.325444
1.571432 0.326622
1.571908 0.327063
1.572385 0.32802
1.572862 0.32927
1.57334 0.330374
1.573817 0.331551
1.574295 0.332066
1.574773 0.332434
1.575252 0.333023
1.575731 0.334347
1.57621 0.33523
1.576689 0.336261
1.577169 0.337291
1.577649 0.338321
1.578129 0.338762
1.57861 0.339572
1.57909 0.340602
1.579572 0.341264
1.580053 0.341853
1.580535 0.342883
1.581017 0.343324
1.581499 0.343692
1.581982 0.345017
1.582465 0.346415
1.582948 0.347224
1.583431 0.347371
1.583915 0.348107
1.584399 0.348254
1.584884 0.349284
1.585368 0.350756
1.585853 0.351418
1.586339 0.351859
1.586824 0.353037
1.58731 0.353552
1.587796 0.353699
1.588283 0.354876
1.588769 0.356421
1.589256 0.357084
1.589744 0.357746
1.590231 0.358776
1.590719 0.359512
1.591208 0.360027
1.591696 0.360983
1.592185 0.361351
1.592674 0.361057
1.593163 0.361866
1.593653 0.363706
1.594143 0.364295
1.594634 0.364515
1.595124 0.365766
1.595615 0.366502
1.596107 0.366943
1.596598 0.367826
1.59709 0.368783
1.597582 0.369372
1.598075 0.369887
1.598568 0.370549
1.599061 0.371505
1.599554 0.372388
1.600048 0.37283
1.600542 0.373418
1.601036 0.373934
1.60153 0.374522
1.602025 0.375552
1.602521 0.376509
1.603016 0.377245
1.603512 0.377539
1.604008 0.378275
1.604505 0.378937
1.605001 0.379452
1.605498 0.380261
1.605996 0.380776
1.606493 0.381365
1.606991 0.382027
1.60749 0.382763
1.607988 0.383278
1.608487 0.383867
1.608986 0.384603
1.609486 0.385706
1.609986 0.386369
1.610486 0.386663
1.610986 0.387104
1.611487 0.388134
1.611988 0.388944
1.61249 0.389165
1.612991 0.390048
1.613493 0.390342
1.613996 0.390342
1.614498 0.391372
1.615001 0.392402
1.615505 0.392917
1.616008 0.393432
1.616512 0.394021
1.617016 0.394609
1.617521 0.394609
1.618026 0.395125
1.618531 0.395419
1.619036 0.395713
1.619542 0.397038
1.620048 0.398215
1.620554 0.398215
1.621061 0.398509
1.621568 0.399098
1.622076 0.399687
1.622583 0.400349
1.623091 0.400569
1.6236 0.401232
1.624108 0.402335
1.624617 0.402188
1.625127 0.402777
1.625636 0.403881
1.626146 0.404837
1.626656 0.404911
1.627167 0.404984
1.627678 0.405279
1.628189 0.405941
1.628701 0.407045
1.629212 0.407486
1.629725 0.407339
1.630237 0.408001
1.63075 0.408884
1.631263 0.409399
1.631777 0.40962
1.63229 0.410135
1.632804 0.41065
1.633319 0.411091
1.633834 0.410944
1.634349 0.411239
1.634864 0.411901
1.63538 0.412269
1.635896 0.412857
1.636412 0.413225
1.636929 0.413152
1.637446 0.41352
1.637964 0.414182
1.638481 0.414918
1.638999 0.415285
1.639518 0.415653
1.640036 0.41661
1.640555 0.417346
1.641075 0.417714
1.641594 0.417787
1.642114 0.417934
1.642634 0.418817
1.643155 0.419406
1.643676 0.419406
1.644197 0.4197
1.644719 0.420362
1.645241 0.420878
1.645763 0.420951
1.646286 0.420951
1.646809 0.421466
1.647332 0.421834
1.647856 0.422128
1.64838 0.422423
1.648904 0.422423
1.649429 0.422717
1.649953 0.423159
1.650479 0.423453
1.651004 0.423747
1.651531 0.423968
1.652057 0.424924
1.652583 0.42544
1.65311 0.425513
1.653638 0.425734
1.654165 0.426396
1.654693 0.426911
1.655222 0.427058
1.65575 0.427205
1.656279 0.427647
1.656809 0.428309
1.657338 0.428677
1.657868 0.42853
1.658399 0.428824
1.658929 0.429266
1.65946 0.429707
1.659992 0.429854
1.660523 0.430369
1.661055 0.430884
1.661588 0.430664
1.662121 0.430884
1.662654 0.431694
1.663187 0.431988
1.663721 0.432209
1.664255 0.43243
1.664789 0.43243
1.665324 0.432503
1.665859 0.432724
1.666395 0.43368
1.666931 0.434343
1.667467 0.433901
1.668003 0.434269
1.66854 0.434343
1.669077 0.434563
1.669615 0.435005
1.670153 0.435299
1.670691 0.435299
1.671229 0.435079
1.671769 0.435226
1.672308 0.435888
1.672847 0.435961
1.673387 0.435888
1.673928 0.435814
1.674468 0.436182
1.675009 0.436624
1.675551 0.436476
1.676093 0.436476
1.676635 0.436476
1.677177 0.436476
1.67772 0.436992
1.678263 0.437286
1.678806 0.437654
1.67935 0.437654
1.679894 0.437359
1.680439 0.437139
1.680984 0.43758
1.681529 0.437359
1.682074 0.436844
1.682621 0.436918
1.683167 0.437359
1.683714 0.437654
1.68426 0.437801
1.684808 0.438169
1.685356 0.438316
1.685904 0.438095
1.686452 0.437801
1.687001 0.437433
1.68755 0.437139
1.6881 0.437507
1.68865 0.437507
1.6892 0.437065
1.689751 0.436992
1.690302 0.436697
1.690853 0.43655
1.691405 0.43655
1.691957 0.436992
1.692509 0.436771
1.693061 0.436256
1.693615 0.436182
1.694168 0.435961
1.694722 0.43552
1.695276 0.435373
1.695831 0.434931
1.696385 0.43449
1.696941 0.434931
1.697497 0.434711
1.698053 0.433975
1.698609 0.433533
1.699166 0.433386
1.699723 0.43346
1.70028 0.433018
1.700838 0.432135
1.701396 0.431473
1.701955 0.431032
1.702514 0.430443
1.703073 0.430001
1.703633 0.430075
1.704193 0.429707
1.704753 0.428751
1.705314 0.428236
1.705875 0.427647
1.706436 0.426911
1.706998 0.426175
1.707561 0.425807
1.708123 0.425366
1.708686 0.424704
1.70925 0.423968
1.709813 0.423232
1.710377 0.422496
1.710942 0.421834
1.711507 0.421098
1.712072 0.420436
1.712638 0.419847
1.713204 0.419332
1.71377 0.418597
1.714337 0.41764
1.714904 0.416316
1.715471 0.415433
1.716039 0.414623
1.716607 0.413814
1.717176 0.41271
1.717745 0.41168
1.718314 0.410797
1.718884 0.409841
1.719454 0.40881
1.720024 0.407854
1.720595 0.406897
1.721167 0.405867
1.721738 0.404543
1.72231 0.403586
1.722883 0.40263
1.723455 0.401011
1.724029 0.39976
1.724602 0.39873
1.725176 0.397553
1.72575 0.396228
1.726325 0.394904
1.7269 0.393726
1.727476 0.39277
1.728051 0.391519
1.728628 0.3899
1.729204 0.388576
1.729781 0.387031
1.730358 0.385338
1.730936 0.384014
1.731514 0.383131
1.732093 0.38188
1.732672 0.380188
1.733251 0.378495
1.733831 0.377318
1.734411 0.376141
1.734991 0.374596
1.735572 0.372683
1.736153 0.370917
1.736735 0.369372
1.737317 0.367606
1.7379 0.36584
1.738482 0.364515
1.739066 0.36297
1.739649 0.361204
1.740233 0.359733
1.740817 0.358261
1.741402 0.356495
1.741987 0.354876
1.742573 0.353405
1.743159 0.351933
1.743745 0.350535
1.744332 0.349137
1.744919 0.347665
1.745506 0.346267
1.746094 0.344722
1.746683 0.343251
1.747271 0.341853
1.74786 0.340234
1.74845 0.338909
1.74904 0.3381
1.74963 0.337217
1.750221 0.335598
1.750812 0.334053
1.751403 0.333097
1.751995 0.331919
1.752588 0.330889
1.75318 0.330301
1.753773 0.329859
1.754367 0.328903
1.754961 0.327725
1.755555 0.326622
1.75615 0.326254
1.756745 0.325812
1.75734 0.325371
1.757936 0.324782
1.758533 0.324193
1.759129 0.323678
1.759726 0.32331
1.760324 0.322869
1.760922 0.322869
1.76152 0.322428
1.762119 0.32228
1.762718 0.321912
1.763318 0.321545
1.763918 0.321324
1.764518 0.321324
1.765119 0.321692
1.76572 0.321986
1.766322 0.321765
1.766924 0.321765
1.767526 0.32228
1.768129 0.322722
1.768732 0.322354
1.769336 0.322428
1.76994 0.322795
1.770545 0.323163
1.771149 0.323752
1.771755 0.323899
1.77236 0.323752
1.772967 0.324341
1.773573 0.324708
1.77418 0.324929
1.774787 0.325076
1.775395 0.325224
1.776004 0.325444
1.776612 0.326254
1.777221 0.326916
1.777831 0.327284
1.778441 0.327357
1.779051 0.327799
1.779662 0.327946
1.780273 0.328093
1.780884 0.328682
1.781496 0.32927
1.782109 0.329491
1.782721 0.329712
1.783335 0.329933
1.783948 0.330521
1.784562 0.330889
1.785177 0.330963
1.785792 0.331331
1.786407 0.331993
1.787023 0.332214
1.787639 0.332802
1.788256 0.333317
1.788873 0.333465
1.789491 0.333465
1.790108 0.333538
1.790727 0.333612
1.791346 0.333832
1.791965 0.334053
1.792585 0.334568
1.793205 0.335157
1.793825 0.335893
1.794446 0.336261
1.795067 0.336261
1.795689 0.336261
1.796311 0.336776
1.796934 0.337291
1.797557 0.337806
1.79818 0.338394
1.798804 0.338615
1.799429 0.338762
1.800053 0.339351
1.800679 0.339572
1.801304 0.339866
1.801931 0.340307
1.802557 0.340749
1.803184 0.34119
1.803812 0.341779
1.804439 0.342368
1.805068 0.343103
1.805696 0.343471
1.806326 0.344134
1.806955 0.344575
1.807585 0.344943
1.808216 0.345532
1.808847 0.346194
1.809478 0.346488
1.81011 0.347077
1.810742 0.347739
1.811375 0.348475
1.812008 0.349063
1.812641 0.349578
1.813275 0.350314
1.81391 0.351271
1.814545 0.351859
1.81518 0.352007
1.815816 0.352448
1.816452 0.353184
1.817089 0.353846
1.817726 0.354803
1.818363 0.355833
1.819001 0.356642
1.81964 0.35701
1.820279 0.357157
1.820918 0.357525
1.821558 0.358555
1.822199 0.359806
1.822839 0.360763
1.82348 0.361572
1.824122 0.362381
1.824764 0.363338
1.825406 0.363485
1.826049 0.363044
1.826693 0.364147
1.827337 0.365766
1.827981 0.366281
1.828626 0.36687
1.829271 0.367974
1.829917 0.368636
1.830563 0.369004
1.83121 0.369666
1.831857 0.370843
1.832504 0.371653
1.833152 0.372683
1.833801 0.373639
1.83445 0.373934
1.835099 0.374301
1.835749 0.374743
1.836399 0.375184
1.83705 0.375994
1.837701 0.376582
1.838353 0.378128
1.839005 0.379011
1.839658 0.378716
1.840311 0.379599
1.840964 0.380776
1.841618 0.380556
1.842272 0.381292
1.842927 0.383131
1.843583 0.384308
1.844238 0.384897
1.844895 0.385412
1.845551 0.385633
1.846209 0.385412
1.846867 0.38475
1.847525 0.385044
1.848184 0.385927
1.848843 0.387104
1.849502 0.387987
1.850162 0.388576
1.850823 0.389091
1.851484 0.389459
1.852145 0.389385
1.852807 0.389091
1.853469 0.388576
1.854132 0.389017
1.854796 0.389974
1.855459 0.390121
1.856124 0.389532
1.856789 0.389385
1.857454 0.390048
1.85812 0.390195
1.858786 0.389606
1.859453 0.388502
1.86012 0.388429
1.860788 0.389165
1.861456 0.389238
1.862124 0.388944
1.862794 0.388723
1.863463 0.388282
1.864133 0.387472
1.864804 0.387104
1.865475 0.386957
1.866146 0.386442
1.866818 0.385265
1.867491 0.383425
1.868164 0.382322
1.868837 0.382322
1.869511 0.381733
1.870185 0.380114
1.87086 0.378422
1.871536 0.378275
1.872212 0.377392
1.872888 0.375258
1.873565 0.374375
1.874242 0.374375
1.87492 0.373271
1.875599 0.371726
1.876277 0.370034
1.876957 0.3679
1.877637 0.366649
1.878317 0.365766
1.878998 0.364074
1.879679 0.36194
1.880361 0.360174
1.881043 0.358261
1.881726 0.356054
1.882409 0.353773
1.883093 0.351344
1.883777 0.348769
1.884462 0.346341
1.885147 0.343913
1.885833 0.341264
1.886519 0.338321
1.887206 0.335525
1.887893 0.332655
1.888581 0.329491
1.889269 0.32618
1.889958 0.322428
1.890647 0.318822
1.891337 0.315511
1.892027 0.312053
1.892718 0.308447
1.893409 0.304621
1.894101 0.300501
1.894793 0.296601
1.895486 0.292775
1.896179 0.288654
1.896873 0.284387
1.897568 0.280193
1.898262 0.275631
1.898958 0.270921
1.899654 0.266654
1.90035 0.263048
1.901047 0.259222
1.901744 0.255249
1.902442 0.250834
1.90314 0.246787
1.903839 0.243403
1.904539 0.23965
1.905239 0.235382
1.905939 0.232145
1.90664 0.229055
1.907342 0.226185
1.908044 0.22361
1.908746 0.220887
1.909449 0.217944
1.910153 0.215295
1.910857 0.21272
1.911561 0.210218
1.912266 0.20779
1.912972 0.205141
1.913678 0.202492
1.914385 0.2008
1.915092 0.198813
1.9158 0.196679
1.916508 0.194472
1.917217 0.192338
1.917926 0.190278
1.918636 0.188291
1.919346 0.186157
1.920057 0.183803
1.920768 0.181743
1.92148 0.180271
1.922193 0.178652
1.922906 0.176666
1.92362 0.174385
1.924333 0.172324
1.925048 0.170558
1.925763 0.168792
1.926479 0.166953
1.927195 0.165187
1.927912 0.163274
1.928629 0.161214
1.929346 0.159227
1.930065 0.157535
1.930784 0.155695
1.931503 0.153929
1.932223 0.151869
1.932943 0.150103
1.933664 0.148337
1.934386 0.146645
1.935108 0.144879
1.93583 0.143039
1.936554 0.141126
1.937277 0.139287
1.938002 0.137447
1.938726 0.135534
1.939452 0.133842
1.940177 0.13215
1.940904 0.13031
1.941631 0.128765
1.942358 0.126999
1.943086 0.12516
1.943815 0.123099
1.944544 0.121333
1.945274 0.119641
1.946004 0.118022
1.946735 0.116477
1.947466 0.114785
1.948198 0.112872
1.94893 0.111106
1.949663 0.10934
1.950397 0.107721
1.951131 0.106029
1.951865 0.104484
1.952601 0.102865
1.953336 0.101246
1.954073 0.099627
1.954809 0.09845
1.955547 0.096905
1.956285 0.095433
1.957023 0.093814
1.957762 0.092343
1.958502 0.091018
1.959242 0.089841
1.959983 0.088517
1.960724 0.087119
1.961466 0.085647
1.962208 0.084323
1.962951 0.083293
1.963695 0.082262
1.964439 0.080938
1.965183 0.079834
1.965929 0.078731
1.966674 0.077774
1.967421 0.076744
1.968168 0.075935
1.968915 0.075125
1.969663 0.073948
1.970412 0.072844
1.971161 0.071888
1.971911 0.070931
1.972661 0.069975
1.973413 0.069165
1.974164 0.068577
1.974916 0.067767
1.975669 0.067105
1.976422 0.066296
1.977176 0.065633
1.97793 0.065045
1.978685 0.064456
1.97944 0.063867
1.980196 0.063647
1.980953 0.063352
1.98171 0.0635
1.982468 0.0635
1.983226 0.063647
1.983986 0.063941
1.984745 0.064382
1.985505 0.064898
1.986266 0.065781
1.987027 0.066737
1.987789 0.067914
1.988552 0.068944
1.989315 0.070563
1.990078 0.072108
1.990842 0.073727
1.991607 0.07564
1.992373 0.077553
1.993139 0.079614
1.993905 0.082042
1.994673 0.084396
1.99544 0.086898
1.996209 0.0894
1.996978 0.091975
1.997747 0.094697
1.998517 0.097493
1.999288 0.100216
2.000059 0.103306
2.000831 0.106544
2.001604 0.109781
2.002377 0.112798
2.003151 0.115815
2.003925 0.118758
2.0047 0.121775
2.005476 0.124939
2.006252 0.128029
2.007029 0.130972
2.007806 0.13421
2.008584 0.137521
2.009362 0.140538
2.010141 0.143555
2.010921 0.146645
2.011701 0.149588
2.012482 0.152752
2.013264 0.155622
2.014046 0.158491
2.014829 0.161435
2.015612 0.164378
2.016396 0.167174
2.01718 0.170043
2.017966 0.172987
2.018752 0.176003
2.019538 0.178799
2.020325 0.18189
2.021113 0.184759
2.021901 0.187482
2.02269 0.190131
2.023479 0.193147
2.02427 0.196017
2.02506 0.198887
2.025852 0.201683
2.026644 0.204184
2.027436 0.206465
2.028229 0.209114
2.029023 0.211837
2.029818 0.214338
2.030613 0.21684
2.031409 0.219489
2.032204 0.222064
2.033001 0.22464
2.033799 0.226921
2.034597 0.228981
2.035396 0.231188
2.036195 0.23369
2.036996 0.235971
2.037796 0.237958
2.038598 0.240092
2.0394 0.242225
2.040203 0.244506
2.041006 0.24664
2.04181 0.248627
2.042614 0.250613
2.043419 0.252453
2.044225 0.25444
2.045032 0.2565
2.045839 0.258707
2.046646 0.26062
2.047455 0.262239
2.048264 0.264079
2.049073 0.265992
2.049883 0.267758
2.050694 0.269597
2.051505 0.271363
2.052317 0.272835
2.05313 0.274527
2.053944 0.276219
2.054758 0.277544
2.055573 0.278942
2.056388 0.280487
2.057204 0.282106
2.058021 0.28343
2.058838 0.284607
2.059656 0.285637
2.060475 0.286741
2.061294 0.287698
2.062114 0.28836
2.062935 0.289317
2.063756 0.290567
2.064577 0.29145
2.0654 0.292333
2.066223 0.292922
2.067047 0.293437
2.067871 0.294173
2.068696 0.295056
2.069522 0.295497
2.070349 0.295571
2.071176 0.295718
2.072004 0.296233
2.072833 0.296822
2.073662 0.297116
2.074492 0.297484
2.075322 0.29822
2.076153 0.298514
2.076985 0.298588
2.077817 0.298588
2.07865 0.298588
2.079484 0.298808
2.080319 0.299176
2.081154 0.29925
2.08199 0.299323
2.082826 0.299323
2.083663 0.29925
2.084501 0.299471
2.08534 0.299912
2.086179 0.299912
2.087018 0.299765
2.087859 0.299544
2.0887 0.299618
2.089542 0.299618
2.090385 0.299765
2.091228 0.299691
2.092072 0.299544
2.092917 0.299544
2.093762 0.299397
2.094608 0.29925
2.095454 0.299176
2.096302 0.299029
2.09715 0.298882
2.097999 0.298808
2.098848 0.298588
2.099698 0.298514
2.100549 0.298514
2.1014 0.298146
2.102252 0.298146
2.103105 0.298073
2.103959 0.297852
2.104813 0.297778
2.105668 0.297484
2.106524 0.297116
2.10738 0.297116
2.108237 0.29719
2.109094 0.29719
2.109953 0.29719
2.110812 0.297042
2.111672 0.296822
2.112532 0.296822
2.113394 0.296674
2.114255 0.296748
2.115118 0.296674
2.115981 0.29638
2.116845 0.296159
2.11771 0.296086
2.118576 0.296159
2.119442 0.296307
2.120309 0.296159
2.121176 0.296012
2.122045 0.295792
2.122913 0.295792
2.123783 0.295865
2.124654 0.295939
2.125525 0.295792
2.126396 0.295939
2.127269 0.295939
2.128142 0.295644
2.129016 0.295424
2.129891 0.295497
2.130766 0.295571
2.131642 0.295497
2.132519 0.295203
2.133397 0.295056
2.134275 0.294761
2.135154 0.294614
2.136034 0.294761
2.136914 0.294761
2.137795 0.294541
2.138677 0.29432
2.13956 0.29432
2.140444 0.294173
2.141328 0.293658
2.142213 0.293511
2.143099 0.293437
2.143985 0.293143
2.144872 0.292922
2.14576 0.292701
2.146648 0.292333
2.147537 0.292039
2.148427 0.291818
2.149318 0.291524
2.150209 0.291009
2.151101 0.29042
2.151994 0.289832
2.152888 0.289464
2.153783 0.289022
2.154678 0.288507
2.155574 0.288286
2.15647 0.287992
2.157368 0.287183
2.158266 0.286594
2.159165 0.286005
2.160064 0.285417
2.160964 0.284975
2.161865 0.28446
2.162767 0.283651
2.16367 0.282841
2.164573 0.282179
2.165478 0.281738
2.166383 0.281149
2.167288 0.280561
2.168195 0.279751
2.169102 0.279015
2.17001 0.278353
2.170919 0.27747
2.171828 0.276661
2.172739 0.275999
2.17365 0.275116
2.174561 0.274159
2.175474 0.273423
2.176387 0.272908
2.177301 0.271952
2.178216 0.270995
2.179132 0.270333
2.180048 0.269597
2.180965 0.268788
2.181883 0.267978
2.182801 0.267022
2.183721 0.266139
2.184641 0.265035
2.185562 0.264226
2.186484 0.263343
2.187407 0.262533
2.18833 0.261724
2.189254 0.260841
2.190179 0.259811
2.191105 0.259075
2.192032 0.258413
2.192959 0.257604
2.193887 0.256573
2.194816 0.25569
2.195745 0.254955
2.196676 0.254072
2.197607 0.253189
2.198539 0.252306
2.199472 0.251496
2.200405 0.250834
2.201339 0.249878
2.202275 0.249068
2.203211 0.248259
2.204147 0.24745
2.205085 0.246714
2.206023 0.245904
2.206962 0.245021
2.207902 0.244212
2.208843 0.243329
2.209784 0.242446
2.210727 0.241563
2.21167 0.240901
2.212614 0.240018
2.213559 0.239356
2.214504 0.238546
2.215451 0.237958
2.216398 0.237222
2.217346 0.236413
2.218295 0.23575
2.219244 0.234941
2.220195 0.234058
2.221146 0.233396
2.222098 0.232734
2.223051 0.231998
2.224005 0.231188
2.224959 0.2306
2.225914 0.230085
2.226871 0.229422
2.227827 0.228613
2.228785 0.228098
2.229744 0.227509
2.230703 0.226847
2.231663 0.226258
2.232625 0.225596
2.233587 0.225008
2.234549 0.224419
2.235513 0.22383
2.236477 0.223315
2.237442 0.222727
2.238408 0.222506
2.239375 0.222064
2.240343 0.221549
2.241312 0.220887
2.242281 0.220372
2.243252 0.220078
2.244223 0.219783
2.245195 0.219121
2.246168 0.218533
2.247141 0.218091
2.248116 0.218018
2.249091 0.21787
2.250067 0.217723
2.251044 0.217208
2.252022 0.216693
2.253 0.216252
2.25398 0.216178
2.254961 0.216031
2.255942 0.215737
2.256924 0.215516
2.257907 0.215295
2.258891 0.215221
2.259876 0.215221
2.260861 0.215074
2.261847 0.214854
2.262835 0.214633
2.263823 0.21478
2.264812 0.214414
2.265802 0.214048
2.266792 0.214048
2.267784 0.214195
2.268776 0.214048
2.26977 0.213829
2.270764 0.214048
2.271759 0.214414
2.272755 0.214487
2.273752 0.214341
2.27475 0.214414
2.275748 0.214707
2.276747 0.214487
2.277748 0.214707
2.278749 0.215219
2.279751 0.215878
2.280754 0.216097
2.281758 0.216244
2.282763 0.216536
2.283768 0.216683
2.284775 0.216902
2.285782 0.217488
2.286791 0.218
2.2878 0.218073
2.28881 0.218293
2.289821 0.218878
2.290832 0.219171
2.291845 0.219537
2.292859 0.220122
2.293873 0.220415
2.294889 0.220634
2.295905 0.221366
2.296922 0.222098
2.29794 0.222757
2.29896 0.222976
2.299979 0.223415
2.301001 0.223635
2.302022 0.224001
2.303045 0.22444
2.304068 0.224806
2.305093 0.225391
2.306118 0.225684
2.307145 0.22583
2.308172 0.226562
2.309201 0.227367
2.31023 0.228172
2.31126 0.228538
2.31229 0.228464
2.313322 0.228977
2.314355 0.229562
2.315388 0.229782
2.316423 0.230294
2.317458 0.230806
2.318495 0.230953
2.319532 0.231392
2.32057 0.231831
2.321609 0.231904
2.32265 0.23227
2.323691 0.232197
2.324733 0.23227
2.325776 0.232562
2.32682 0.232489
2.327865 0.232636
2.32891 0.233075
2.329957 0.232928
2.331005 0.232709
2.332053 0.232855
2.333103 0.232855
2.334153 0.232636
2.335205 0.232562
2.336257 0.232489
2.33731 0.232343
2.338365 0.231904
2.33942 0.231538
2.340476 0.231099
2.341533 0.230513
2.342591 0.230001
2.34365 0.229635
2.34471 0.229269
2.345771 0.228464
2.346833 0.227659
2.347896 0.226855
2.34896 0.226415
2.350024 0.225976
2.35109 0.224586
2.352157 0.223049
2.353225 0.222171
2.354293 0.221293
2.355363 0.220488
2.356434 0.219537
2.357505 0.217927
2.358577 0.216829
2.359651 0.215658
2.360726 0.214341
2.361801 0.212804
2.362878 0.211267
2.363955 0.209731
2.365033 0.208194
2.366114 0.206511
2.367194 0.204755
2.368275 0.203071
2.369358 0.201388
2.370441 0.199486
2.371525 0.197802
2.372611 0.196119
2.373697 0.193997
2.374785 0.191948
2.375873 0.190046
2.376962 0.188509
2.378052 0.186752
2.379144 0.184264
2.380236 0.182289
2.38133 0.180459
2.382424 0.178264
2.383519 0.175702
2.384615 0.173653
2.385713 0.171751
2.386811 0.169629
2.387911 0.167506
2.389011 0.165092
2.390113 0.16275
2.391215 0.160701
2.392318 0.158505
2.393423 0.156164
2.394528 0.154115
2.395635 0.151993
2.396743 0.149504
2.397851 0.147236
2.398961 0.144967
2.400071 0.142918
2.401183 0.141162
2.402296 0.139259
2.40341 0.137284
2.404524 0.134796
2.40564 0.132307
2.406757 0.130112
2.407875 0.12799
2.408994 0.126234
2.410113 0.124258
2.411234 0.121989
2.412356 0.119721
2.413479 0.117964
2.414603 0.116135
2.415729 0.114305
2.416855 0.112476
2.417982 0.110646
2.419111 0.108671
2.42024 0.106914
2.421371 0.105304
2.422502 0.103768
2.423635 0.102304
2.424768 0.100767
2.425903 0.099231
2.427038 0.097694
2.428176 0.096084
2.429314 0.094474
2.430453 0.093157
2.431592 0.092205
2.432734 0.091327
2.433876 0.089864
2.435019 0.088546
2.436163 0.087815
2.437308 0.086863
2.438454 0.085839
2.439602 0.085034
2.44075 0.084595
2.4419 0.084083
2.443051 0.083424
2.444203 0.082546
2.445355 0.081741
2.44651 0.081155
2.447665 0.080716
2.448821 0.080497
2.449978 0.080131
2.451137 0.080058
2.452296 0.079765
2.453457 0.079692
2.454618 0.079765
2.455781 0.079545
2.456945 0.079399
2.45811 0.079619
2.459276 0.079692
2.460443 0.079765
2.461612 0.080131
2.462781 0.079985
2.463952 0.079911
2.465123 0.080204
2.466296 0.080424
2.46747 0.08057
2.468645 0.080936
2.469821 0.081375
2.470998 0.081887
2.472176 0.082326
2.473356 0.082619
2.474536 0.082912
2.475718 0.083643
2.476901 0.084229
2.478085 0.084741
2.47927 0.085253
2.480456 0.085619
2.481644 0.086132
2.482832 0.086937
2.484022 0.087522
2.485213 0.088107
2.486404 0.088546
2.487597 0.089205
2.488792 0.089864
2.489987 0.090376
2.491184 0.090815
2.492381 0.091474
2.493581 0.091913
2.494781 0.092498
2.495982 0.09301
2.497184 0.093303
2.498387 0.093888
2.499592 0.094401
2.500798 0.09484
2.502005 0.095059
2.503213 0.095059
2.504422 0.095206
2.505633 0.095352
2.506844 0.095572
2.508057 0.095498
2.509271 0.095498
2.510486 0.095425
2.511703 0.095572
2.51292 0.095718
2.514138 0.095498
2.515358 0.095352
2.516579 0.095498
2.517802 0.095572
2.519025 0.095572
2.52025 0.095498
2.521476 0.095059
2.522703 0.094693
2.523931 0.094401
2.52516 0.094401
2.526391 0.094254
2.527622 0.094108
2.528856 0.093962
2.53009 0.093523
2.531325 0.09323
2.532562 0.093084
2.5338 0.093157
2.535039 0.09301
2.536279 0.092644
2.53752 0.092425
2.538763 0.092425
2.540007 0.092571
2.541252 0.092279
2.542498 0.091474
2.543746 0.091254
2.544994 0.091547
2.546244 0.091693
2.547495 0.091327
2.548748 0.091474
2.550002 0.091474
2.551256 0.091181
2.552513 0.091035
2.553771 0.09162
2.555029 0.092205
2.556289 0.092425
2.55755 0.092571
2.558813 0.092132
2.560076 0.090888
2.561341 0.090083
2.562607 0.090303
2.563875 0.090742
2.565143 0.092205
2.566413 0.093888
2.567684 0.093962
2.568957 0.092644
2.57023 0.093303
2.571505 0.094767
2.572781 0.093303
2.574058 0.093742
2.575337 0.095133
2.576617 0.094913
2.577898 0.096011
2.579181 0.096962
2.580465 0.096377
2.58175 0.096523
2.583036 0.095279
2.584324 0.095425
2.585613 0.097547
2.586903 0.097108
2.588195 0.097767
2.589488 0.099231
2.590782 0.100475
2.592077 0.100401
2.593373 0.095938
2.594671 0.09162
2.595971 0.096011
2.597271 0.101572
2.598573 0.103621
2.599876 0.103694
2.601181 0.103182
2.602487 0.102743
2.603794 0.101645
2.605102 0.099816
2.606412 0.10128
2.607723 0.103694
2.609035 0.104573
2.610349 0.105451
2.611664 0.106475
2.612981 0.106329
2.614299 0.106768
2.615618 0.104792
2.616938 0.103182
2.61826 0.105231
2.619583 0.10406
2.620907 0.104499
2.622233 0.108012
2.62356 0.109037
2.624888 0.107939
2.626217 0.105231
2.627548 0.106036
2.628881 0.105451
2.630215 0.102743
2.63155 0.105085
2.632886 0.106768
2.634224 0.106768
2.635564 0.108012
2.636904 0.108524
2.638246 0.108232
2.63959 0.107427
2.640934 0.106768
2.64228 0.106256
2.643628 0.105817
2.644976 0.104499
2.646327 0.104134
2.647678 0.104426
2.649031 0.104134
2.650386 0.103182
2.651741 0.10106
2.653098 0.099816
2.654457 0.099743
2.655817 0.099157
2.657177 0.099084
2.65854 0.097182
2.659904 0.095498
2.66127 0.094693
2.662637 0.093669
2.664005 0.090083
2.665375 0.086278
2.666745 0.085107
2.668118 0.086205
2.669492 0.082912
2.670867 0.081009
2.672244 0.084229
2.673622 0.084083
2.675002 0.081082
2.676383 0.077716
2.677765 0.076838
2.67915 0.07596
2.680535 0.07596
2.681922 0.074862
2.68331 0.072959
2.6847 0.071349
2.68609 0.069593
2.687483 0.06813
2.688877 0.067032
2.690272 0.065495
2.691669 0.06308
2.693067 0.059641
2.694467 0.057519
2.695868 0.056714
2.69727 0.056128
2.698674 0.054738
2.70008 0.052542
2.701487 0.050347
2.702896 0.048957
2.704306 0.047347
2.705717 0.04559
2.70713 0.043761
2.708544 0.041566
2.70996 0.039224
2.711378 0.037541
2.712797 0.037029
2.714217 0.035858
2.715639 0.03454
2.717062 0.033077
2.718487 0.031028
2.719913 0.028686
2.721341 0.027808
2.72277 0.027003
2.7242 0.025174
2.725633 0.024515
2.727067 0.024222
2.728502 0.023344
2.729939 0.022466
2.731377 0.021588
2.732817 0.020417
2.734258 0.019246
2.735701 0.018441
2.737146 0.017709
2.738592 0.016465
2.740039 0.015587
2.741488 0.015514
2.742939 0.015441
2.744391 0.015148
2.745844 0.014416
2.747299 0.013611
2.748756 0.013392
2.750214 0.013099
2.751674 0.012514
2.753135 0.012148
2.754598 0.011489
2.756062 0.01105
2.757528 0.010904
2.758996 0.010757
2.760465 0.010684
2.761936 0.010245
2.763408 0.009952
2.764882 0.009879
2.766357 0.00966
2.767834 0.00944
2.769313 0.009586
2.770793 0.009586
2.772275 0.00944
2.773758 0.009074
2.775243 0.008928
2.77673 0.008855
2.778218 0.008855
2.779707 0.008708
2.781199 0.008489
2.782691 0.008342
2.784185 0.008196
2.785681 0.00805
2.787179 0.007903
2.788678 0.007976
2.790179 0.008123
2.791682 0.008123
2.793186 0.008123
2.794692 0.007903
2.7962 0.007611
2.797709 0.007537
2.799219 0.007537
2.800731 0.007245
2.802245 0.006952
2.803761 0.007025
2.805278 0.007245
2.806797 0.007318
2.808318 0.007245
2.80984 0.007025
2.811363 0.007025
2.812889 0.007172
2.814416 0.007098
2.815945 0.006879
2.817475 0.006806
2.819007 0.006732
2.82054 0.006513
2.822076 0.006586
2.823613 0.006659
2.825152 0.00644
2.826692 0.006367
2.828234 0.006586
2.829778 0.006879
2.831324 0.006732
2.832871 0.006513
2.83442 0.006659
2.835971 0.006586
2.837523 0.006586
2.839077 0.006659
2.840632 0.006879
2.84219 0.006879
2.843749 0.006806
2.84531 0.006879
2.846872 0.007025
2.848437 0.007098
2.850003 0.007098
2.85157 0.007245
2.85314 0.007391
2.854711 0.007537
2.856283 0.00783
2.857857 0.00805
2.859434 0.008416
2.861012 0.008928
2.862592 0.009147
2.864173 0.00944
2.865757 0.009952
2.867342 0.010172
2.868929 0.010391
2.870517 0.010904
2.872108 0.01127
2.873699 0.011635
2.875293 0.012148
2.876889 0.012733
2.878486 0.013319
2.880085 0.01405
2.881686 0.014709
2.883289 0.015221
2.884893 0.01588
2.886499 0.016465
2.888107 0.016904
2.889717 0.017782
2.891329 0.018441
2.892942 0.019027
2.894558 0.019758
2.896175 0.020563
2.897794 0.021515
2.899415 0.022466
2.901037 0.023344
2.902662 0.024295
2.904288 0.025174
2.905916 0.026125
2.907546 0.02693
2.909178 0.027808
2.910811 0.028759
2.912446 0.029857
2.914083 0.030955
2.915722 0.031906
2.917363 0.033004
2.919006 0.033955
2.92065 0.035053
2.922296 0.036004
2.923944 0.036736
2.925594 0.037468
2.927246 0.038273
2.9289 0.039078
2.930556 0.039809
2.932213 0.040541
2.933873 0.041053
2.935534 0.041492
2.937198 0.042005
2.938863 0.042444
2.94053 0.04281
2.942199 0.042956
2.943869 0.043249
2.945542 0.043541
2.947217 0.043615
2.948893 0.043688
2.950572 0.043907
2.952252 0.043761
2.953934 0.043468
2.955618 0.043322
2.957304 0.042956
2.958992 0.042663
2.960681 0.042371
2.962373 0.041931
2.964067 0.041712
2.965763 0.041492
2.96746 0.04098
2.96916 0.040322
2.970861 0.039809
2.972565 0.039517
2.974271 0.039004
2.975978 0.038565
2.977687 0.038126
2.979398 0.037687
2.981112 0.037321
2.982827 0.037029
2.984544 0.036882
2.986264 0.036443
2.987985 0.035931
2.989709 0.035345
2.991434 0.035053
2.993161 0.03498
2.99489 0.034614
2.996621 0.034321
2.998354 0.033955
3.000089 0.033443
3.001826 0.03315
3.003565 0.033004
3.005306 0.03293
3.00705 0.032565
3.008795 0.032199
3.010542 0.031979
3.012291 0.03176
3.014043 0.03154
3.015796 0.031174
3.017552 0.030662
3.019309 0.030442
3.021069 0.030442
3.02283 0.030223
3.024594 0.02993
3.02636 0.029637
3.028127 0.029637
3.029897 0.029418
3.031669 0.029198
3.033443 0.028979
3.035219 0.028759
3.036998 0.02854
3.038778 0.02832
3.04056 0.028247
3.042344 0.028101
3.04413 0.027881
3.045919 0.027735
3.047709 0.027735
3.049502 0.027735
3.051297 0.027369
3.053094 0.027003
3.054893 0.026857
3.056694 0.026857
3.058498 0.026564
3.060303 0.026418
3.062111 0.026344
3.063921 0.026198
3.065733 0.025979
3.067547 0.025905
3.069363 0.025979
3.071181 0.026271
3.073001 0.026418
3.074824 0.026491
3.076649 0.026783
3.078476 0.027003
3.080305 0.027149
3.082136 0.027442
3.08397 0.027588
3.085805 0.027808
3.087644 0.027954
3.089484 0.027808
3.091326 0.027735
3.093171 0.027954
3.095017 0.028028
3.096866 0.028174
3.098717 0.028101
3.10057 0.027954
3.102426 0.027881
3.104284 0.027808
3.106144 0.027735
3.108006 0.027662
3.109871 0.027662
3.111737 0.027369
3.113606 0.027442
3.115477 0.027369
3.11735 0.027149
3.119226 0.027076
3.121104 0.027003
3.122984 0.02693
3.124866 0.02693
3.126751 0.026783
3.128638 0.026637
3.130527 0.026637
3.132419 0.026637
3.134313 0.02671
3.136209 0.02671
3.138108 0.026637
3.140008 0.026491
3.141912 0.026491
3.143817 0.026491
3.145725 0.026491
3.147635 0.026491
3.149547 0.026418
3.151462 0.026344
3.153378 0.026564
3.155298 0.026564
3.157219 0.026418
3.159143 0.026418
3.16107 0.026564
3.162998 0.026637
3.164929 0.02671
3.166862 0.026637
3.168798 0.026637
3.170736 0.02671
3.172677 0.02671
3.174619 0.026783
3.176565 0.026857
3.178513 0.026857
3.180463 0.02693
3.182415 0.026857
3.18437 0.02693
3.186327 0.027003
3.188287 0.027149
3.190248 0.027076
3.192213 0.027223
3.19418 0.027515
3.196149 0.027808
3.198121 0.027881
3.200095 0.027808
3.202072 0.027954
3.204051 0.028247
3.206032 0.02832
3.208016 0.028467
3.210002 0.028613
3.211991 0.028832
3.213982 0.028979
3.215976 0.029198
3.217972 0.029345
3.219971 0.029491
3.221972 0.029711
3.223976 0.029857
3.225982 0.030077
3.227991 0.030223
3.230002 0.030369
3.232016 0.030735
3.234032 0.031101
3.236051 0.031321
3.238072 0.031613
3.240096 0.031833
3.242123 0.032126
3.244152 0.032418
3.246183 0.032784
3.248217 0.033077
3.250253 0.033223
3.252293 0.033589
3.254334 0.033955
3.256378 0.034248
3.258425 0.034467
3.260474 0.034833
3.262526 0.035199
3.26458 0.035565
3.266638 0.035858
3.268697 0.036297
3.27076 0.036736
3.272825 0.037102
3.274892 0.037468
3.276962 0.03776
3.279035 0.038273
3.28111 0.038858
3.283188 0.039224
3.285269 0.039736
3.287352 0.040102
3.289438 0.040468
3.291526 0.040834
3.293617 0.041273
3.295711 0.041858
3.297807 0.042224
3.299906 0.042517
3.302008 0.042956
3.304113 0.043395
3.30622 0.043907
3.30833 0.04442
3.310443 0.045005
3.312558 0.04559
3.314676 0.046103
3.316797 0.046761
3.31892 0.0472
3.321046 0.047639
3.323175 0.048225
3.325307 0.04903
3.327442 0.049762
3.329579 0.050274
3.331719 0.050859
3.333861 0.051518
3.336007 0.052396
3.338155 0.053201
3.340306 0.05386
3.342458 0.054591
3.344615 0.055396
3.346774 0.056128
3.348936 0.057006
3.351101 0.057665
3.353268 0.05847
3.355439 0.059202
3.357612 0.059933
3.359789 0.060738
3.361968 0.06169
3.364149 0.062422
3.366334 0.0633
3.368521 0.064105
3.370711 0.064836
3.372904 0.065641
3.3751 0.066739
3.3773 0.06769
3.379501 0.068422
3.381706 0.069227
3.383913 0.069959
3.386123 0.070691
3.388336 0.071642
3.390553 0.07252
3.392771 0.073252
3.394992 0.073984
3.397217 0.074935
3.399445 0.07596
3.401675 0.076911
3.403909 0.077789
3.406146 0.078814
3.408385 0.079692
3.410627 0.08035
3.412873 0.081155
3.415121 0.082034
3.417372 0.082765
3.419626 0.083497
3.421884 0.084448
3.424144 0.085473
3.426407 0.086424
3.428673 0.087302
3.430943 0.088107
3.433215 0.089132
3.43549 0.09001
3.437768 0.090888
3.440049 0.09162
3.442333 0.092425
3.444621 0.093376
3.446911 0.094328
3.449204 0.095279
3.4515 0.096084
3.4538 0.096889
3.456102 0.097694
3.458408 0.098426
3.460716 0.099231
3.463028 0.100109
3.465343 0.10084
3.467662 0.101645
3.469983 0.102524
3.472307 0.103329
3.474634 0.104207
3.476965 0.105012
3.479298 0.105743
3.481635 0.106695
3.483975 0.107719
3.486317 0.108451
3.488663 0.109037
3.491012 0.109915
3.493365 0.110793
3.49572 0.111744
3.498079 0.112622
3.500441 0.1135
3.502806 0.114232
3.505175 0.114964
3.507547 0.115842
3.509921 0.116867
3.512299 0.117745
3.514681 0.118477
3.517065 0.119428
3.519453 0.120233
3.521844 0.120965
3.524238 0.121696
3.526636 0.122501
3.529036 0.123453
3.53144 0.124258
3.533848 0.125136
3.536258 0.12616
3.538672 0.127039
3.541089 0.127843
3.543509 0.128502
3.545932 0.129234
3.548359 0.130258
3.55079 0.13121
3.553223 0.132015
3.55566 0.132746
3.558101 0.133698
3.560545 0.134576
3.562992 0.135527
3.565443 0.136552
3.567896 0.137503
3.570354 0.138381
3.572814 0.139333
3.575278 0.140211
3.577746 0.141016
3.580216 0.141967
3.582691 0.142918
3.585169 0.14387
3.58765 0.144821
3.590135 0.145846
3.592623 0.146797
3.595114 0.147821
3.597609 0.148846
3.600107 0.14987
3.602608 0.150968
3.605114 0.151919
3.607622 0.152797
3.610135 0.153822
3.61265 0.15492
3.61517 0.156091
3.617692 0.157042
3.620219 0.157993
3.622749 0.159237
3.625283 0.160481
3.627819 0.161579
3.63036 0.162603
3.632904 0.163701
3.635452 0.164872
3.638003 0.166189
3.640558 0.167433
3.643116 0.168677
3.645679 0.169921
3.648244 0.171165
3.650813 0.172483
3.653386 0.173727
3.655962 0.175044
3.658543 0.176215
3.661126 0.177459
3.663713 0.178776
3.666304 0.180166
3.668898 0.181484
3.671497 0.182728
3.674099 0.184191
3.676705 0.185655
3.679314 0.187045
3.681927 0.188289
3.684544 0.18968
3.687165 0.190997
3.689789 0.192314
3.692417 0.193778
3.695049 0.195168
3.697685 0.196485
3.700324 0.197802
3.702967 0.199193
3.705615 0.20051
3.708265 0.201754
3.71092 0.202925
3.713578 0.204242
3.71624 0.205559
3.718906 0.20673
3.721576 0.207901
3.724249 0.208999
3.726926 0.210097
3.729607 0.211194
3.732292 0.212365
3.734981 0.213463
3.737674 0.214487
3.740371 0.215512
3.743071 0.216609
3.745776 0.217634
3.748485 0.218585
3.751197 0.219537
3.753913 0.220342
3.756634 0.221293
3.759358 0.222391
3.762086 0.223342
3.764818 0.224074
3.767554 0.224806
3.770293 0.22561
3.773037 0.226415
3.775785 0.227147
3.778537 0.227733
3.781293 0.228318
3.784053 0.22905
3.786817 0.229782
3.789586 0.230367
3.792358 0.231099
3.795134 0.231831
3.797915 0.232343
3.800699 0.232855
3.803488 0.233441
3.80628 0.234026
3.809077 0.234538
3.811877 0.234977
3.814683 0.23549
3.817492 0.235929
3.820305 0.236221
3.823123 0.236441
3.825944 0.236807
3.82877 0.237173
3.8316 0.237465
3.834434 0.237758
3.837271 0.237905
3.840113 0.238124
3.84296 0.238344
3.845811 0.238344
3.848666 0.238344
3.851525 0.23849
3.854389 0.238563
3.857257 0.238563
3.86013 0.238563
3.863006 0.238344
3.865887 0.238051
3.868772 0.237831
3.871661 0.237685
3.874554 0.237392
3.877452 0.237026
3.880355 0.236807
3.883262 0.236514
3.886173 0.236002
3.889088 0.235563
3.892008 0.234977
3.894932 0.234392
3.897861 0.233733
3.900793 0.232928
3.903731 0.23205
3.906672 0.231245
3.909618 0.230221
3.912569 0.228904
3.915524 0.227513
3.918483 0.226196
3.921447 0.224732
3.924416 0.222903
3.927389 0.220781
3.930367 0.218293
3.933349 0.215658
3.936336 0.213097
3.939327 0.210462
3.942322 0.207828
3.945323 0.205559
3.948327 0.20373
3.951337 0.20212
3.954351 0.200876
3.95737 0.199851
3.960393 0.199339
3.963421 0.19912
3.966453 0.199339
3.96949 0.199851
3.972532 0.200217
3.975579 0.200656
3.978629 0.201169
3.981685 0.201608
3.984745 0.20212
3.98781 0.202486
3.99088 0.202705
3.993955 0.202925
3.997034 0.202852
4.000118 0.202413
4.003208 0.201827
4.006302 0.201388
4.0094 0.20073
4.012504 0.199925
4.015612 0.199047
4.018724 0.198168
4.021842 0.197217
4.024965 0.196046
4.028091 0.194875
4.031223 0.193705
4.03436 0.192534
4.037502 0.19129
4.040649 0.189972
4.043801 0.188728
4.046958 0.187338
4.050119 0.185948
4.053287 0.18463
4.056458 0.183167
4.059635 0.181703
4.062816 0.18024
4.066003 0.178556
4.069194 0.176947
4.072391 0.17541
4.075593 0.173727
4.078799 0.172044
4.082011 0.170434
4.085227 0.168824
4.088449 0.167067
4.091676 0.165238
4.094908 0.163408
4.098145 0.161579
4.101388 0.159749
4.104634 0.15792
4.107887 0.156091
4.111144 0.154188
4.114407 0.152212
4.117675 0.150163
4.120948 0.148114
4.124227 0.146065
4.12751 0.144016
4.130799 0.141967
4.134094 0.139918
4.137393 0.137723
4.140697 0.1356
4.144008 0.133625
4.147323 0.131502
4.150643 0.129161
4.153969 0.126819
4.157301 0.124624
4.160638 0.122501
4.16398 0.120013
4.167327 0.117598
4.17068 0.115257
4.174038 0.112769
4.177401 0.110354
4.18077 0.107939
4.184143 0.105304
4.187523 0.102816
4.190908 0.100328
4.194299 0.097694
4.197695 0.095133
4.201097 0.092352
4.204504 0.089425
4.207917 0.086497
4.211336 0.083497
4.214759 0.08035
4.218189 0.07735
4.221624 0.074423
4.225064 0.071569
4.22851 0.068861
4.231962 0.066373
4.23542 0.063958
4.238883 0.061836
4.242352 0.059787
4.245827 0.057811
4.249307 0.056055
4.252793 0.054299
4.256284 0.052616
4.259782 0.050493
4.263285 0.048225
4.266792 0.046176
4.270307 0.044273
4.273828 0.042517
4.277354 0.041053
4.280886 0.039663
4.284424 0.038419
4.287968 0.037321
4.291517 0.036297
4.295074 0.035199
4.298635 0.034321
4.302202 0.033516
4.305776 0.032711
4.309355 0.032052
4.31294 0.031467
4.316531 0.030955
4.320128 0.030516
4.323732 0.030077
4.327342 0.029491
4.330956 0.028979
4.334578 0.02854
4.338205 0.028028
4.341838 0.027662
4.345478 0.027442
4.349123 0.027149
4.352774 0.026857
4.356431 0.026564
4.360096 0.026418
4.363765 0.026271
4.367442 0.026052
4.371124 0.025832
4.374813 0.025539
4.378508 0.025393
4.38221 0.02532
4.385918 0.025247
4.389631 0.025174
4.393351 0.025174
4.397078 0.025174
4.40081 0.0251
4.404549 0.024954
4.408295 0.024881
4.412045 0.024881
4.415803 0.024954
4.419568 0.024954
4.423338 0.024954
4.427116 0.0251
4.4309 0.025247
4.43469 0.025393
4.438487 0.025466
4.442291 0.025613
4.446101 0.025613
4.449917 0.025613
4.45374 0.025759
4.45757 0.026052
4.461406 0.026198
4.465249 0.026271
4.469098 0.026418
4.472954 0.026637
4.476817 0.026857
4.480686 0.027076
4.484562 0.027296
4.488445 0.027442
4.492334 0.027515
4.496231 0.027735
4.500134 0.028101
4.504043 0.02832
4.507959 0.028393
4.511883 0.028686
4.515813 0.028979
4.51975 0.029272
4.523694 0.029418
4.527645 0.029564
4.531602 0.029857
4.535568 0.030223
4.539539 0.030442
4.543518 0.030662
4.547503 0.030955
4.551496 0.031101
4.555496 0.031321
4.559502 0.03154
4.563516 0.031833
4.567537 0.032126
4.571565 0.032345
4.5756 0.032565
4.579642 0.033004
4.583691 0.033443
4.587747 0.033735
4.591811 0.033955
4.595881 0.034321
4.599958 0.034687
4.604044 0.03498
4.608136 0.035345
4.612236 0.035638
4.616343 0.036004
4.620458 0.036443
4.624579 0.036663
4.628708 0.037029
4.632845 0.037468
4.636989 0.037907
4.64114 0.038273
4.645299 0.038565
4.649466 0.038858
4.653639 0.039151
4.65782 0.039517
4.662009 0.040029
4.666206 0.040395
4.67041 0.040834
4.674621 0.041273
4.67884 0.041712
4.683066 0.042005
4.687301 0.042297
4.691543 0.042736
4.695792 0.043176
4.700048 0.043541
4.704313 0.044054
4.708586 0.044493
4.712867 0.044932
4.717155 0.045298
4.721451 0.04559
4.725755 0.045883
4.730067 0.046176
4.734388 0.046542
4.738715 0.046981
4.743051 0.047347
4.747394 0.047713
4.751746 0.048005
4.756105 0.048225
4.760472 0.048444
4.764848 0.048737
4.769232 0.04903
4.773623 0.049103
4.778023 0.049323
4.782431 0.049688
4.786847 0.049762
4.791271 0.049688
4.795703 0.049762
4.800144 0.049835
4.804591 0.049835
4.809048 0.049981
4.813513 0.050128
4.817986 0.049981
4.822468 0.049981
4.826958 0.050054
4.831457 0.050128
4.835964 0.050347
4.84048 0.050786
4.845004 0.051152
4.849536 0.051445
4.854077 0.051811
4.858626 0.05225
4.863184 0.052835
4.867751 0.053494
4.872326 0.054152
4.876908 0.054957
4.8815 0.055689
4.886101 0.05664
4.89071 0.057665
4.895329 0.058543
4.899956 0.059494
4.904591 0.060519
4.909236 0.061763
4.91389 0.063007
4.918552 0.064178
4.923223 0.065202
4.927903 0.0663
4.932591 0.067471
4.937289 0.068642
4.941996 0.069593
4.946712 0.070544
4.951437 0.071569
4.956171 0.072447
4.960914 0.073398
4.965665 0.07435
4.970426 0.075155
4.975196 0.076033
4.979976 0.076984
4.984764 0.077936
4.989561 0.078814
4.994367 0.079692
4.999184 0.08057
5.004009 0.081375
5.008844 0.082326
5.013688 0.083204
5.018541 0.083717
5.023404 0.084595
5.028277 0.085692
5.033159 0.086424
5.038051 0.087083
5.042951 0.087741
5.047862 0.088473
5.052782 0.088986
5.057711 0.089498
5.06265 0.089937
5.0676 0.090156
5.072558 0.090376
5.077527 0.090522
5.082504 0.090376
5.087492 0.090522
5.09249 0.090669
5.097497 0.090595
5.102514 0.090595
5.10754 0.090376
5.112577 0.090303
5.117624 0.090376
5.122681 0.090522
5.127748 0.090522
5.132825 0.090595
5.137912 0.090595
5.143009 0.090522
5.148117 0.090522
5.153234 0.091108
5.158362 0.09162
5.1635 0.091913
5.168648 0.092059
5.173806 0.092279
5.178975 0.092571
5.184154 0.092718
5.189344 0.092791
5.194544 0.092644
5.199754 0.092279
5.204975 0.092132
5.210206 0.0914
5.215447 0.090815
5.2207 0.090888
5.225963 0.090449
5.231235 0.089425
5.236519 0.088107
5.241814 0.086863
5.247119 0.085546
5.252435 0.084009
5.257762 0.082253
5.2631 0.080204
5.268449 0.078009
5.273809 0.075667
5.27918 0.073325
5.284561 0.07091
5.289953 0.068203
5.295357 0.065934
5.300771 0.063739
5.306197 0.061178
5.311634 0.058543
5.31708 0.056128
5.322538 0.053786
5.328009 0.051737
5.33349 0.049835
5.338983 0.048079
5.344487 0.046176
5.350003 0.044566
5.355529 0.043834
5.361069 0.043468
5.366619 0.043029
5.37218 0.04281
5.377753 0.042883
5.383337 0.043102
5.388933 0.043541
5.394541 0.0442
5.40016 0.045151
5.405792 0.04603
5.411435 0.046981
5.417089 0.047566
5.422756 0.048444
5.428434 0.050933
5.434124 0.053201
5.439826 0.054811
5.44554 0.056421
5.451264 0.058177
5.457003 0.059641
5.462753 0.060665
5.468515 0.062641
5.47429 0.06469
5.480077 0.0663
5.485876 0.068569
5.491687 0.070471
5.497512 0.072008
5.503348 0.073252
5.509196 0.074496
5.515058 0.075301
5.520931 0.075886
5.526816 0.076691
5.532715 0.077643
5.538626 0.078082
5.544551 0.078155
5.550487 0.077862
5.556436 0.078082
5.562398 0.07874
5.568373 0.078667
5.57436 0.077277
5.58036 0.076618
5.586374 0.078009
5.592398 0.078667
5.598437 0.078009
5.604489 0.077496
5.610555 0.077277
5.616633 0.076472
5.622725 0.076106
5.62883 0.075374
5.634949 0.073325
5.641082 0.070691
5.647227 0.070837
5.653385 0.070837
5.659557 0.070544
5.665742 0.070032
5.671941 0.068056
5.678154 0.066885
5.68438 0.066666
5.69062 0.065495
5.696874 0.06491
5.703141 0.063666
5.709422 0.061324
5.715717 0.060738
5.722026 0.060592
5.728348 0.060299
5.734685 0.059348
5.741033 0.058177
5.747398 0.05686
5.753777 0.056787
5.76017 0.054518
5.766577 0.051591
5.772999 0.052469
5.779435 0.052982
5.785885 0.052323
5.792351 0.051372
5.798831 0.050054
5.805324 0.04881
5.811832 0.046834
5.818355 0.043541
5.824893 0.041639
5.831445 0.041419
5.838012 0.040761
5.844594 0.039443
5.851191 0.037541
5.857803 0.035492
5.864429 0.033662
5.871071 0.032199
5.877727 0.029198
5.884399 0.027954
5.891086 0.027442
5.897785 0.026052
5.904502 0.026271
5.911235 0.025759
5.917983 0.024808
5.924747 0.023783
5.931525 0.021807
5.93832 0.020563
5.94513 0.021002
5.951957 0.02071
5.958798 0.019905
5.965655 0.018514
5.972528 0.017709
5.979417 0.017051
5.986322 0.015807
5.993242 0.014782
6.000179 0.013977
6.00713 0.012733
6.014098 0.011416
6.021083 0.010391
6.028085 0.00944
6.035102 0.008562
6.042136 0.007684
6.049186 0.007611
6.056253 0.009952
6.063337 0.012879
6.070437 0.015368
6.077554 0.018734
6.084687 0.023271
6.091837 0.028393
6.099004 0.033223
6.106188 0.035419
6.113389 0.03498
6.120608 0.035126
6.127842 0.034687
6.135094 0.033077
6.142364 0.031321
6.14965 0.02993
6.156953 0.02854
6.164274 0.027954
6.171613 0.027808
6.178967 0.026783
6.18634 0.026271
6.193731 0.027296
6.201139 0.027881
6.208566 0.027954
6.216011 0.028247
6.223473 0.028686
6.230953 0.028979
6.238452 0.029272
6.245968 0.029711
6.253502 0.030223
6.261055 0.030662
6.268626 0.031101
6.276215 0.031467
6.283823 0.032052
6.291449 0.032565
6.299095 0.033223
6.306758 0.033735
6.31444 0.034321
6.32214 0.034906
6.32986 0.035419
6.337598 0.03476
6.345355 0.034614
6.353131 0.036663
6.360924 0.037614
6.368739 0.037394
6.376572 0.038273
6.384425 0.039224
6.392297 0.039809
6.400189 0.039809
6.4081 0.037468
6.416031 0.036882
6.423983 0.039736
6.431953 0.041273
6.439943 0.042444
6.447953 0.043176
6.455982 0.043688
6.464032 0.043834
6.472102 0.043102
6.480192 0.042151
6.488305 0.040541
6.496436 0.040761
6.504587 0.043615
6.512758 0.044493
6.52095 0.043834
6.529163 0.044859
6.537397 0.045444
6.545651 0.045225
6.553923 0.045298
6.562219 0.045371
6.570536 0.044566
6.578875 0.045956
6.587234 0.047493
6.595614 0.048444
6.604017 0.049762
6.61244 0.050128
6.620886 0.050054
6.629353 0.048225
6.637841 0.046908
6.646351 0.049615
6.654883 0.051957
6.663437 0.051957
6.672013 0.051152
6.680611 0.050347
6.689233 0.051445
6.697875 0.05225
6.70654 0.051225
6.715228 0.050859
6.723937 0.051298
6.73267 0.051664
6.741425 0.051591
6.750203 0.051079
6.759001 0.051006
6.767824 0.050493
6.776671 0.049835
6.785541 0.048737
6.794435 0.04903
6.803351 0.050786
6.812291 0.051225
6.821255 0.050128
6.830244 0.049762
6.839254 0.050274
6.848289 0.049103
6.857347 0.046176
6.86643 0.045078
6.875537 0.046908
6.884668 0.047054
6.893823 0.046322
6.902999 0.045225
6.912203 0.044493
6.921432 0.043907
6.930685 0.043029
6.939963 0.042078
6.949265 0.040834
6.958593 0.03937
6.967947 0.040175
6.977327 0.041273
6.98673 0.041419
6.996159 0.041712
7.005613 0.042224
7.015093 0.042224
7.024599 0.042151
7.03413 0.041785
7.043687 0.040614
7.053272 0.0412
7.062882 0.042151
7.072517 0.042444
7.082179 0.042663
7.091867 0.04281
7.101583 0.043029
7.111324 0.04281
7.121092 0.042956
7.130883 0.043322
7.140706 0.043102
7.150555 0.042956
7.160431 0.042736
7.170335 0.042444
7.180266 0.043029
7.190225 0.043176
7.200211 0.04259
7.210228 0.042224
7.22027 0.04259
7.23034 0.042444
7.240438 0.042224
7.250565 0.041931
7.26072 0.041639
7.270903 0.04098
7.281115 0.040614
7.291358 0.040614
7.301627 0.040322
7.311926 0.040102
7.322253 0.039809
7.33261 0.039078
7.342996 0.038785
7.353412 0.038712
7.363857 0.038492
7.374328 0.038053
7.384833 0.037687
7.395367 0.037321
7.405932 0.036955
7.416527 0.036663
7.427153 0.03637
7.437809 0.035931
7.448495 0.035492
7.459215 0.035053
7.469963 0.03476
7.480742 0.03454
7.491552 0.034321
7.502394 0.033955
7.513267 0.033735
7.524172 0.033516
7.535108 0.03315
7.546078 0.032784
7.557078 0.032418
7.56811 0.032052
7.579175 0.03176
7.590272 0.031467
7.601401 0.031174
7.612564 0.030881
7.623759 0.030735
7.634982 0.030516
7.646243 0.03015
7.657537 0.030003
7.668865 0.029857
7.680227 0.029637
7.691622 0.029345
7.703051 0.029052
7.714513 0.028832
7.726013 0.028686
7.737544 0.028467
7.74911 0.028247
7.76071 0.028101
7.772346 0.027881
7.784016 0.027515
7.795721 0.027296
7.807461 0.027076
7.819234 0.026783
7.831045 0.026564
7.842893 0.026491
7.854775 0.026344
7.866695 0.026125
7.87865 0.025979
7.890642 0.025832
7.90267 0.025613
7.914737 0.02532
7.926839 0.0251
7.938978 0.025027
7.951155 0.024881
7.963368 0.024808
7.97562 0.024734
7.987909 0.024515
8.000236 0.024369
8.012604 0.024295
8.025007 0.024149
8.03745 0.024003
8.04993 0.023783
8.062449 0.02349
8.075007 0.023344
8.087605 0.023271
8.100242 0.023125
8.112914 0.023051
8.12563 0.022978
8.138387 0.022905
8.151183 0.022759
8.16402 0.022612
8.176896 0.022466
8.189815 0.02232
8.202773 0.022246
8.215774 0.022246
8.228815 0.022027
8.241898 0.021954
8.255021 0.02188
8.268188 0.021734
8.281395 0.021588
8.294645 0.021661
8.307939 0.021588
8.321277 0.021295
8.334655 0.021368
8.348077 0.021368
8.361541 0.021149
8.37505 0.020929
8.388601 0.020856
8.402197 0.020783
8.415837 0.02071
8.429516 0.02071
8.443245 0.020563
8.457019 0.020344
8.470837 0.020344
8.484701 0.020344
8.49861 0.020344
8.512566 0.020197
8.526567 0.020051
8.540616 0.019978
8.554709 0.019978
8.56885 0.019831
8.583036 0.019539
8.59727 0.019392
8.611551 0.019466
8.62588 0.019466
8.640257 0.019319
8.654684 0.0191
8.669156 0.0191
8.683678 0.019173
8.698248 0.019027
8.712867 0.01888
8.727534 0.018953
8.742252 0.01888
8.75702 0.018734
8.771832 0.018734
8.786699 0.018661
8.801618 0.018661
8.816586 0.018661
8.831606 0.018734
8.846677 0.018514
8.861799 0.018514
8.876974 0.018441
8.892203 0.018368
8.907482 0.018295
8.922813 0.018222
8.938197 0.018222
8.953634 0.018148
8.969126 0.018148
8.98467 0.018148
9.000268 0.018002
9.015924 0.018002
9.031631 0.018075
9.047393 0.018075
9.06321 0.017929
9.079082 0.017709
9.095011 0.017563
9.110995 0.017636
9.127035 0.017636
9.143127 0.017563
9.159282 0.017636
9.175492 0.017856
9.191761 0.017856
9.208088 0.017856
9.224472 0.017709
9.240915 0.017563
9.257417 0.017563
9.27398 0.01749
9.290601 0.017417
9.307281 0.017417
9.32402 0.017343
9.34082 0.017343
9.35768 0.01749
9.374602 0.01749
9.391585 0.017417
9.408624 0.01727
9.42573 0.017051
9.442899 0.016978
9.460131 0.017051
9.477425 0.017197
9.494783 0.017343
9.512204 0.017197
9.52969 0.017124
9.547244 0.017197
9.564858 0.017197
9.582539 0.017343
9.600284 0.017417
9.618095 0.017124
9.635973 0.016978
9.653916 0.016978
9.671927 0.016978
9.690009 0.017124
9.708156 0.01727
9.72637 0.017124
9.744653 0.017124
9.763004 0.01727
9.781425 0.01727
9.799915 0.017051
9.818476 0.01727
9.837101 0.017197
9.855803 0.016978
9.874576 0.016904
9.89342 0.017124
9.912336 0.017124
9.931326 0.016978
9.950388 0.016978
9.969523 0.017051
9.988736 0.017051
10.008019 0.016978
10.027377 0.016978
10.04681 0.017197
10.066319 0.017197
10.085902 0.017124
10.105563 0.017124
10.1253 0.017197
10.145119 0.017343
10.165011 0.01727
10.184982 0.01727
10.205031 0.017343
10.22516 0.01749
10.245367 0.01749
10.265656 0.017197
10.286023 0.017051
10.306466 0.017197
10.326997 0.017343
10.34761 0.017343
10.368304 0.017343
10.389083 0.01727
10.409945 0.017124
10.43089 0.01727
10.45192 0.01749
10.473039 0.017343
10.49424 0.017343
10.515526 0.017343
10.536899 0.01727
10.558359 0.01727
10.579906 0.01727
10.601542 0.01727
10.623267 0.017417
10.645084 0.01749
10.666988 0.017709
10.688982 0.017782
10.711066 0.017563
10.733243 0.01749
10.755511 0.017563
10.777872 0.01749
10.800325 0.017563
10.822865 0.017563
10.845508 0.01749
10.868244 0.017636
10.891077 0.017563
10.914005 0.017343
10.937031 0.017417
10.960154 0.017563
10.983374 0.017709
11.006698 0.017563
11.030116 0.017343
11.053635 0.017343
11.077253 0.017417
11.100973 0.017563
11.124795 0.017636
11.14872 0.017636
11.172747 0.017636
11.196871 0.017636
11.221107 0.017636
11.245447 0.01749
11.269894 0.017417
11.294447 0.01749
11.319107 0.017636
11.343875 0.017709
11.368752 0.017709
11.393744 0.017856
11.418839 0.017856
11.444047 0.017782
11.469365 0.017709
11.494797 0.017417
11.52034 0.017343
11.545999 0.01749
11.571771 0.017636
11.597663 0.017636
11.623667 0.017417
11.649787 0.017343
11.676025 0.017343
11.702382 0.01749
11.728858 0.017417
11.755454 0.01727
11.782171 0.01727
11.809002 0.017417
11.835962 0.017417
11.863048 0.017197
11.890256 0.017197
11.91759 0.017417
11.94505 0.01749
11.972636 0.01749
12.000351 0.017343
12.028198 0.017051
12.056171 0.017051
12.084274 0.01727
12.112508 0.017343
12.140875 0.017124
12.169374 0.017051
12.198009 0.017197
12.226777 0.017417
12.255688 0.01727
12.28473 0.016978
12.31391 0.016758
12.343228 0.016685
12.372687 0.016831
12.402287 0.016904
12.432029 0.016758
12.461913 0.016538
12.491931 0.016319
12.522105 0.016099
12.552425 0.016246
12.582892 0.016392
12.613507 0.016319
12.644272 0.016099
12.675187 0.016099
12.706254 0.016099
12.737479 0.015953
12.768852 0.015807
12.80038 0.015587
12.832064 0.015221
12.863906 0.015148
12.895905 0.015368
12.928064 0.015368
12.960384 0.015294
12.992874 0.015075
13.025519 0.014489
13.05833 0.014416
13.091305 0.014124
13.124448 0.013977
13.157759 0.013831
13.191238 0.013392
13.22489 0.013392
13.258701 0.013392
13.292698 0.013026
13.326869 0.012514
13.361217 0.01244
13.395742 0.012587
13.430446 0.012148
13.46533 0.011709
13.500397 0.011416
13.535651 0.011196
13.571085 0.011123
13.606705 0.010904
13.642511 0.010684
13.678508 0.010465
13.714694 0.010172
13.751073 0.009806
13.787644 0.009513
13.82442 0.009367
13.861383 0.009221
13.898545 0.008855
13.935907 0.008562
13.97347 0.008196
14.011236 0.007757
14.049208 0.007391
14.087384 0.007245
14.125755 0.007172
14.16435 0.006879
14.203156 0.006513
14.242176 0.006367
14.281411 0.00644
14.320862 0.006367
14.360532 0.006293
14.400422 0.006367
14.440542 0.006586
14.48088 0.00644
14.521442 0.00622
14.562233 0.006513
14.603253 0.006879
14.644506 0.007025
14.685991 0.007537
14.727713 0.008196
14.76966 0.008562
14.811859 0.008855
14.8543 0.009294
14.896984 0.009586
14.939916 0.009733
14.983094 0.010611
15.026524 0.011782
15.070205 0.01244
15.11415 0.013172
15.158343 0.014124
15.202796 0.014782
15.24751 0.015587
15.292488 0.016831
15.337732 0.017563
15.383245 0.017782
15.429028 0.019027
15.475092 0.020344
15.521424 0.020929
15.568036 0.021588
15.614927 0.022246
15.662103 0.022759
15.709563 0.02349
15.757313 0.024076
15.805353 0.024442
15.853672 0.024808
15.902304 0.024588
15.951234 0.024442
16.000465 0.024442
16.050003 0.024661
16.099848 0.024808
16.150003 0.024222
16.200472 0.02349
16.251265 0.023783
16.30237 0.024149
16.353796 0.023637
16.405548 0.023417
16.45763 0.023125
16.510042 0.022832
16.56279 0.022832
16.615877 0.022466
16.669313 0.021954
16.723085 0.021441
16.777206 0.020929
16.831676 0.02071
16.886503 0.020563
16.941689 0.02049
16.997234 0.020563
17.053146 0.020271
17.109409 0.019612
17.166063 0.019319
17.223093 0.019173
17.280504 0.018953
17.338299 0.018807
17.396481 0.01888
17.455055 0.01888
17.514025 0.018953
17.573404 0.01888
17.633179 0.01888
17.693359 0.018807
17.753954 0.018514
17.814964 0.018514
17.876394 0.018953
17.938251 0.019466
18.000536 0.019685
18.063269 0.019831
18.126427 0.020197
18.190027 0.020124
18.254078 0.020197
18.318579 0.020344
18.383539 0.02049
18.448961 0.021002
18.514851 0.021954
18.58119 0.022466
18.648029 0.022612
18.715351 0.022759
18.783159 0.023125
18.851461 0.023783
18.920263 0.024881
18.989569 0.025759
19.059383 0.026418
19.129725 0.026491
19.200575 0.026783
19.271952 0.027223
19.343863 0.027954
19.416311 0.028832
19.489305 0.029272
19.562849 0.02993
19.636951 0.031028
19.711594 0.031833
19.786827 0.032126
19.862638 0.032857
19.939034 0.032638
20.016018 0.03315
20.093599 0.033882
20.171785 0.033809
20.250582 0.034101
20.330009 0.035126
20.410049 0.036516
20.490723 0.036297
20.572035 0.035638
20.653994 0.035565
20.73661 0.036882
20.819889 0.03798
20.903841 0.037687
20.988487 0.037614
21.073807 0.038565
21.159821 0.039224
21.246542 0.040102
21.333977 0.039956
21.422132 0.040175
21.511023 0.039663
21.600651 0.038785
21.691 0.039004
21.782139 0.038858
21.874046 0.03937
21.966734 0.040687
22.060209 0.040102
22.154484 0.039882
22.249567 0.039809
22.34547 0.038931
22.442221 0.039224
22.539797 0.040614
22.638224 0.041931
22.737514 0.043029
22.837679 0.042663
22.93873 0.043322
23.04068 0.044932
23.143541 0.045298
23.247343 0.044932
23.35206 0.044932
23.457727 0.044127
23.564352 0.042663
23.671953 0.042663
23.78054 0.041712
23.890127 0.040834
24.000731 0.042517
24.112324 0.04259
24.224998 0.042444
24.338732 0.044493
24.453537 0.046103
24.569429 0.043468
24.686426 0.042151
24.804543 0.043176
24.923796 0.045005
