0.32869893276 0.60220291608
0.337968652215 0.605302385487
0.335126840411 0.602212659435
0.345808444144 0.608708229272
0.343679340697 0.605928125381
0.355082674412 0.610882079977
0.352240862608 0.607792353925
0.362926977153 0.61336230506
0.372196696608 0.616461774468
0.369354884804 0.613372048415
0.380749196894 0.620177240415
0.377911895902 0.61616189566
0.38930169718 0.623892706361
0.386459885376 0.620802980309
0.397141489108 0.627298550146
0.395012385662 0.624518446256
0.406415719376 0.629472400852
0.414977241286 0.631336629395
0.422817033215 0.63474247318
0.420687929768 0.631962369289
0.427084261733 0.638451443557
0.429240430054 0.635677835236
0.435636762019 0.642166909504
0.435650294456 0.639390053398
0.444189262305 0.645882375451
0.444202794742 0.643105519345
0.453463492572 0.648056226156
0.450621680769 0.644966500104
0.46131005072 0.650073641888
0.465579534644 0.653319802914
0.467735702965 0.650546194594
0.47413203493 0.657035268861
0.474147822773 0.653795603405
0.482684535216 0.660750734808
0.482700323059 0.657511069352
0.491958765483 0.662924585514
0.489116953679 0.659834859461
0.500520287394 0.664788814057
0.508360079322 0.668194657842
0.506230975876 0.665414553951
0.51763430959 0.670368508547
0.525480867737 0.672385924279
0.534049155867 0.67286172477
0.542619699402 0.67287471591
0.551190242937 0.672887707049
0.559760786473 0.672900698189
0.568331330008 0.672913689329
0.576904128949 0.672463871117
0.585481438703 0.671088434204
0.583347824444 0.669233949016
0.594061003863 0.66925018794
0.602636058211 0.668337560378
0.60693260701 0.666030009194
0.615505405951 0.665580190982
0.624080460299 0.66466756342
0.628377009098 0.662360012236
0.636952063445 0.661447384673
0.645524862387 0.660997566462
0.649821411186 0.658690015277
0.658396465533 0.657777387715
0.666969264475 0.657327569504
0.671265813273 0.655020018319
0.679840867621 0.654107390757
0.688413666563 0.653657572546
0.69698872091 0.652744944984
0.694855106651 0.650890459795
0.705568286071 0.65090669872
0.714138829606 0.65091968986
0.731279916677 0.650945672139
0.739850460212 0.650958663279
0.748411982122 0.652822891822
0.756978014845 0.653761501663
0.765546302974 0.654237302154
0.774822788648 0.655948343509
0.782671602202 0.65750294989
0.791237634925 0.658441559731
0.800516376005 0.659689791735
0.808365189558 0.661244398116
0.816931222281 0.662183007957
0.825501765817 0.662195999097
0.834072309352 0.662208990237
0.8426473637 0.661296362675
0.851217907235 0.661309353814
0.859797472395 0.65947110755
0.868370271337 0.659021289339
0.876943070278 0.658571471128
0.885513613813 0.658584462268
0.894088668161 0.657671834705
0.902659211696 0.657684825845
0.911229755232 0.657697816985
0.919798043361 0.658173617475
0.92836633149 0.658649417966
0.936934619619 0.659125218457
0.945493886124 0.661452256351
0.943364782677 0.65867215246
0.954062174253 0.661928056841
0.962628206976 0.662866666683
0.97118747348 0.665193704577
0.969058370033 0.662413600687
0.979755761609 0.665669505068
0.988319538926 0.66707092426
0.996881060837 0.668935152803
0.99475195739 0.666155048913
1.00544934897 0.669410953294
1.01401763709 0.669886753784
1.02258592522 0.670362554275
1.03114970254 0.671763973467
1.04399875163 0.67317188823
1.05256703975 0.67364768872
1.06113758329 0.67366067986
1.06970812682 0.673673671
1.07827867036 0.673686662139
1.0868492139 0.673699653279
1.09541750202 0.67417545377
1.10398579015 0.67465125426
1.11254731206 0.676515482803
1.12111560019 0.676991283294
1.12968388832 0.677467083785
1.13824992105 0.678405693626
1.14681144296 0.680269922169
1.15537522027 0.681671341362
1.16393448678 0.683998379256
1.16180538333 0.681218275366
1.1725005195 0.684936989098
1.1810575306 0.687726836343
1.17892842715 0.684946732452
1.18962356332 0.688665446184
1.19818057442 0.691455293429
1.19605147097 0.688675189539
1.20745480469 0.693629144135
1.21529910743 0.696109369218
1.22385611853 0.698899216463
1.22172701508 0.696119112572
1.23313034879 0.701073067168
1.24097014072 0.704478910953
1.23884103728 0.701698807063
1.25024437099 0.706652761659
1.25879687128 0.710368227606
1.25595505947 0.707278501553
1.26735839319 0.712232456149
1.27591089347 0.715947922096
1.27306908167 0.712858196043
1.28446339376 0.719663388043
1.28162158195 0.71657366199
1.29230318569 0.723069231827
1.29017408224 0.720289127937
1.30086019679 0.725859079073
1.31012991624 0.72895854848
1.30728810444 0.725868822427
1.31868241653 0.732674014427
1.31584060472 0.729584288374
1.32723491681 0.736389480374
1.32439310501 0.733299754321
1.3357874171 0.740104946321
1.33294560529 0.737015220268
1.34363397525 0.742122362053
1.34790345917 0.745368523079
1.35645595946 0.749083989026
1.35646949189 0.74630713292
1.36573018972 0.751257839731
1.36288837792 0.748168113679
1.37428269001 0.754973305678
1.3714408782 0.751883579626
1.38283519029 0.758688771625
1.37999337849 0.755599045573
1.39068400385 0.760243378006
1.39925454738 0.760256369146
1.40853930288 0.760270442881
1.40569598747 0.757489256395
1.41636856958 0.765836063636
1.41638435742 0.76259639818
1.41425750938 0.759353484939
1.42135001006 0.769546116608
1.42990100674 0.773570122123
1.42706370575 0.769554777368
1.43846252865 0.775434350666
1.43562071685 0.772344624613
1.44630232058 0.778840194451
1.44631585302 0.776063338345
1.45557655085 0.781014045156
1.45273473904 0.777924319103
1.46412905113 0.784729511103
1.46128723933 0.78163978505
1.47269057304 0.786593739646
1.46984876124 0.783504013594
1.48124307333 0.790309205593
1.47840126153 0.787219479541
1.48908286526 0.793715049378
1.4890963977 0.790938193273
1.49835709553 0.795888900084
1.49551528372 0.792799174031
1.50691861744 0.797753128627
1.50407680563 0.794663402574
1.51475840937 0.801158972412
1.5147719418 0.798382116306
1.52403263963 0.803332823117
1.52119082783 0.800243097064
1.53259416154 0.80519705166
1.52975234974 0.802107325608
1.54114666183 0.808912517607
1.53830485003 0.805822791555
1.54898645376 0.812318361392
1.5489999862 0.809541505287
1.55826068403 0.814492212098
1.55541887222 0.811402486045
1.56682220594 0.816356440641
1.56398039413 0.813266714588
1.57537470622 0.820071906588
1.57253289442 0.816982180535
1.58321449815 0.823477750372
1.58322803059 0.820700894267
1.59248872842 0.825651601078
1.58964691661 0.822561875025
1.6010412287 0.829367067025
1.5981994169 0.826277340972
1.60960275061 0.831231295568
1.60676093881 0.828141569516
1.6181552509 0.834946761515
1.6153134391 0.831857035463
1.62671677281 0.836810990059
1.6352692731 0.840526456005
1.63242746129 0.837436729953
1.64383079501 0.842390684549
1.65238329529 0.846106150496
1.64954148349 0.843016424443
1.6609448172 0.847970379039
1.66949731749 0.851685844986
1.66665550569 0.848596118933
1.67733710942 0.855091688771
1.67520800597 0.85231158488
1.68661133969 0.857265539476
1.68376952788 0.854175813424
1.6951728616 0.85912976802
1.70372536188 0.862845233966
1.70088355008 0.859755507914
1.71228688379 0.86470946251
1.70944507199 0.861619736457
1.72083938408 0.868424928457
1.71799757227 0.865335202404
1.72940090599 0.870289157
1.73724069792 0.873695000785
1.73511159447 0.870914896894
1.74651492819 0.87586885149
1.74367311638 0.872779125438
1.7550764501 0.877733080034
1.76291624202 0.881138923818
1.76078713858 0.878358819928
1.77219047229 0.883312774524
1.76934866049 0.880223048471
1.7807519942 0.885177003067
1.78859178613 0.888582846852
1.78646268268 0.885802742961
1.7978660164 0.890756697557
1.7950242046 0.887666971505
1.80642753831 0.892620926101
1.81498906022 0.894485154644
1.82355058213 0.896349383187
1.83139037406 0.899755226972
1.82926127061 0.896975123082
1.83995640678 0.900693836813
1.84851341788 0.903483684059
1.84638431443 0.900703580168
1.8570771952 0.904885103251
1.8656364617 0.907212141145
1.87420249442 0.908150750987
1.88275950552 0.910940598232
1.88063040208 0.908160494341
1.89203373579 0.913114448937
1.88919192399 0.910024722885
1.89988254934 0.914669055318
1.8977534459 0.911888951428
1.90915677961 0.916842906024
1.90631496781 0.913753179971
1.9177092799 0.920558371971
1.91486746809 0.917468645918
1.92555809345 0.922112978352
1.92342899 0.919332874462
1.93412412617 0.923051588193
1.94268113727 0.925841435439
1.94055203383 0.923061331548
1.95125168081 0.925854426578
1.95981545812 0.927255845771
1.96837472463 0.929582883665
1.96624562118 0.926802779775
1.97694301276 0.930058684155
1.98551130089 0.930534484646
1.99407958902 0.931010285137
2.00263885552 0.933337323031
2.00265238796 0.930560466925
2.01120714365 0.933813123521
2.01547662757 0.937059284548
2.01977092097 0.935214542714
2.02475085784 0.939233135253
2.03330335813 0.9429486012
2.03046605714 0.938933256446
2.04113412843 0.948205682388
2.04115217168 0.944503207581
2.03902306823 0.941723103691
2.0504098623 0.950070993527
2.04757105771 0.94636418834
2.05896988061 0.952243761637
2.05612806881 0.949154035585
2.06680967254 0.955649605422
2.06682320498 0.952872749317
2.07537119445 0.957513833965
2.073242091 0.954733730075
2.08393271636 0.959378062509
2.08180361291 0.956597958618
2.09249649368 0.960779481701
2.10105576018 0.963106519595
2.09892665673 0.960326415705
2.10962404831 0.963582320086
2.11819233644 0.964058120576
2.12675836916 0.964996730418
2.13531989107 0.966860958961
2.14388366839 0.968262378154
2.15245195652 0.968738178644
2.16101347843 0.970602407187
2.16958176656 0.971078207678
2.1760074188 0.971550760384
2.19529114176 0.971579990448
2.20386619611 0.970667362886
2.21244125045 0.969754735324
2.21030763619 0.967900250135
2.22102081561 0.96791648906
2.22103660346 0.964676823603
2.2296094024 0.964227005392
2.22962744565 0.960524530585
2.23393301607 0.956365741997
2.23823858649 0.952206953408
2.23825662974 0.948504478601
2.23827241759 0.945264813145
2.24043084131 0.942028395473
2.25118912886 0.93278844738
2.25120717211 0.929085972572
2.25122070454 0.926309116467
2.25977320483 0.930024582414
2.25979124808 0.926322107607
2.26903841347 0.934049670523
2.26620111248 0.930034325769
2.26621464492 0.927257469663
2.27329812397 0.939301338736
2.28184912065 0.943325344251
2.27900730885 0.940235618198
2.28969793421 0.944879950632
2.28971146664 0.942103094526
2.29828201018 0.942116085666
2.29614839592 0.940261600477
2.30686157534 0.940277839402
2.30687510778 0.937500983297
2.31545016212 0.936588355734
2.31546369456 0.933811499629
2.32403874891 0.932898872067
2.32190513465 0.931044386878
2.3290607867 0.928278356723
2.33478350401 0.926435780079
2.33694418315 0.922736553056
2.34195870292 0.919658735548
2.3498180417 0.919053564959
2.34983157414 0.916276708853
2.35910129359 0.919376178261
2.35625948179 0.916286452208
2.36764477225 0.924942881611
2.36480747126 0.920927536857
2.37190297915 0.930503089392
2.37616268964 0.935754757605
2.38041939293 0.941623504953
2.38467910343 0.946875173167
2.38893731032 0.952435380947
2.39748830701 0.956459386462
2.3946464952 0.953369660409
2.40533712056 0.958013992843
2.41389864247 0.959878221386
2.42246467519 0.960816831228
2.43103521873 0.960829822367
2.43960576226 0.960842813507
2.44818081661 0.959930185945
2.45675587096 0.959017558383
2.4546222567 0.957163073194
2.46533543612 0.957179312119
2.46535122396 0.953939646662
2.4739240229 0.953489828451
2.47394206615 0.949787353644
2.48035644137 0.952573953104
2.4825171205 0.948874726082
2.48253065294 0.946097869976
2.49109217485 0.94796209852
2.4911102181 0.944259623712
2.48897660384 0.942405138524
2.49968978326 0.942421377448
2.50826483761 0.941508749886
2.5125613864 0.939201198701
2.52113192994 0.939214189841
2.52970923969 0.937838752928
2.53828429404 0.936926125366
2.53615067978 0.935071640177
2.54686611461 0.934625069751
2.55543891355 0.93417525154
2.5640139679 0.933262623978
2.56188035364 0.931408138789
2.57259353306 0.931424377714
2.5811685874 0.930511750152
2.58974364175 0.929599122589
2.59832095151 0.928223685676
2.60689826126 0.926848248763
2.6154688048 0.926861239903
2.62048332457 0.923783422395
2.62834266335 0.923178251805
2.62835619579 0.9204013957
2.63692673932 0.92041438684
2.63694252716 0.917174721383
2.64337720103 0.915796036685
2.64339073347 0.91301918058
2.68203486319 0.897342122777
2.68420005314 0.892717277053
2.68421809639 0.889014802246
2.68208448213 0.887160317057
2.68853043303 0.883467585605
2.68854847628 0.879765110798
2.68641486202 0.877910625609
2.69285630211 0.875143512858
2.69287434536 0.871441038051
2.69289238861 0.867738563244
2.69790991559 0.864043666601
2.69506660018 0.861262480116
2.69931127463 0.869599544002
2.71239263056 0.823338095621
2.71241067381 0.819635620814
2.71242871705 0.815933146006
2.71677262938 0.803906598453
2.72124735527 0.765037108546
2.72997577724 0.732653445122
2.73213871178 0.728491408749
2.73000735293 0.72617411421
2.73004795024 0.717843545893
2.73006599349 0.714141071086
2.73008403674 0.710438596279
2.73010207999 0.706736121472
2.74961585437 0.659558797743
2.74962938681 0.656781941638
2.75820895197 0.654943695374
2.76674340901 0.662361636128
2.76676145226 0.658659161321
2.76677949551 0.654956686513
2.77179401528 0.651878869006
2.77319838153 0.656817667272
2.7775197398 0.649419213227
2.77753778305 0.64571673842
2.77970297299 0.641091892696
2.77756935874 0.639237407507
2.78186816294 0.636467046972
2.78402658667 0.6332306293
2.78618952121 0.629068592927
2.78835020034 0.625369365905
2.79265351536 0.621673386667
2.79695683038 0.61797740743
2.79697036281 0.615200551324
2.80339375965 0.616135913381
2.80555443878 0.612436686358
2.81412498232 0.612449677498
2.82269552586 0.612462668638
2.83126606939 0.612475659777
2.83983210211 0.613414269619
2.84625098814 0.615275250377
2.86553471109 0.615304480442
2.87411427625 0.613466234178
2.8826893306 0.612553606616
2.89126438495 0.611640979053
2.88913077069 0.609786493865
2.89984846092 0.608877114088
2.90842125986 0.608427295876
2.94270343401 0.608479260435
2.95127172213 0.608955060926
2.95983549945 0.610356480118
2.96839476596 0.612683518012
2.97696079868 0.613622127854
2.98551780978 0.616411975099
2.98338870633 0.613631871208
2.9940838425 0.61735058494
3.0026408536 0.620140432185
3.0111978647 0.622930279431
3.01975938661 0.624794507974
3.02831639771 0.627584355219
3.02618729426 0.624804251329
3.03686889799 0.631299821166
3.03473979454 0.628519717276
3.04614312826 0.633473671872
3.05469562854 0.637189137818
3.05185381674 0.634099411766
3.06324812883 0.640904603765
3.06040631703 0.637814877713
3.0717931111 0.646162767549
3.06894979569 0.643381581063
3.08034410778 0.650186773063
3.07750229597 0.64709704701
3.08818389971 0.653592616848
3.08605479626 0.650812512957
3.09316383658 0.657611209387
3.10170731524 0.663177912738
3.09887001425 0.659162567983
3.10953808555 0.668434993926
3.10955387339 0.665195328469
3.11879577617 0.674002779871
3.11595697157 0.670295974684
3.11597050401 0.667519118579
3.12733925483 0.679569483222
3.12450045023 0.675862678035
3.12451398267 0.673085821929
3.13588273349 0.685136186573
3.13304392889 0.681429381385
3.13305746133 0.67865252528
3.14442470855 0.69101142949
3.14158740756 0.686996084736
3.15296818721 0.696578132841
3.15013088622 0.692562788087
3.16150414785 0.703687534028
3.15866534325 0.699980728841
3.15867887569 0.697203872735
3.17004612291 0.709562776946
3.16720882191 0.705547432191
3.17858960157 0.715129480296
3.17575230057 0.711114135542
3.18712556221 0.722238881483
3.18428675761 0.718532076296
3.18430029005 0.715755220191
3.19566753726 0.728114124401
3.19283023627 0.724098779647
3.19284376871 0.721321923541
3.20348928594 0.735222442993
3.20350507379 0.731982777537
3.20137822575 0.728739864295
3.2120327646 0.740789146344
3.21204855245 0.737549480887
3.20992170441 0.734306567646
3.22129797325 0.744814234453
3.21846067226 0.740798889698
3.22912423274 0.750996934343
3.22700415092 0.746365593049
3.22701768335 0.743588736943
3.23838643417 0.755639101587
3.23554762958 0.751932296399
3.24692991283 0.761205804937
3.24409110824 0.75749899975
3.25475917953 0.766771425693
3.25477496738 0.763531760236
3.26402438818 0.770796513802
3.26118257637 0.767706787749
3.27257688846 0.774511979749
3.26973507666 0.771422253696
