1.60749 0.689405
1.607988 0.689477
1.608487 0.689914
1.608986 0.69115
1.609486 0.691805
1.609986 0.692387
1.610486 0.692605
1.610986 0.693187
1.611487 0.693114
1.611988 0.693987
1.61249 0.694351
1.612991 0.695515
1.613493 0.695878
1.613996 0.696387
1.614498 0.69646
1.615001 0.696897
1.615505 0.696969
1.616008 0.697697
1.616512 0.698206
1.617016 0.698788
1.617521 0.698642
1.618026 0.698933
1.618531 0.699297
1.619036 0.700315
1.619542 0.700679
1.620048 0.701115
1.620554 0.70177
1.621061 0.703007
1.621568 0.702934
1.622076 0.702788
1.622583 0.703007
1.623091 0.704389
1.6236 0.70468
1.624108 0.704825
1.624617 0.70468
1.625127 0.70548
1.625636 0.705771
1.626146 0.70708
1.626656 0.707298
1.627167 0.706789
1.627678 0.706571
1.628189 0.707444
1.628701 0.707735
1.629212 0.708316
1.629725 0.708098
1.630237 0.708462
1.63075 0.70868
1.631263 0.70948
1.631777 0.710208
1.63229 0.710717
1.632804 0.711153
1.633319 0.711808
1.633834 0.711808
1.634349 0.71239
1.634864 0.712462
1.63538 0.712753
1.635896 0.712972
1.636412 0.713699
1.636929 0.714208
1.637446 0.714281
1.637964 0.71399
1.638481 0.714426
1.638999 0.714572
1.639518 0.715372
1.640036 0.714935
1.640555 0.715154
1.641075 0.715881
1.641594 0.716463
1.642114 0.716172
1.642634 0.716608
1.643155 0.716899
1.643676 0.717627
1.644197 0.718209
1.644719 0.718791
1.645241 0.718645
1.645763 0.718718
1.646286 0.719154
1.646809 0.719663
1.647332 0.719372
1.647856 0.719954
1.64838 0.7201
1.648904 0.720609
1.649429 0.720973
1.649953 0.7217
1.650479 0.721991
1.651004 0.722573
1.651531 0.722427
1.652057 0.722864
1.652583 0.723009
1.65311 0.723373
1.653638 0.723737
1.654165 0.724319
1.654693 0.724319
1.655222 0.72461
1.65575 0.724828
1.656279 0.725046
1.656809 0.725046
1.657338 0.725773
1.657868 0.725919
1.658399 0.726283
1.658929 0.726719
1.65946 0.727592
1.659992 0.727301
1.660523 0.72781
1.661055 0.728174
1.661588 0.728319
1.662121 0.728465
1.662654 0.728537
1.663187 0.728756
1.663721 0.729047
1.664255 0.729119
1.664789 0.729701
1.665324 0.73021
1.665859 0.73072
1.666395 0.730501
1.666931 0.730501
1.667467 0.73072
1.668003 0.731374
1.66854 0.731738
1.669077 0.732029
1.669615 0.732247
1.670153 0.732611
1.670691 0.732974
1.671229 0.733338
1.671769 0.733265
1.672308 0.733629
1.672847 0.734211
1.673387 0.734502
1.673928 0.734211
1.674468 0.734575
1.675009 0.734647
1.675551 0.734866
1.676093 0.735229
1.676635 0.735957
1.677177 0.735957
1.67772 0.735884
1.678263 0.736175
1.678806 0.736902
1.67935 0.736611
1.679894 0.737411
1.680439 0.737775
1.680984 0.73792
1.681529 0.737775
1.682074 0.73843
1.682621 0.73843
1.683167 0.738502
1.683714 0.73843
1.68426 0.738648
1.684808 0.738939
1.685356 0.739812
1.685904 0.739957
1.686452 0.740248
1.687001 0.739884
1.68755 0.740175
1.6881 0.740466
1.68865 0.74083
1.6892 0.74083
1.689751 0.741121
1.690302 0.741703
1.690853 0.742139
1.691405 0.741776
1.691957 0.742357
1.692509 0.742648
1.693061 0.743158
1.693615 0.743521
1.694168 0.743594
1.694722 0.743594
1.695276 0.74403
1.695831 0.744467
1.696385 0.744685
1.696941 0.744758
1.697497 0.744612
1.698053 0.744176
1.698609 0.744176
1.699166 0.744758
1.699723 0.745485
1.70028 0.74534
1.700838 0.745412
1.701396 0.745776
1.701955 0.745849
1.702514 0.745776
1.703073 0.746431
1.703633 0.746504
1.704193 0.746722
1.704753 0.746649
1.705314 0.746867
1.705875 0.747231
1.706436 0.747304
1.706998 0.74694
1.707561 0.747231
1.708123 0.747595
1.708686 0.748176
1.70925 0.747813
1.709813 0.747958
1.710377 0.748104
1.710942 0.748322
1.711507 0.748758
1.712072 0.749777
1.712638 0.749631
1.713204 0.74934
1.71377 0.748758
1.714337 0.749268
1.714904 0.749704
1.715471 0.749922
1.716039 0.749922
1.716607 0.75065
1.717176 0.750795
1.717745 0.750213
1.718314 0.75014
1.718884 0.75065
1.719454 0.751013
1.720024 0.751304
1.720595 0.751159
1.721167 0.751668
1.721738 0.752032
1.72231 0.752468
1.722883 0.752759
1.723455 0.753195
1.724029 0.753123
1.724602 0.753195
1.725176 0.753705
1.72575 0.754141
1.726325 0.754141
1.7269 0.754068
1.727476 0.753777
1.728051 0.754286
1.728628 0.754432
1.729204 0.754868
1.729781 0.754577
1.730358 0.755014
1.730936 0.755305
1.731514 0.755523
1.732093 0.755378
1.732672 0.756105
1.733251 0.756468
1.733831 0.756687
1.734411 0.756323
1.734991 0.756614
1.735572 0.756832
1.736153 0.75705
1.736735 0.756905
1.737317 0.757196
1.7379 0.757123
1.738482 0.757851
1.739066 0.757923
1.739649 0.758214
1.740233 0.758432
1.740817 0.758723
1.741402 0.758869
1.741987 0.758578
1.742573 0.758942
1.743159 0.759305
1.743745 0.759014
1.744332 0.759014
1.744919 0.759596
1.745506 0.760251
1.746094 0.760178
1.746683 0.760178
1.747271 0.760105
1.74786 0.760469
1.74845 0.760687
1.74904 0.761415
1.74963 0.761487
1.750221 0.761196
1.750812 0.761706
1.751403 0.762142
1.751995 0.762433
1.752588 0.762651
1.75318 0.762506
1.753773 0.76236
1.754367 0.76236
1.754961 0.762651
1.755555 0.762942
1.75615 0.763597
1.756745 0.763524
1.75734 0.763524
1.757936 0.763597
1.758533 0.764179
1.759129 0.76447
1.759726 0.764688
1.760324 0.764324
1.760922 0.764106
1.76152 0.764615
1.762119 0.765342
1.762718 0.765197
1.763318 0.765488
1.763918 0.765852
1.764518 0.765706
1.765119 0.765633
1.76572 0.76607
1.766322 0.766361
1.766924 0.766215
1.767526 0.766143
1.768129 0.766652
1.768732 0.767234
1.769336 0.767452
1.76994 0.767088
1.770545 0.767015
1.771149 0.767525
1.771755 0.767379
1.77236 0.767088
1.772967 0.767015
1.773573 0.767379
1.77418 0.76847
1.774787 0.768616
1.775395 0.768397
1.776004 0.768325
1.776612 0.768543
1.777221 0.768252
1.777831 0.768397
1.778441 0.768688
1.779051 0.76927
1.779662 0.769416
1.780273 0.769416
1.780884 0.76927
1.781496 0.769343
1.782109 0.76927
1.782721 0.769634
1.783335 0.769925
1.783948 0.769998
1.784562 0.769925
1.785177 0.769998
1.785792 0.770216
1.786407 0.770507
1.787023 0.770289
1.787639 0.770507
1.788256 0.770652
1.788873 0.771016
1.789491 0.770943
1.790108 0.771161
1.790727 0.771161
1.791346 0.771452
1.791965 0.771671
1.792585 0.771743
1.793205 0.771743
1.793825 0.771962
1.794446 0.771816
1.795067 0.771889
1.795689 0.772034
1.796311 0.772034
1.796934 0.771816
1.797557 0.77218
1.79818 0.772471
1.798804 0.772689
1.799429 0.772398
1.800053 0.772689
1.800679 0.773125
1.801304 0.773271
1.801931 0.773271
1.802557 0.773198
1.803184 0.773344
1.803812 0.773707
1.804439 0.77378
1.805068 0.773998
1.805696 0.773707
1.806326 0.773635
1.806955 0.773635
1.807585 0.773998
1.808216 0.774216
1.808847 0.774653
1.809478 0.774507
1.81011 0.774798
1.810742 0.774653
1.811375 0.774507
1.812008 0.774289
1.812641 0.774798
1.813275 0.775453
1.81391 0.775526
1.814545 0.775308
1.81518 0.775089
1.815816 0.775235
1.816452 0.775889
1.817089 0.776035
1.817726 0.775889
1.818363 0.776035
1.819001 0.776399
1.81964 0.776108
1.820279 0.775889
1.820918 0.776035
1.821558 0.775962
1.822199 0.776326
1.822839 0.776762
1.82348 0.777053
1.824122 0.777417
1.824764 0.77749
1.825406 0.777126
1.826049 0.776544
1.826693 0.777635
1.827337 0.777781
1.827981 0.77749
1.828626 0.777562
1.829271 0.777781
1.829917 0.777853
1.830563 0.77749
1.83121 0.777635
1.831857 0.778363
1.832504 0.778508
1.833152 0.778872
1.833801 0.778944
1.83445 0.778508
1.835099 0.778435
1.835749 0.778363
1.836399 0.778508
1.83705 0.778872
1.837701 0.778944
1.838353 0.780035
1.839005 0.779454
1.839658 0.778872
1.840311 0.779308
1.840964 0.779599
1.841618 0.778508
1.842272 0.779381
1.842927 0.780545
1.843583 0.781054
1.844238 0.780981
1.844895 0.781199
1.845551 0.780981
1.846209 0.779745
1.846867 0.778799
1.847525 0.779963
1.848184 0.780254
1.848843 0.781272
1.849502 0.781636
1.850162 0.781854
1.850823 0.782218
1.851484 0.782363
1.852145 0.781927
1.852807 0.781345
1.853469 0.780763
1.854132 0.781781
1.854796 0.782436
1.855459 0.782363
1.856124 0.781636
1.856789 0.781781
1.857454 0.782436
1.85812 0.782799
1.858786 0.781927
1.859453 0.781126
1.86012 0.781708
1.860788 0.782945
1.861456 0.783672
1.862124 0.783745
1.862794 0.783309
1.863463 0.783018
1.864133 0.782945
1.864804 0.783454
1.865475 0.783527
1.866146 0.783527
1.866818 0.782799
1.867491 0.781708
1.868164 0.782436
1.868837 0.782945
1.869511 0.782872
1.870185 0.782145
1.87086 0.781417
1.871536 0.782799
1.872212 0.782145
1.872888 0.781345
1.873565 0.78229
1.874242 0.783236
1.87492 0.782945
1.875599 0.783236
1.876277 0.782654
1.876957 0.782799
1.877637 0.783527
1.878317 0.783818
1.878998 0.783818
1.879679 0.78389
1.880361 0.783672
1.881043 0.7836
1.881726 0.783963
1.882409 0.784181
1.883093 0.7836
1.883777 0.78309
1.884462 0.783672
1.885147 0.784036
1.885833 0.783672
1.886519 0.7836
1.887206 0.78389
1.887893 0.784109
1.888581 0.783963
1.889269 0.783454
1.889958 0.782872
1.890647 0.783454
1.891337 0.783163
1.892027 0.782945
1.892718 0.783163
1.893409 0.783309
1.894101 0.783672
1.894793 0.78389
1.895486 0.784036
1.896179 0.784327
1.896873 0.783672
1.897568 0.783163
1.898262 0.783163
1.898958 0.782072
1.899654 0.781563
1.90035 0.782581
1.901047 0.783745
1.901744 0.783745
1.902442 0.78229
1.90314 0.782799
1.903839 0.7836
1.904539 0.782872
1.905239 0.782363
1.905939 0.782727
1.90664 0.782727
1.907342 0.78389
1.908044 0.784036
1.908746 0.783963
1.909449 0.783963
1.910153 0.784109
1.910857 0.783672
1.911561 0.7836
1.912266 0.7836
1.912972 0.783236
1.913678 0.78309
1.914385 0.783818
1.915092 0.784036
1.9158 0.783818
1.916508 0.783672
1.917217 0.784181
1.917926 0.7844
1.918636 0.784327
1.919346 0.783527
1.920057 0.783163
1.920768 0.783527
1.92148 0.784545
1.922193 0.784763
1.922906 0.784763
1.92362 0.784036
1.924333 0.784327
1.925048 0.784691
1.925763 0.784982
1.926479 0.784618
1.927195 0.784836
1.927912 0.784836
1.928629 0.784691
1.929346 0.784909
1.930065 0.785491
1.930784 0.785491
1.931503 0.785636
1.932223 0.785563
1.932943 0.785418
1.933664 0.785491
1.934386 0.785782
1.935108 0.785491
1.93583 0.785418
1.936554 0.785491
1.937277 0.785636
1.938002 0.785563
1.938726 0.785709
1.939452 0.785709
1.940177 0.786
1.940904 0.785927
1.941631 0.786145
1.942358 0.786145
1.943086 0.786727
1.943815 0.786655
1.944544 0.786655
1.945274 0.786436
1.946004 0.786436
1.946735 0.786509
1.947466 0.786436
1.948198 0.786509
1.94893 0.786727
1.949663 0.7868
1.950397 0.786727
1.951131 0.786509
1.951865 0.786727
1.952601 0.786946
1.953336 0.787091
1.954073 0.786727
1.954809 0.787018
1.955547 0.787164
1.956285 0.787309
1.957023 0.787236
1.957762 0.787236
1.958502 0.787018
1.959242 0.787236
1.959983 0.7876
1.960724 0.787891
1.961466 0.7876
1.962208 0.787527
1.962951 0.787527
1.963695 0.787891
1.964439 0.787818
1.965183 0.787818
1.965929 0.787746
1.966674 0.787746
1.967421 0.787746
1.968168 0.787891
1.968915 0.788109
1.969663 0.788328
1.970412 0.788255
1.971161 0.788109
1.971911 0.787964
1.972661 0.788182
1.973413 0.788182
1.974164 0.788255
1.974916 0.788255
1.975669 0.7884
1.976422 0.788328
1.977176 0.788546
1.97793 0.788473
1.978685 0.789055
1.97944 0.788909
1.980196 0.788764
1.980953 0.788691
1.98171 0.788764
1.982468 0.788909
1.983226 0.789128
1.983986 0.788909
1.984745 0.789055
1.985505 0.789055
1.986266 0.789273
1.987027 0.789419
1.987789 0.789419
1.988552 0.789491
1.989315 0.79
1.990078 0.789855
1.990842 0.790219
1.991607 0.790146
1.992373 0.79
1.993139 0.789855
1.993905 0.790364
1.994673 0.790582
1.99544 0.79051
1.996209 0.79051
1.996978 0.790946
1.997747 0.791092
1.998517 0.791455
1.999288 0.79131
2.000059 0.791382
2.000831 0.791528
2.001604 0.791455
2.002377 0.791455
2.003151 0.791964
2.003925 0.792037
2.0047 0.792037
2.005476 0.792037
2.006252 0.792401
2.007029 0.792474
2.007806 0.792837
2.008584 0.792764
2.009362 0.792983
2.010141 0.793128
2.010921 0.793346
2.011701 0.793492
2.012482 0.793637
2.013264 0.793565
2.014046 0.793565
2.014829 0.793783
2.015612 0.794001
2.016396 0.794001
2.01718 0.794365
2.017966 0.794292
2.018752 0.794292
2.019538 0.794437
2.020325 0.794656
2.021113 0.794656
2.021901 0.794947
2.02269 0.795092
2.023479 0.79531
2.02427 0.795383
2.02506 0.795529
2.025852 0.795747
2.026644 0.795892
2.027436 0.795601
2.028229 0.795747
2.029023 0.795965
2.029818 0.795892
2.030613 0.795892
2.031409 0.79611
2.032204 0.796183
2.033001 0.79662
2.033799 0.796329
2.034597 0.796329
2.035396 0.796474
2.036195 0.796765
2.036996 0.796692
2.037796 0.796838
2.038598 0.796983
2.0394 0.797347
2.040203 0.797492
2.041006 0.797783
2.04181 0.797929
2.042614 0.798002
2.043419 0.79822
2.044225 0.798438
2.045032 0.798147
2.045839 0.798511
2.046646 0.798947
2.047455 0.799165
2.048264 0.799093
2.049073 0.799311
2.049883 0.799602
2.050694 0.79982
2.051505 0.799747
2.052317 0.800038
2.05313 0.800038
2.053944 0.800038
2.054758 0.800111
2.055573 0.800547
2.056388 0.80062
2.057204 0.800693
2.058021 0.800838
2.058838 0.801202
2.059656 0.801129
2.060475 0.801202
2.061294 0.801129
2.062114 0.80142
2.062935 0.80142
2.063756 0.801348
2.064577 0.80142
2.0654 0.801711
2.066223 0.801711
2.067047 0.801929
2.067871 0.802002
2.068696 0.802148
2.069522 0.802293
2.070349 0.802584
2.071176 0.802438
2.072004 0.802584
2.072833 0.802875
2.073662 0.80302
2.074492 0.803093
2.075322 0.803166
2.076153 0.802875
2.076985 0.803166
2.077817 0.803166
2.07865 0.803311
2.079484 0.803311
2.080319 0.803311
2.081154 0.803384
2.08199 0.803748
2.082826 0.803966
2.083663 0.803893
2.084501 0.803893
2.08534 0.80433
2.086179 0.804257
2.087018 0.804184
2.087859 0.804111
2.0887 0.80433
2.089542 0.804621
2.090385 0.804693
2.091228 0.804693
2.092072 0.804839
2.092917 0.804766
2.093762 0.804839
2.094608 0.805057
2.095454 0.805348
2.096302 0.805421
2.09715 0.805639
2.097999 0.805712
2.098848 0.805712
2.099698 0.805566
2.100549 0.805712
2.1014 0.80593
2.102252 0.806075
2.103105 0.806075
2.103959 0.806148
2.104813 0.806075
2.105668 0.806439
2.106524 0.80673
2.10738 0.806657
2.108237 0.806585
2.109094 0.806803
2.109953 0.80673
2.110812 0.806803
2.111672 0.80673
2.112532 0.807021
2.113394 0.807021
2.114255 0.807021
2.115118 0.807021
2.115981 0.807239
2.116845 0.807239
2.11771 0.807166
2.118576 0.806948
2.119442 0.806948
2.120309 0.807094
2.121176 0.807166
2.122045 0.807239
2.122913 0.807385
2.123783 0.807239
2.124654 0.807312
2.125525 0.807312
2.126396 0.807457
2.127269 0.807239
2.128142 0.807385
2.129016 0.807457
2.129891 0.80753
2.130766 0.807312
2.131642 0.807166
2.132519 0.807094
2.133397 0.807239
2.134275 0.807239
2.135154 0.807094
2.136034 0.806948
2.136914 0.807021
2.137795 0.806948
2.138677 0.806948
2.13956 0.806876
2.140444 0.807166
2.141328 0.807312
2.142213 0.807457
2.143099 0.807021
2.143985 0.807166
2.144872 0.807385
2.14576 0.807385
2.146648 0.807166
2.147537 0.807457
2.148427 0.807603
2.149318 0.807821
2.150209 0.807894
2.151101 0.808258
2.151994 0.808112
2.152888 0.808112
2.153783 0.808185
2.154678 0.808258
2.155574 0.808476
2.15647 0.808694
2.157368 0.808548
2.158266 0.808476
2.159165 0.808548
2.160064 0.808839
2.160964 0.808912
2.161865 0.809058
2.162767 0.808985
2.16367 0.808985
2.164573 0.809203
2.165478 0.80964
2.166383 0.809494
2.167288 0.80964
2.168195 0.809421
2.169102 0.809712
2.17001 0.810003
2.170919 0.809931
2.171828 0.809785
2.172739 0.810221
2.17365 0.810294
2.174561 0.81044
2.175474 0.810367
2.176387 0.810585
2.177301 0.810876
2.178216 0.810949
2.179132 0.810876
2.180048 0.810876
2.180965 0.811022
2.181883 0.811167
2.182801 0.811167
2.183721 0.811312
2.184641 0.811385
2.185562 0.811385
2.186484 0.811312
2.187407 0.811385
2.18833 0.811458
2.189254 0.811676
2.190179 0.811531
2.191105 0.811531
2.192032 0.811676
2.192959 0.811749
2.193887 0.811822
2.194816 0.812113
2.195745 0.811894
2.196676 0.811822
2.197607 0.811676
2.198539 0.81204
2.199472 0.812113
2.200405 0.81204
2.201339 0.812113
2.202275 0.812185
2.203211 0.812113
2.204147 0.812476
2.205085 0.812549
2.206023 0.812476
2.206962 0.812404
2.207902 0.812404
2.208843 0.812404
2.209784 0.812549
2.210727 0.812622
2.21167 0.812767
2.212614 0.812694
2.213559 0.812694
2.214504 0.812694
2.215451 0.812913
2.216398 0.812985
2.217346 0.812985
2.218295 0.812985
2.219244 0.813276
2.220195 0.813349
2.221146 0.813422
2.222098 0.813349
2.223051 0.813276
2.224005 0.813276
2.224959 0.813276
2.225914 0.813349
2.226871 0.813495
2.227827 0.813349
2.228785 0.813131
2.229744 0.812985
2.230703 0.813422
2.231663 0.813495
2.232625 0.813495
2.233587 0.813567
2.234549 0.813435
2.235513 0.813302
2.236477 0.813368
2.237442 0.813435
2.238408 0.813236
2.239375 0.812904
2.240343 0.813037
2.241312 0.813169
2.242281 0.813368
2.243252 0.813567
2.244223 0.813169
2.245195 0.812971
2.246168 0.812838
2.247141 0.81244
2.248116 0.812705
2.249091 0.812971
2.250067 0.813236
2.251044 0.812971
2.252022 0.812971
2.253 0.812904
2.25398 0.812772
2.254961 0.812772
2.255942 0.812374
2.256924 0.812042
2.257907 0.81191
2.258891 0.811645
2.259876 0.811976
2.260861 0.81244
2.261847 0.811976
2.262835 0.811711
2.263823 0.811777
2.264812 0.811578
2.265802 0.811645
2.266792 0.811512
2.267784 0.811512
2.268776 0.811512
2.26977 0.811048
2.270764 0.810385
2.271759 0.810186
2.272755 0.810319
2.273752 0.81012
2.27475 0.809656
2.275748 0.809589
2.276747 0.809258
2.277748 0.808993
2.278749 0.808529
2.279751 0.808263
2.280754 0.8076
2.281758 0.806937
2.282763 0.806805
2.283768 0.806407
2.284775 0.805876
2.285782 0.805015
2.286791 0.803954
2.2878 0.802959
2.28881 0.802164
2.289821 0.801567
2.290832 0.801235
2.291845 0.801103
2.292859 0.801103
2.293873 0.801766
2.294889 0.802363
2.295905 0.802429
2.296922 0.802495
2.29794 0.802296
2.29896 0.802164
2.299979 0.801965
2.301001 0.801567
2.302022 0.801169
2.303045 0.800572
2.304068 0.799644
2.305093 0.798849
2.306118 0.798252
2.307145 0.797125
2.308172 0.795733
2.309201 0.794605
2.31023 0.793478
2.31126 0.792219
2.31229 0.79129
2.313322 0.79129
2.314355 0.791887
2.315388 0.792882
2.316423 0.794407
2.317458 0.7956
2.318495 0.796926
2.319532 0.798385
2.32057 0.799048
2.321609 0.799313
2.32265 0.799578
2.323691 0.799909
2.324733 0.800175
2.325776 0.80097
2.32682 0.801501
2.327865 0.80223
2.32891 0.803291
2.329957 0.80402
2.331005 0.804285
2.332053 0.804816
2.333103 0.805147
2.334153 0.805678
2.335205 0.806142
2.336257 0.806407
2.33731 0.806539
2.338365 0.806672
2.33942 0.806805
2.340476 0.806738
2.341533 0.806738
2.342591 0.806937
2.34365 0.807004
2.34471 0.806871
2.345771 0.80707
2.346833 0.806871
2.347896 0.806341
2.34896 0.806009
2.350024 0.806208
2.35109 0.806407
2.352157 0.806407
2.353225 0.806142
2.354293 0.805943
2.355363 0.805744
2.356434 0.805876
2.357505 0.805943
2.358577 0.805876
2.359651 0.805744
2.360726 0.805545
2.361801 0.80528
2.362878 0.805214
2.363955 0.805214
2.365033 0.805081
2.366114 0.804683
2.367194 0.804551
2.368275 0.804219
2.369358 0.803954
2.370441 0.803821
2.371525 0.803556
2.372611 0.803225
2.373697 0.803225
2.374785 0.802893
2.375873 0.802694
2.376962 0.802562
2.378052 0.802628
2.379144 0.802562
2.380236 0.802031
2.38133 0.801567
2.382424 0.801434
2.383519 0.801037
2.384615 0.800838
2.385713 0.800705
2.386811 0.80097
2.387911 0.80097
2.389011 0.800506
2.390113 0.80044
2.391215 0.800175
2.392318 0.800241
2.393423 0.800639
2.394528 0.800771
2.395635 0.801103
2.396743 0.801235
2.397851 0.801501
2.398961 0.801501
2.400071 0.801567
2.401183 0.801766
2.402296 0.802363
2.40341 0.802694
2.404524 0.802694
2.40564 0.80276
2.406757 0.802628
2.407875 0.802628
2.408994 0.802429
2.410113 0.802429
2.411234 0.802495
2.412356 0.802628
2.413479 0.802363
2.414603 0.802429
2.415729 0.802628
2.416855 0.802031
2.417982 0.801965
2.419111 0.802097
2.42024 0.802031
2.421371 0.801965
2.422502 0.801832
2.423635 0.801832
2.424768 0.801302
2.425903 0.801235
2.427038 0.80097
2.428176 0.80097
2.429314 0.801501
2.430453 0.801434
2.431592 0.801103
2.432734 0.800639
2.433876 0.800572
2.435019 0.800639
2.436163 0.800506
2.437308 0.800572
2.438454 0.800307
2.439602 0.800108
2.44075 0.800374
2.4419 0.80044
2.443051 0.800572
2.444203 0.800572
2.445355 0.800042
2.44651 0.799711
2.447665 0.799843
2.448821 0.800108
2.449978 0.799843
2.451137 0.799512
2.452296 0.799048
2.453457 0.799246
2.454618 0.799578
2.455781 0.799512
2.456945 0.79918
2.45811 0.799048
2.459276 0.798782
2.460443 0.798716
2.461612 0.798584
2.462781 0.798119
2.463952 0.798252
2.465123 0.798517
2.466296 0.798517
2.46747 0.798318
2.468645 0.798252
2.469821 0.798782
2.470998 0.799048
2.472176 0.79918
2.473356 0.799578
2.474536 0.799843
2.475718 0.800042
2.476901 0.800175
2.478085 0.799909
2.47927 0.799909
2.480456 0.799909
2.481644 0.800241
2.482832 0.800374
2.484022 0.800241
2.485213 0.800042
2.486404 0.799711
2.487597 0.799578
2.488792 0.799843
2.489987 0.799976
2.491184 0.799644
2.492381 0.799313
2.493581 0.79918
2.494781 0.799114
2.495982 0.79918
2.497184 0.799445
2.498387 0.799379
2.499592 0.799114
2.500798 0.799048
2.502005 0.798716
2.503213 0.798584
2.504422 0.798451
2.505633 0.798318
2.506844 0.798584
2.508057 0.798584
2.509271 0.798252
2.510486 0.797854
2.511703 0.797788
2.51292 0.797324
2.514138 0.796727
2.515358 0.796197
2.516579 0.795932
2.517802 0.795998
2.519025 0.795534
2.52025 0.795534
2.521476 0.795401
2.522703 0.794738
2.523931 0.793943
2.52516 0.793545
2.526391 0.793147
2.527622 0.792815
2.528856 0.792152
2.53009 0.790163
2.531325 0.788108
2.532562 0.787246
2.5338 0.787644
2.535039 0.785589
2.536279 0.783799
2.53752 0.784594
2.538763 0.784462
2.540007 0.783202
2.541252 0.779887
2.542498 0.775644
2.543746 0.775445
2.544994 0.776373
2.546244 0.774981
2.547495 0.772063
2.548748 0.772196
2.550002 0.770737
2.551256 0.767621
2.552513 0.76603
2.553771 0.769478
2.555029 0.772395
2.556289 0.772859
2.55755 0.772859
2.558813 0.770074
2.560076 0.761058
2.561341 0.754096
2.562607 0.754428
2.563875 0.756549
2.565143 0.764041
2.566413 0.770804
2.567684 0.768417
2.568957 0.760196
2.57023 0.761654
2.571505 0.7655
2.572781 0.755024
2.574058 0.757013
2.575337 0.76119
2.576617 0.757478
2.577898 0.762583
2.579181 0.765964
2.580465 0.76013
2.58175 0.758207
2.583036 0.747997
2.584324 0.748262
2.585613 0.756616
2.586903 0.75224
2.588195 0.754428
2.589488 0.758936
2.590782 0.762317
2.592077 0.75708
2.593373 0.729234
2.594671 0.706758
2.595971 0.729035
2.597271 0.753234
2.598573 0.761058
2.599876 0.758605
2.601181 0.753035
2.602487 0.749124
2.603794 0.740836
2.605102 0.730361
2.606412 0.736792
2.607723 0.745477
2.609035 0.747267
2.610349 0.750185
2.611664 0.752372
2.612981 0.750582
2.614299 0.750781
2.615618 0.737985
2.616938 0.731024
2.61826 0.740041
2.619583 0.732217
2.620907 0.734803
2.622233 0.750052
2.62356 0.753035
2.624888 0.746405
2.626217 0.734074
2.627548 0.740041
2.628881 0.735797
2.630215 0.723134
2.63155 0.734737
2.632886 0.7413
2.634224 0.741963
2.635564 0.747599
2.636904 0.748925
2.638246 0.74919
2.63959 0.748262
2.640934 0.746604
2.64228 0.74561
2.643628 0.746008
2.644976 0.741035
2.646327 0.74203
2.647678 0.746405
2.649031 0.747864
2.650386 0.744416
2.651741 0.737057
2.653098 0.736792
2.654457 0.739311
2.655817 0.739643
2.657177 0.743621
2.65854 0.73825
2.659904 0.735599
2.66127 0.737322
2.662637 0.737256
2.664005 0.720548
2.665375 0.706559
2.666745 0.70888
2.668118 0.721344
2.669492 0.7051
2.670867 0.705167
2.672244 0.731422
2.673622 0.736726
2.675002 0.726913
2.676383 0.717035
2.677765 0.719885
2.67915 0.723399
2.680535 0.735134
2.681922 0.737256
2.68331 0.733742
2.6847 0.733941
2.68609 0.734272
2.687483 0.735797
2.688877 0.737786
2.690272 0.738516
2.691669 0.732748
2.693067 0.718493
2.694467 0.716173
2.695868 0.723665
2.69727 0.730361
2.698674 0.730626
2.70008 0.72393
2.701487 0.719554
2.702896 0.721609
2.704306 0.71909
2.705717 0.714316
2.70713 0.705233
2.708544 0.689387
2.70996 0.669033
2.711378 0.65995
2.712797 0.66174
2.714217 0.649806
2.715639 0.626933
2.717062 0.589871
2.718487 0.537693
2.719913 0.494996
2.721341 0.509847
2.72277 0.541671
2.7242 0.564743
2.725633 0.596833
2.727067 0.621562
2.728502 0.629253
2.729939 0.625076
2.731377 0.617717
2.732817 0.614004
2.734258 0.612546
2.735701 0.621828
2.737146 0.626402
2.738592 0.613341
2.740039 0.605584
2.741488 0.61228
2.742939 0.622159
2.744391 0.626402
2.745844 0.627994
2.747299 0.628789
2.748756 0.627662
2.750214 0.624546
2.751674 0.620237
2.753135 0.612877
2.754598 0.59491
2.756062 0.593385
2.757528 0.604059
2.758996 0.604523
2.760465 0.597628
2.761936 0.585628
2.763408 0.581053
2.764882 0.581385
2.766357 0.575882
2.767834 0.568257
2.769313 0.559705
2.770793 0.548633
2.772275 0.541008
2.773758 0.530002
2.775243 0.513427
2.77673 0.493869
2.778218 0.475305
2.779707 0.457006
2.781199 0.440497
2.782691 0.4279
2.784185 0.418022
2.785681 0.406618
2.787179 0.398927
2.788678 0.397999
2.790179 0.3978
2.791682 0.395082
2.793186 0.391634
2.794692 0.387988
2.7962 0.384275
2.797709 0.380628
2.799219 0.377711
2.800731 0.374993
2.802245 0.373601
2.803761 0.37844
2.805278 0.386595
2.806797 0.391966
2.808318 0.394883
2.80984 0.396408
2.811363 0.396607
2.812889 0.394883
2.814416 0.392297
2.815945 0.38991
2.817475 0.386794
2.819007 0.383148
2.82054 0.381556
2.822076 0.382021
2.823613 0.383546
2.825152 0.385203
2.826692 0.386728
2.828234 0.388783
2.829778 0.391303
2.831324 0.39296
2.832871 0.393955
2.83442 0.394949
2.835971 0.396739
2.837523 0.397999
2.839077 0.399126
2.840632 0.400319
2.84219 0.401115
2.843749 0.401712
2.84531 0.401778
2.846872 0.401579
2.848437 0.401314
2.850003 0.401778
2.85157 0.402176
2.85314 0.40085
2.854711 0.399192
2.856283 0.397601
2.857857 0.395877
2.859434 0.396275
2.861012 0.39959
2.862592 0.403833
2.864173 0.407745
2.865757 0.411193
2.867342 0.414309
2.868929 0.41716
2.870517 0.419613
2.872108 0.422397
2.873699 0.425314
2.875293 0.427701
2.876889 0.429955
2.878486 0.432342
2.880085 0.434729
2.881686 0.43705
2.883289 0.439039
2.884893 0.441028
2.886499 0.442751
2.888107 0.444144
2.889717 0.446066
2.891329 0.44779
2.892942 0.449381
2.894558 0.450973
2.896175 0.452431
2.897794 0.453625
2.899415 0.45442
2.901037 0.455547
2.902662 0.457205
2.904288 0.458398
2.905916 0.459658
2.907546 0.460719
2.909178 0.461581
2.910811 0.462575
2.912446 0.463503
2.914083 0.464365
2.915722 0.46536
2.917363 0.466222
2.919006 0.467017
2.92065 0.46768
2.922296 0.468409
2.923944 0.469404
2.925594 0.470863
2.927246 0.471791
2.9289 0.472984
2.930556 0.474178
2.932213 0.475437
2.933873 0.476697
2.935534 0.477957
2.937198 0.478885
2.938863 0.479879
2.94053 0.481205
2.942199 0.482531
2.943869 0.483658
2.945542 0.484587
2.947217 0.485647
2.948893 0.486973
2.950572 0.488167
2.952252 0.489427
2.953934 0.490222
2.955618 0.491084
2.957304 0.492145
2.958992 0.493272
2.960681 0.494134
2.962373 0.495128
2.964067 0.496123
2.965763 0.497316
2.96746 0.498377
2.96916 0.499372
2.970861 0.500233
2.972565 0.501029
2.974271 0.501891
2.975978 0.502885
2.977687 0.503747
2.979398 0.504477
2.981112 0.505405
2.982827 0.506466
2.984544 0.50746
2.986264 0.508057
2.987985 0.508654
2.989709 0.509449
2.991434 0.510179
2.993161 0.510841
2.99489 0.511504
2.996621 0.511902
2.998354 0.512565
3.000089 0.513427
3.001826 0.514024
3.003565 0.514621
3.005306 0.51535
3.00705 0.516212
3.008795 0.516941
3.010542 0.517604
3.012291 0.5184
3.014043 0.519394
3.015796 0.52019
3.017552 0.520654
3.019309 0.521383
3.021069 0.522444
3.02283 0.523505
3.024594 0.524632
3.02636 0.525494
3.028127 0.526488
3.029897 0.527483
3.031669 0.528278
3.033443 0.529405
3.035219 0.530599
3.036998 0.531593
3.038778 0.532522
3.04056 0.533649
3.042344 0.534776
3.04413 0.535704
3.045919 0.536831
3.047709 0.538091
3.049502 0.539085
3.051297 0.539947
3.053094 0.540875
3.054893 0.541737
3.056694 0.542665
3.058498 0.543594
3.060303 0.544721
3.062111 0.545583
3.063921 0.546246
3.065733 0.546842
3.067547 0.547439
3.069363 0.548168
3.071181 0.548964
3.073001 0.549561
3.074824 0.55029
3.076649 0.550953
3.078476 0.55155
3.080305 0.551815
3.082136 0.552279
3.08397 0.552942
3.085805 0.553671
3.087644 0.554202
3.089484 0.5546
3.091326 0.555262
3.093171 0.555793
3.095017 0.556257
3.096866 0.556655
3.098717 0.557119
3.10057 0.557649
3.102426 0.55818
3.104284 0.55871
3.106144 0.559307
3.108006 0.55997
3.109871 0.560368
3.111737 0.560898
3.113606 0.561495
3.115477 0.562224
3.11735 0.56302
3.119226 0.56355
3.121104 0.56408
3.122984 0.564611
3.124866 0.56534
3.126751 0.566069
3.128638 0.566732
3.130527 0.567462
3.132419 0.568125
3.134313 0.568721
3.136209 0.569384
3.138108 0.570114
3.140008 0.570909
3.141912 0.571639
3.143817 0.572302
3.145725 0.572965
3.147635 0.57376
3.149547 0.574423
3.151462 0.575219
3.153378 0.576081
3.155298 0.576677
3.157219 0.577407
3.159143 0.578335
3.16107 0.57913
3.162998 0.579794
3.164929 0.580456
3.166862 0.581318
3.168798 0.582114
3.170736 0.582843
3.172677 0.583307
3.174619 0.583904
3.176565 0.584633
3.178513 0.585495
3.180463 0.586225
3.182415 0.586888
3.18437 0.587617
3.186327 0.588412
3.188287 0.589208
3.190248 0.589672
3.192213 0.590203
3.19418 0.590932
3.196149 0.591661
3.198121 0.592324
3.200095 0.593053
3.202072 0.593783
3.204051 0.594578
3.206032 0.595175
3.208016 0.595639
3.210002 0.596302
3.211991 0.597164
3.213982 0.59796
3.215976 0.598556
3.217972 0.599153
3.219971 0.599617
3.221972 0.600148
3.223976 0.600612
3.225982 0.601474
3.227991 0.602137
3.230002 0.602667
3.232016 0.60333
3.234032 0.603993
3.236051 0.604656
3.238072 0.605186
3.240096 0.605916
3.242123 0.606512
3.244152 0.60691
3.246183 0.607374
3.248217 0.607971
3.250253 0.608634
3.252293 0.609098
3.254334 0.609562
3.256378 0.610159
3.258425 0.610623
3.260474 0.611021
3.262526 0.611352
3.26458 0.611949
3.266638 0.612479
3.268697 0.612877
3.27076 0.613275
3.272825 0.613805
3.274892 0.614535
3.276962 0.614932
3.279035 0.615131
3.28111 0.615596
3.283188 0.616192
3.285269 0.616723
3.287352 0.617319
3.289438 0.617651
3.291526 0.618049
3.293617 0.618446
3.295711 0.618712
3.297807 0.619308
3.299906 0.620104
3.302008 0.620767
3.304113 0.621098
3.30622 0.621629
3.30833 0.622358
3.310443 0.622822
3.312558 0.623353
3.314676 0.623949
3.316797 0.62448
3.31892 0.625076
3.321046 0.625739
3.323175 0.626402
3.325307 0.626933
3.327442 0.627331
3.329579 0.627596
3.331719 0.627927
3.333861 0.62806
3.336007 0.628259
3.338155 0.62806
3.340306 0.627662
3.342458 0.627132
3.344615 0.626336
3.346774 0.625673
3.348936 0.625143
3.351101 0.62501
3.353268 0.625209
3.355439 0.625342
3.357612 0.62554
3.359789 0.625938
3.361968 0.626535
3.364149 0.627331
3.366334 0.627927
3.368521 0.628325
3.370711 0.62859
3.372904 0.628855
3.3751 0.628922
3.3773 0.629054
3.379501 0.629187
3.381706 0.629187
3.383913 0.629253
3.386123 0.629519
3.388336 0.629717
3.390553 0.62985
3.392771 0.629916
3.394992 0.629717
3.397217 0.62932
3.399445 0.629121
3.401675 0.628723
3.403909 0.628458
3.406146 0.628325
3.408385 0.628524
3.410627 0.628855
3.412873 0.62932
3.415121 0.629983
3.417372 0.631043
3.419626 0.632436
3.421884 0.634093
3.424144 0.635817
3.426407 0.637607
3.428673 0.639265
3.430943 0.640657
3.433215 0.641983
3.43549 0.643309
3.437768 0.644502
3.440049 0.645563
3.442333 0.646425
3.444621 0.647088
3.446911 0.64795
3.449204 0.648812
3.4515 0.649475
3.4538 0.650204
3.456102 0.650801
3.458408 0.651331
3.460716 0.651663
3.463028 0.651994
3.465343 0.652127
3.467662 0.651994
3.469983 0.651596
3.472307 0.651397
3.474634 0.651331
3.476965 0.651464
3.479298 0.651928
3.481635 0.652657
3.483975 0.653585
3.486317 0.654447
3.488663 0.655375
3.491012 0.656171
3.493365 0.656834
3.49572 0.657298
3.498079 0.657829
3.500441 0.658558
3.502806 0.659353
3.505175 0.660547
3.507547 0.661873
3.509921 0.663398
3.512299 0.664989
3.514681 0.66658
3.517065 0.668171
3.519453 0.669763
3.521844 0.671486
3.524238 0.673011
3.526636 0.674404
3.529036 0.675597
3.53144 0.676724
3.533848 0.677719
3.536258 0.678514
3.538672 0.679376
3.541089 0.680238
3.543509 0.680901
3.545932 0.681431
3.548359 0.682028
3.55079 0.682691
3.553223 0.683023
3.55566 0.68342
3.558101 0.683818
3.560545 0.684216
3.562992 0.684746
3.565443 0.685078
3.567896 0.685409
3.570354 0.68594
3.572814 0.686404
3.575278 0.686934
3.577746 0.687597
3.580216 0.687929
3.582691 0.68826
3.585169 0.688857
3.58765 0.689321
3.590135 0.689785
3.592623 0.690117
3.595114 0.690581
3.597609 0.691111
3.600107 0.691575
3.602608 0.691973
3.605114 0.692238
3.607622 0.692636
3.610135 0.692835
3.61265 0.693166
3.61517 0.693631
3.617692 0.694028
3.620219 0.694227
3.622749 0.694625
3.625283 0.69489
3.627819 0.695354
3.63036 0.695818
3.632904 0.696216
3.635452 0.696481
3.638003 0.696879
3.640558 0.697211
3.643116 0.697609
3.645679 0.698006
3.648244 0.69847
3.650813 0.698736
3.653386 0.699134
3.655962 0.699399
3.658543 0.699664
3.661126 0.699995
3.663713 0.70046
3.666304 0.700791
3.668898 0.701056
3.671497 0.701321
3.674099 0.701719
3.676705 0.702117
3.679314 0.702515
3.681927 0.702913
3.684544 0.703178
3.687165 0.70331
3.689789 0.703708
3.692417 0.704239
3.695049 0.704835
3.697685 0.705034
3.700324 0.705299
3.702967 0.705697
3.705615 0.706095
3.708265 0.706294
3.71092 0.706758
3.713578 0.707156
3.71624 0.707487
3.718906 0.707951
3.721576 0.708283
3.724249 0.708614
3.726926 0.709078
3.729607 0.709543
3.732292 0.70994
3.734981 0.710139
3.737674 0.710404
3.740371 0.71067
3.743071 0.711067
3.745776 0.711532
3.748485 0.711863
3.751197 0.712195
3.753913 0.712592
3.756634 0.712924
3.759358 0.713322
3.762086 0.713786
3.764818 0.714051
3.767554 0.714383
3.770293 0.714847
3.773037 0.715178
3.775785 0.71551
3.778537 0.715841
3.781293 0.71604
3.784053 0.716305
3.786817 0.716703
3.789586 0.716836
3.792358 0.716902
3.795134 0.717035
3.797915 0.717101
3.800699 0.717167
3.803488 0.717167
3.80628 0.716968
3.809077 0.716769
3.811877 0.716703
3.814683 0.716703
3.817492 0.716637
3.820305 0.716305
3.823123 0.715974
3.825944 0.715708
3.82877 0.715443
3.8316 0.715112
3.834434 0.714581
3.837271 0.714117
3.840113 0.713719
3.84296 0.713454
3.845811 0.713388
3.848666 0.713255
3.851525 0.712924
3.854389 0.712924
3.857257 0.712858
3.86013 0.712659
3.863006 0.712526
3.865887 0.712327
3.868772 0.711996
3.871661 0.71173
3.874554 0.711598
3.877452 0.711465
3.880355 0.711266
3.883262 0.711134
3.886173 0.710935
3.889088 0.710603
3.892008 0.710139
3.894932 0.709808
3.897861 0.709476
3.900793 0.709078
3.903731 0.708681
3.906672 0.708217
3.909618 0.707819
3.912569 0.707222
3.915524 0.706559
3.918483 0.705962
3.921447 0.705299
3.924416 0.70457
3.927389 0.703509
3.930367 0.702448
3.933349 0.701388
3.936336 0.700327
3.939327 0.698868
3.942322 0.697078
3.945323 0.695288
3.948327 0.693564
3.951337 0.691973
3.954351 0.690515
3.95737 0.689056
3.960393 0.68773
3.963421 0.686536
3.966453 0.685476
3.96949 0.684481
3.972532 0.684017
3.975579 0.683686
3.978629 0.68342
3.981685 0.68342
3.984745 0.683752
3.98781 0.684415
3.99088 0.685343
3.993955 0.686735
3.997034 0.68826
4.000118 0.689719
4.003208 0.69131
4.006302 0.693166
4.0094 0.695089
4.012504 0.696946
4.015612 0.698603
4.018724 0.699929
4.021842 0.700857
4.024965 0.701587
4.028091 0.702515
4.031223 0.703178
4.03436 0.703841
4.037502 0.704504
4.040649 0.705167
4.043801 0.70583
4.046958 0.706228
4.050119 0.706559
4.053287 0.706758
4.056458 0.706957
4.059635 0.707222
4.062816 0.707554
4.066003 0.707885
4.069194 0.708217
4.072391 0.708482
4.075593 0.708548
4.078799 0.708614
4.082011 0.708813
4.085227 0.70888
4.088449 0.709012
4.091676 0.709211
4.094908 0.709277
4.098145 0.709344
4.101388 0.709344
4.104634 0.709277
4.107887 0.709344
4.111144 0.709476
4.114407 0.709476
4.117675 0.709344
4.120948 0.709277
4.124227 0.709277
4.12751 0.709078
4.130799 0.708946
4.134094 0.708813
4.137393 0.708681
4.140697 0.708482
4.144008 0.708283
4.147323 0.707951
4.150643 0.70762
4.153969 0.707089
4.157301 0.706625
4.160638 0.706294
4.16398 0.705896
4.167327 0.705366
4.17068 0.704703
4.174038 0.703973
4.177401 0.703244
4.18077 0.702448
4.184143 0.701587
4.187523 0.700526
4.190908 0.699399
4.194299 0.698139
4.197695 0.696813
4.201097 0.695222
4.204504 0.693299
4.207917 0.690912
4.211336 0.68826
4.214759 0.685476
4.218189 0.682492
4.221624 0.67931
4.225064 0.676326
4.22851 0.673608
4.231962 0.671221
4.23542 0.6691
4.238883 0.667508
4.242352 0.666514
4.245827 0.665785
4.249307 0.665254
4.252793 0.664923
4.256284 0.663796
4.259782 0.661011
4.263285 0.657895
4.266792 0.655309
4.270307 0.652989
4.273828 0.651
4.277354 0.649408
4.280886 0.648149
4.284424 0.646955
4.287968 0.646093
4.291517 0.645497
4.295074 0.645165
4.298635 0.644966
4.302202 0.6449
4.305776 0.645033
4.309355 0.645298
4.31294 0.645629
4.316531 0.645762
4.320128 0.646027
4.323732 0.64616
4.327342 0.646226
4.330956 0.646226
4.334578 0.646093
4.338205 0.645895
4.341838 0.645696
4.345478 0.645497
4.349123 0.645165
4.352774 0.644768
4.356431 0.64437
4.360096 0.643906
4.363765 0.643375
4.367442 0.642977
4.371124 0.642248
4.374813 0.641519
4.378508 0.640657
4.38221 0.639596
4.385918 0.638469
4.389631 0.637209
4.393351 0.635751
4.397078 0.634093
4.40081 0.632436
4.404549 0.630778
4.408295 0.628855
4.412045 0.626867
4.415803 0.624811
4.419568 0.62269
4.423338 0.620303
4.427116 0.61785
4.4309 0.615529
4.43469 0.613142
4.438487 0.610424
4.442291 0.607639
4.446101 0.604789
4.449917 0.601871
4.45374 0.598954
4.45757 0.595838
4.461406 0.592523
4.465249 0.589208
4.469098 0.585827
4.472954 0.582114
4.476817 0.578335
4.480686 0.574556
4.484562 0.570644
4.488445 0.566666
4.492334 0.562158
4.496231 0.557384
4.500134 0.552478
4.504043 0.547373
4.507959 0.541605
4.511883 0.535704
4.515813 0.52914
4.51975 0.522046
4.523694 0.514488
4.527645 0.5062
4.531602 0.497383
4.535568 0.488299
4.539539 0.479216
4.543518 0.470796
4.547503 0.463105
4.551496 0.456409
4.555496 0.450774
4.559502 0.445669
4.563516 0.440696
4.567537 0.435922
4.571565 0.43148
4.5756 0.427237
4.579642 0.423259
4.583691 0.419347
4.587747 0.415171
4.591811 0.41106
4.595881 0.406751
4.599958 0.402242
4.604044 0.397667
4.608136 0.393026
4.612236 0.388319
4.616343 0.383546
4.620458 0.378639
4.624579 0.373733
4.628708 0.368761
4.632845 0.363921
4.636989 0.359147
4.64114 0.354374
4.645299 0.349335
4.649466 0.34423
4.653639 0.339058
4.65782 0.334218
4.662009 0.330041
4.666206 0.326726
4.67041 0.323942
4.674621 0.321489
4.67884 0.319102
4.683066 0.317047
4.687301 0.315455
4.691543 0.31466
4.695792 0.314328
4.700048 0.314395
4.704313 0.314593
4.708586 0.314925
4.712867 0.315389
4.717155 0.315588
4.721451 0.315588
4.725755 0.315124
4.730067 0.314196
4.734388 0.312671
4.738715 0.310616
4.743051 0.308096
4.747394 0.305179
4.751746 0.301996
4.756105 0.298549
4.760472 0.294836
4.764848 0.290858
4.769232 0.286549
4.773623 0.281841
4.778023 0.277267
4.782431 0.272758
4.786847 0.268382
4.791271 0.264338
4.795703 0.260559
4.800144 0.257178
4.804591 0.254459
4.809048 0.25247
4.813513 0.251675
4.817986 0.252338
4.822468 0.25426
4.826958 0.257377
4.831457 0.260824
4.835964 0.264603
4.84048 0.268515
4.845004 0.272427
4.849536 0.276073
4.854077 0.27899
4.858626 0.281112
4.863184 0.282239
4.867751 0.282173
4.872326 0.280847
4.876908 0.278327
4.8815 0.274814
4.886101 0.270968
4.89071 0.267388
4.895329 0.264471
4.899956 0.262482
4.904591 0.261553
4.909236 0.261288
4.91389 0.261686
4.918552 0.262349
4.923223 0.263012
4.927903 0.263476
4.932591 0.263543
4.937289 0.263145
4.941996 0.262217
4.946712 0.260758
4.951437 0.258504
4.956171 0.255255
4.960914 0.251741
4.965665 0.248028
4.970426 0.244315
4.975196 0.240603
4.979976 0.237155
4.984764 0.234039
4.989561 0.231652
4.994367 0.229862
4.999184 0.228536
5.004009 0.227409
5.008844 0.227011
5.013688 0.227343
5.018541 0.22847
5.023404 0.230459
5.028277 0.232116
5.033159 0.232846
5.038051 0.232978
5.042951 0.232514
5.047862 0.231851
5.052782 0.231453
5.057711 0.232249
5.06265 0.235299
5.0676 0.24226
5.072558 0.253531
5.077527 0.267719
5.082504 0.283234
5.087492 0.299875
5.09249 0.316715
5.097497 0.333489
5.102514 0.349998
5.10754 0.366175
5.112577 0.381092
5.117624 0.395214
5.122681 0.408275
5.127748 0.420276
5.132825 0.431083
5.137912 0.440895
5.143009 0.449249
5.148117 0.45694
5.153234 0.465559
5.158362 0.472189
5.1635 0.476631
5.168648 0.479216
5.173806 0.479879
5.178975 0.478355
5.184154 0.47504
5.189344 0.470067
5.194544 0.464299
5.199754 0.460586
5.204975 0.462376
5.210206 0.465956
5.215447 0.472852
5.2207 0.482465
5.225963 0.489161
5.231235 0.494134
5.236519 0.498576
5.241814 0.50388
5.247119 0.508919
5.252435 0.513493
5.257762 0.517339
5.2631 0.521184
5.268449 0.524367
5.273809 0.52682
5.27918 0.529538
5.284561 0.531991
5.289953 0.532389
5.295357 0.53524
5.300771 0.538687
5.306197 0.54061
5.311634 0.542533
5.31708 0.544124
5.322538 0.545583
5.328009 0.547174
5.33349 0.548566
5.338983 0.549561
5.344487 0.547572
5.350003 0.54545
5.355529 0.549826
5.361069 0.554732
5.366619 0.55745
5.37218 0.559439
5.377753 0.561561
5.383337 0.563948
5.388933 0.566666
5.394541 0.569053
5.40016 0.571506
5.405792 0.572965
5.411435 0.573694
5.417089 0.569451
5.422756 0.566865
5.428434 0.57555
5.434124 0.580059
5.439826 0.580125
5.44554 0.580324
5.451264 0.581053
5.457003 0.578865
5.462753 0.573628
5.468515 0.574954
5.47429 0.575882
5.480077 0.574688
5.485876 0.577738
5.491687 0.578202
5.497512 0.577473
5.503348 0.57628
5.509196 0.576147
5.515058 0.574092
5.520931 0.571771
5.526816 0.571241
5.532715 0.571373
5.538626 0.569451
5.544551 0.565075
5.550487 0.558246
5.556436 0.554533
5.562398 0.554334
5.568373 0.553539
5.57436 0.546511
5.58036 0.545185
5.586374 0.556124
5.592398 0.564014
5.598437 0.56481
5.604489 0.565937
5.610555 0.567395
5.616633 0.567263
5.622725 0.569252
5.62883 0.56892
5.634949 0.562224
5.641082 0.554003
5.647227 0.560368
5.653385 0.564942
5.659557 0.56839
5.665742 0.571307
5.671941 0.565473
5.678154 0.564478
5.68438 0.567196
5.69062 0.564147
5.696874 0.565207
5.703141 0.561296
5.709422 0.551749
5.715717 0.552345
5.722026 0.555262
5.728348 0.556323
5.734685 0.554069
5.741033 0.54976
5.747398 0.544456
5.753777 0.546776
5.76017 0.534577
5.766577 0.520123
5.772999 0.531925
5.779435 0.539748
5.785885 0.541671
5.792351 0.542732
5.798831 0.541605
5.805324 0.541207
5.811832 0.535174
5.818355 0.518665
5.824893 0.515018
5.831445 0.523836
5.838012 0.528941
5.844594 0.529074
5.851191 0.524234
5.857803 0.51661
5.864429 0.510311
5.871071 0.505405
5.877727 0.482797
5.884399 0.479614
5.891086 0.481868
5.897785 0.4761
5.904502 0.487769
5.911235 0.488697
5.917983 0.484056
5.924747 0.478553
5.931525 0.460586
5.93832 0.452299
5.94513 0.466487
5.951957 0.470863
5.958798 0.468409
5.965655 0.457072
5.972528 0.455017
5.979417 0.455083
5.986322 0.446265
5.993242 0.444873
6.000179 0.449315
6.00713 0.44421
6.014098 0.437646
6.021083 0.438508
6.028085 0.438044
6.035102 0.431878
6.042136 0.410264
6.049186 0.392562
6.056253 0.410861
6.063337 0.418022
6.070437 0.408474
6.077554 0.410198
6.084687 0.41822
6.091837 0.418618
6.099004 0.415767
6.106188 0.405756
6.113389 0.396739
6.120608 0.405889
6.127842 0.413911
6.135094 0.413381
6.142364 0.413049
6.14965 0.414508
6.156953 0.413049
6.164274 0.416497
6.171613 0.42127
6.178967 0.413513
6.18634 0.409137
6.193731 0.419812
6.201139 0.424386
6.208566 0.423856
6.216011 0.423591
6.223473 0.424453
6.230953 0.424917
6.238452 0.424917
6.245968 0.424983
6.253502 0.42485
6.261055 0.423922
6.268626 0.422397
6.276215 0.420806
6.283823 0.418287
6.291449 0.414375
6.299095 0.409535
6.306758 0.403038
6.31444 0.395678
6.32214 0.388054
6.32986 0.380695
6.337598 0.367368
6.345355 0.35928
6.353131 0.367302
6.360924 0.367501
6.368739 0.360672
6.376572 0.3616
6.384425 0.362263
6.392297 0.358948
6.400189 0.351324
6.4081 0.330041
6.416031 0.321356
6.423983 0.331964
6.431953 0.334483
6.439943 0.335213
6.447953 0.333489
6.455982 0.330108
6.464032 0.324936
6.472102 0.315389
6.480192 0.305312
6.488305 0.29225
6.496436 0.288604
6.504587 0.29656
6.512758 0.295168
6.52095 0.287808
6.529163 0.287676
6.537397 0.284427
6.545651 0.277996
6.553923 0.272029
6.562219 0.267056
6.570536 0.258835
6.578875 0.259233
6.587234 0.259498
6.595614 0.257575
6.604017 0.256515
6.61244 0.252603
6.620886 0.247233
6.629353 0.236028
6.637841 0.227276
6.646351 0.231718
6.654883 0.233774
6.663437 0.228271
6.672013 0.220514
6.680611 0.213817
6.689233 0.211895
6.697875 0.209176
6.70654 0.202281
6.715228 0.197839
6.723937 0.195585
6.73267 0.193662
6.741425 0.190347
6.750203 0.186369
6.759001 0.183452
6.767824 0.180402
6.776671 0.178347
6.785541 0.176888
6.794435 0.179607
6.803351 0.184911
6.812291 0.185043
6.821255 0.180734
6.830244 0.177684
6.839254 0.177353
6.848289 0.174966
6.857347 0.170789
6.86643 0.172778
6.875537 0.181463
6.884668 0.184712
6.893823 0.185574
6.902999 0.186104
6.912203 0.190016
6.921432 0.195585
6.930685 0.201022
6.939963 0.205265
6.949265 0.20606
6.958593 0.203408
6.967947 0.206193
6.977327 0.207718
6.98673 0.205596
6.996159 0.20427
7.005613 0.204801
7.015093 0.204005
7.024599 0.203342
7.03413 0.201287
7.043687 0.19711
7.053272 0.197972
7.062882 0.199895
7.072517 0.1989
7.082179 0.196977
7.091867 0.195121
7.101583 0.19406
7.111324 0.193264
7.121092 0.194524
7.130883 0.19711
7.140706 0.198568
7.150555 0.200624
7.160431 0.203143
7.170335 0.204668
7.180266 0.208712
7.190225 0.211497
7.200211 0.212359
7.210228 0.214481
7.22027 0.219519
7.23034 0.223564
7.240438 0.227542
7.250565 0.23079
7.26072 0.233442
7.270903 0.234437
7.281115 0.236028
7.291358 0.237818
7.301627 0.23815
7.311926 0.237884
7.322253 0.237089
7.33261 0.234702
7.342996 0.233177
7.353412 0.23258
7.363857 0.231387
7.374328 0.229067
7.384833 0.22668
7.395367 0.224227
7.405932 0.221707
7.416527 0.219122
7.427153 0.216469
7.437809 0.213619
7.448495 0.210569
7.459215 0.206922
7.469963 0.203939
7.480742 0.201353
7.491552 0.198767
7.502394 0.195784
7.513267 0.192668
7.524172 0.189419
7.535108 0.186369
7.546078 0.183054
7.557078 0.179806
7.56811 0.176491
7.579175 0.173375
7.590272 0.170391
7.601401 0.167606
7.612564 0.164755
7.623759 0.162103
7.634982 0.159253
7.646243 0.156601
7.657537 0.153816
7.668865 0.151031
7.680227 0.14818
7.691622 0.145396
7.703051 0.142479
7.714513 0.139495
7.726013 0.136578
7.737544 0.133727
7.74911 0.130611
7.76071 0.127628
7.772346 0.124578
7.784016 0.121462
7.795721 0.118213
7.807461 0.115163
7.819234 0.112113
7.831045 0.109196
7.842893 0.106014
7.854775 0.102898
7.866695 0.099781
7.87865 0.096798
7.890642 0.093682
7.90267 0.090765
7.914737 0.087582
7.926839 0.084665
7.938978 0.081748
7.951155 0.078963
7.963368 0.076179
7.97562 0.073659
7.987909 0.071007
8.000236 0.068488
8.012604 0.065836
8.025007 0.063449
8.03745 0.060996
8.04993 0.058676
8.062449 0.056289
8.075007 0.0543
8.087605 0.052178
8.100242 0.050189
8.112914 0.048067
8.12563 0.046211
8.138387 0.044355
8.151183 0.04283
8.16402 0.041305
8.176896 0.039647
8.189815 0.037791
8.202773 0.036134
8.215774 0.034476
8.228815 0.032885
8.241898 0.031028
8.255021 0.029305
8.268188 0.027647
8.281395 0.026321
8.294645 0.025128
8.307939 0.023934
8.321277 0.022608
8.334655 0.021481
8.348077 0.020354
8.361541 0.019558
8.37505 0.018697
8.388601 0.017967
8.402197 0.017039
8.415837 0.016509
8.429516 0.015846
8.443245 0.015315
8.457019 0.014984
8.470837 0.014785
8.484701 0.014586
8.49861 0.014652
8.512566 0.014851
8.526567 0.015382
8.540616 0.015846
8.554709 0.016509
8.56885 0.017238
8.583036 0.018365
8.59727 0.019691
8.611551 0.021349
8.62588 0.023934
8.640257 0.027979
8.654684 0.033283
8.669156 0.040112
8.683678 0.0482
8.698248 0.05788
8.712867 0.06935
8.727534 0.082875
8.742252 0.098323
8.75702 0.116025
8.771832 0.135252
8.786699 0.155606
8.801618 0.176822
8.816586 0.198568
8.831606 0.220249
8.846677 0.241664
8.861799 0.261553
8.876974 0.279653
8.892203 0.295831
8.907482 0.310483
8.922813 0.324008
8.938197 0.336141
8.953634 0.345755
8.969126 0.351655
8.98467 0.353909
9.000268 0.353843
9.015924 0.352385
9.031631 0.350528
9.047393 0.348605
9.06321 0.34708
9.079082 0.345821
9.095011 0.344694
9.110995 0.342771
9.127035 0.339522
9.143127 0.33455
9.159282 0.328119
9.175492 0.319831
9.191761 0.309223
9.208088 0.296361
9.224472 0.281642
9.240915 0.264802
9.257417 0.246304
9.27398 0.227674
9.290601 0.21216
9.307281 0.203011
9.32402 0.203939
9.34082 0.215541
9.35768 0.232713
9.374602 0.248559
9.391585 0.260493
9.408624 0.26825
9.42573 0.273023
9.442899 0.275742
9.460131 0.277598
9.477425 0.278792
9.494783 0.279587
9.512204 0.279852
9.52969 0.279521
9.547244 0.278261
9.564858 0.276206
9.582539 0.27236
9.600284 0.266924
9.618095 0.261553
9.635973 0.25731
9.653916 0.254327
9.671927 0.253001
9.690009 0.252404
9.708156 0.249288
9.72637 0.240868
9.744653 0.228536
9.763004 0.215342
9.781425 0.203408
9.799915 0.193198
9.818476 0.184778
9.837101 0.177883
9.855803 0.172579
9.874576 0.168203
9.89342 0.164358
9.912336 0.160579
9.931326 0.15733
9.950388 0.154214
9.969523 0.151562
9.988736 0.149573
10.008019 0.148247
10.027377 0.147451
10.04681 0.147385
10.066319 0.147849
10.085902 0.148843
10.105563 0.150302
10.1253 0.152158
10.145119 0.154015
10.165011 0.15607
10.184982 0.157794
10.205031 0.159253
10.22516 0.159783
10.245367 0.158722
10.265656 0.155208
10.286023 0.148048
10.306466 0.137108
10.326997 0.124114
10.34761 0.11218
10.368304 0.105152
10.389083 0.105417
10.409945 0.110854
10.43089 0.11629
10.45192 0.1206
10.473039 0.12544
10.49424 0.131672
10.515526 0.138368
10.536899 0.1446
10.558359 0.149971
10.579906 0.155009
10.601542 0.159916
10.623267 0.164822
10.645084 0.169264
10.666988 0.173308
10.688982 0.176424
10.711066 0.179209
10.733243 0.181596
10.755511 0.183784
10.777872 0.185574
10.800325 0.187099
10.822865 0.188292
10.845508 0.189485
10.868244 0.190281
10.891077 0.190679
10.914005 0.19101
10.937031 0.191275
10.960154 0.191209
10.983374 0.191275
11.006698 0.191143
11.030116 0.190878
11.053635 0.190546
11.077253 0.190347
11.100973 0.190082
11.124795 0.189751
11.14872 0.189287
11.172747 0.189154
11.196871 0.18922
11.221107 0.189088
11.245447 0.188889
11.269894 0.188756
11.294447 0.188159
11.319107 0.187364
11.343875 0.186502
11.368752 0.185441
11.393744 0.183916
11.418839 0.181795
11.444047 0.179474
11.469365 0.179143
11.494797 0.1808
11.52034 0.183518
11.545999 0.185905
11.571771 0.188027
11.597663 0.189883
11.623667 0.191541
11.649787 0.192602
11.676025 0.19353
11.702382 0.194126
11.728858 0.19459
11.755454 0.194458
11.782171 0.194193
11.809002 0.19459
11.835962 0.195055
11.863048 0.195519
11.890256 0.196049
11.91759 0.196646
11.94505 0.197375
11.972636 0.19837
12.000351 0.199165
12.028198 0.199629
12.056171 0.200027
12.084274 0.200292
12.112508 0.200558
12.140875 0.200558
12.169374 0.20016
12.198009 0.19943
12.226777 0.198767
12.255688 0.197839
12.28473 0.196447
12.31391 0.194657
12.343228 0.192867
12.372687 0.190546
12.402287 0.188027
12.432029 0.185507
12.461913 0.183585
12.491931 0.182192
12.522105 0.181264
12.552425 0.180933
12.582892 0.181065
12.613507 0.181331
12.644272 0.181529
12.675187 0.181065
12.706254 0.180203
12.737479 0.178745
12.768852 0.176756
12.80038 0.174833
12.832064 0.173308
12.863906 0.172446
12.895905 0.172314
12.928064 0.172314
12.960384 0.17238
12.992874 0.171916
13.025519 0.171253
13.05833 0.169993
13.091305 0.168468
13.124448 0.166943
13.157759 0.165153
13.191238 0.163164
13.22489 0.160976
13.258701 0.158855
13.292698 0.156998
13.326869 0.155009
13.361217 0.152821
13.395742 0.150833
13.430446 0.149175
13.46533 0.147451
13.500397 0.14533
13.535651 0.143075
13.571085 0.141219
13.606705 0.139495
13.642511 0.137705
13.678508 0.13565
13.714694 0.133793
13.751073 0.131871
13.787644 0.130279
13.82442 0.128954
13.861383 0.127495
13.898545 0.125572
13.935907 0.123716
13.97347 0.121395
14.011236 0.11934
14.049208 0.117616
14.087384 0.115826
14.125755 0.113771
14.16435 0.111649
14.203156 0.108997
14.242176 0.106412
14.281411 0.103826
14.320862 0.101041
14.360532 0.09819
14.400422 0.09587
14.440542 0.094212
14.48088 0.092555
14.521442 0.090301
14.562233 0.087914
14.603253 0.085527
14.644506 0.083273
14.685991 0.080753
14.727713 0.078367
14.76966 0.076245
14.811859 0.074123
14.8543 0.072201
14.896984 0.070212
14.939916 0.067692
14.983094 0.065703
15.026524 0.064444
15.070205 0.062587
15.11415 0.060532
15.158343 0.05841
15.202796 0.055559
15.24751 0.053173
15.292488 0.050653
15.337732 0.047603
15.383245 0.044288
15.429028 0.041835
15.475092 0.039117
15.521424 0.036598
15.568036 0.033482
15.614927 0.029901
15.662103 0.026719
15.709563 0.023404
15.757313 0.020221
15.805353 0.017967
15.853672 0.016774
15.902304 0.016774
15.951234 0.01936
16.000465 0.026653
16.050003 0.040178
16.099848 0.061129
16.150003 0.087649
16.200472 0.114367
16.251265 0.135186
16.30237 0.14891
16.353796 0.157529
16.405548 0.162103
16.45763 0.16144
16.510042 0.155739
16.56279 0.145263
16.615877 0.130213
16.669313 0.113572
16.723085 0.101505
16.777206 0.094875
16.831676 0.093748
16.886503 0.096798
16.941689 0.104091
16.997234 0.112445
17.053146 0.119141
17.109409 0.121528
17.166063 0.120533
17.223093 0.118743
17.280504 0.119539
17.338299 0.125771
17.396481 0.140291
17.455055 0.158722
17.514025 0.173176
17.573404 0.179607
17.633179 0.17901
17.693359 0.172977
17.753954 0.165021
17.814964 0.156269
17.876394 0.14765
17.938251 0.13976
18.000536 0.133727
18.063269 0.129683
18.126427 0.127561
18.190027 0.126235
18.254078 0.125572
18.318579 0.124975
18.383539 0.124975
18.448961 0.125373
18.514851 0.125837
18.58119 0.125373
18.648029 0.125042
18.715351 0.126103
18.783159 0.126301
18.851461 0.125373
18.920263 0.125108
18.989569 0.124246
19.059383 0.123451
19.129725 0.123185
19.200575 0.122854
19.271952 0.122191
19.343863 0.120467
19.416311 0.118611
19.489305 0.117351
19.562849 0.115428
19.636951 0.114102
19.711594 0.112047
19.786827 0.109528
19.862638 0.106743
19.939034 0.103826
20.016018 0.100842
20.093599 0.097594
20.171785 0.094146
20.250582 0.090964
20.330009 0.086986
20.410049 0.08261
20.490723 0.079494
20.572035 0.077107
20.653994 0.074521
20.73661 0.071803
20.819889 0.069151
20.903841 0.068223
20.988487 0.067759
21.073807 0.067626
21.159821 0.068289
21.246542 0.069284
21.333977 0.068289
21.422132 0.068886
21.511023 0.070079
21.600651 0.069416
21.691 0.068024
21.782139 0.067626
21.874046 0.067759
21.966734 0.068621
22.060209 0.067692
22.154484 0.068753
22.249567 0.068488
22.34547 0.06683
22.442221 0.065571
22.539797 0.06504
22.638224 0.063648
22.737514 0.062521
22.837679 0.0602
22.93873 0.058874
23.04068 0.056819
23.143541 0.055692
23.247343 0.05483
23.35206 0.054432
23.457727 0.052642
23.564352 0.050454
23.671953 0.046808
23.78054 0.044752
23.890127 0.044288
24.000731 0.046808
24.112324 0.045217
24.224998 0.043559
24.338732 0.042034
24.453537 0.040045
