1.356753 0.452178
1.357108 0.452967
1.357464 0.454283
1.357819 0.45402
1.358175 0.454283
1.358531 0.453757
1.358887 0.453625
1.359243 0.453757
1.3596 0.453099
1.359956 0.452967
1.360313 0.45323
1.36067 0.453625
1.361028 0.452967
1.361385 0.45323
1.361743 0.453494
1.3621 0.453888
1.362458 0.453099
1.362817 0.451914
1.363175 0.452836
1.363533 0.45323
1.363892 0.453494
1.364251 0.452967
1.36461 0.452178
1.364969 0.452441
1.365329 0.451914
1.365689 0.451388
1.366048 0.45152
1.366408 0.451256
1.366769 0.450993
1.367129 0.450598
1.36749 0.450204
1.367851 0.450467
1.368212 0.451125
1.368573 0.450467
1.368934 0.449019
1.369296 0.449414
1.369658 0.450335
1.37002 0.450335
1.370382 0.449546
1.370744 0.447703
1.371107 0.44744
1.371469 0.447703
1.371832 0.447572
1.372195 0.447703
1.372559 0.447572
1.372922 0.447572
1.373286 0.447835
1.37365 0.447045
1.374014 0.446124
1.374378 0.446519
1.374743 0.446387
1.375107 0.445466
1.375472 0.445334
1.375837 0.444545
1.376202 0.44494
1.376568 0.446256
1.376933 0.445203
1.377299 0.444808
1.377665 0.444282
1.378031 0.443624
1.378398 0.443755
1.378764 0.44415
1.379131 0.443624
1.379498 0.442044
1.379866 0.440728
1.380233 0.440202
1.3806 0.439676
1.380968 0.439939
1.381336 0.44007
1.381704 0.438491
1.382073 0.43757
1.382441 0.436517
1.38281 0.434675
1.383179 0.433227
1.383548 0.430858
1.383917 0.427568
1.384287 0.423752
1.384657 0.418751
1.385027 0.413487
1.385397 0.407434
1.385767 0.401248
1.386137 0.395063
1.386508 0.38822
1.386879 0.382824
1.38725 0.379271
1.387622 0.374665
1.387993 0.370059
1.388365 0.367032
1.388737 0.364006
1.389109 0.362821
1.389481 0.362821
1.389853 0.362295
1.390226 0.361505
1.390599 0.362953
1.390972 0.364137
1.391346 0.364664
1.391719 0.367296
1.392093 0.371244
1.392467 0.373086
1.392841 0.375718
1.393215 0.379008
1.39359 0.381903
1.393965 0.384535
1.394339 0.387562
1.394715 0.390194
1.39509 0.3923
1.395465 0.394537
1.395841 0.396511
1.396217 0.39809
1.396593 0.400459
1.39697 0.403222
1.397346 0.405328
1.397723 0.406644
1.3981 0.407697
1.398477 0.409408
1.398854 0.410987
1.399232 0.412171
1.39961 0.411645
1.399988 0.41204
1.400366 0.413487
1.400744 0.41375
1.401123 0.414277
1.401502 0.414672
1.401881 0.414672
1.40226 0.413092
1.402639 0.413356
1.403019 0.413487
1.403399 0.413092
1.403779 0.413882
1.404159 0.414408
1.404539 0.413882
1.40492 0.413224
1.405301 0.413224
1.405682 0.412698
1.406063 0.411513
1.406444 0.411645
1.406826 0.411382
1.407208 0.409934
1.40759 0.408881
1.407972 0.408618
1.408355 0.40875
1.408737 0.408355
1.40912 0.40875
1.409503 0.408486
1.409887 0.40717
1.41027 0.40717
1.410654 0.406512
1.411038 0.405854
1.411422 0.405328
1.411807 0.405591
1.412191 0.406249
1.412576 0.405986
1.412961 0.405854
1.413346 0.405723
1.413732 0.405065
1.414117 0.40467
1.414503 0.403749
1.414889 0.403354
1.415275 0.404012
1.415662 0.40388
1.416049 0.402828
1.416435 0.402828
1.416823 0.402959
1.41721 0.402433
1.417597 0.401643
1.417985 0.40138
1.418373 0.401775
1.418761 0.40138
1.41915 0.401248
1.419538 0.401512
1.419927 0.401512
1.420316 0.401775
1.420706 0.400722
1.421095 0.400196
1.421485 0.399669
1.421875 0.399538
1.422265 0.399143
1.422655 0.398748
1.423046 0.39888
1.423436 0.398353
1.423827 0.397958
1.424218 0.397564
1.42461 0.396774
1.425001 0.396642
1.425393 0.396642
1.425785 0.397169
1.426177 0.3973
1.42657 0.397432
1.426962 0.396379
1.427355 0.395721
1.427748 0.395853
1.428142 0.395721
1.428535 0.394142
1.428929 0.393484
1.429323 0.394405
1.429717 0.395195
1.430112 0.393879
1.430506 0.393616
1.430901 0.392958
1.431296 0.392958
1.431691 0.392826
1.432087 0.392431
1.432482 0.392826
1.432878 0.393221
1.433275 0.392694
1.433671 0.393484
1.434067 0.394405
1.434464 0.39401
1.434861 0.394142
1.435259 0.39401
1.435656 0.393221
1.436054 0.393221
1.436452 0.394142
1.43685 0.393879
1.437248 0.393484
1.437647 0.392958
1.438046 0.392826
1.438445 0.394142
1.438844 0.394537
1.439243 0.39401
1.439643 0.393616
1.440043 0.394274
1.440443 0.395458
1.440843 0.394932
1.441244 0.394142
1.441645 0.393879
1.442046 0.394142
1.442447 0.39401
1.442848 0.393616
1.44325 0.394668
1.443652 0.395063
1.444054 0.3948
1.444457 0.395063
1.444859 0.394932
1.445262 0.395195
1.445665 0.395195
1.446068 0.39559
1.446472 0.396116
1.446875 0.396379
1.447279 0.396248
1.447683 0.394932
1.448088 0.39559
1.448492 0.396379
1.448897 0.396116
1.449302 0.396379
1.449708 0.396511
1.450113 0.396379
1.450519 0.396511
1.450925 0.397169
1.451331 0.39809
1.451737 0.397827
1.452144 0.397827
1.452551 0.398222
1.452958 0.398353
1.453365 0.39888
1.453773 0.399801
1.454181 0.399538
1.454589 0.399143
1.454997 0.399143
1.455405 0.399669
1.455814 0.400064
1.456223 0.399669
1.456632 0.399801
1.457042 0.400722
1.457451 0.400327
1.457861 0.399538
1.458271 0.399801
1.458682 0.400459
1.459092 0.401248
1.459503 0.401117
1.459914 0.400722
1.460325 0.400722
1.460737 0.400196
1.461148 0.40059
1.46156 0.401775
1.461972 0.402301
1.462385 0.402696
1.462797 0.403354
1.46321 0.403222
1.463623 0.402959
1.464037 0.402696
1.46445 0.402828
1.464864 0.403091
1.465278 0.402564
1.465692 0.401643
1.466107 0.402433
1.466522 0.403749
1.466937 0.403749
1.467352 0.403091
1.467767 0.403091
1.468183 0.403222
1.468599 0.403749
1.469015 0.404144
1.469431 0.404144
1.469848 0.404275
1.470265 0.403749
1.470682 0.403749
1.471099 0.404538
1.471517 0.405196
1.471935 0.405065
1.472353 0.404802
1.472771 0.40467
1.47319 0.404275
1.473608 0.40388
1.474027 0.403222
1.474447 0.404275
1.474866 0.405196
1.475286 0.405591
1.475706 0.404802
1.476126 0.40467
1.476546 0.404275
1.476967 0.404144
1.477388 0.40546
1.477809 0.406512
1.47823 0.405986
1.478652 0.405723
1.479074 0.405196
1.479496 0.404933
1.479918 0.405328
1.480341 0.405196
1.480764 0.404933
1.481187 0.404538
1.48161 0.404144
1.482034 0.404933
1.482458 0.405065
1.482882 0.405196
1.483306 0.405328
1.48373 0.406118
1.484155 0.406249
1.48458 0.405591
1.485006 0.405723
1.485431 0.405854
1.485857 0.405591
1.486283 0.405328
1.486709 0.405723
1.487135 0.406512
1.487562 0.406512
1.487989 0.406907
1.488416 0.407302
1.488844 0.406776
1.489271 0.406644
1.489699 0.407302
1.490128 0.407039
1.490556 0.405986
1.490985 0.405591
1.491414 0.405723
1.491843 0.406249
1.492272 0.406249
1.492702 0.406118
1.493132 0.406381
1.493562 0.406381
1.493993 0.406381
1.494423 0.406907
1.494854 0.406907
1.495285 0.406249
1.495717 0.406512
1.496148 0.406381
1.49658 0.406644
1.497012 0.406776
1.497445 0.406249
1.497877 0.406118
1.49831 0.406776
1.498744 0.406776
1.499177 0.406512
1.499611 0.406381
1.500045 0.406512
1.500479 0.406907
1.500913 0.407302
1.501348 0.407697
1.501783 0.407828
1.502218 0.40717
1.502653 0.406512
1.503089 0.406381
1.503525 0.406776
1.503961 0.407302
1.504398 0.40717
1.504834 0.406907
1.505271 0.406776
1.505709 0.40717
1.506146 0.40717
1.506584 0.406907
1.507022 0.407302
1.50746 0.408092
1.507898 0.408355
1.508337 0.408223
1.508776 0.407828
1.509215 0.40796
1.509655 0.40796
1.510094 0.408618
1.510534 0.409408
1.510975 0.409144
1.511415 0.408355
1.511856 0.408223
1.512297 0.408486
1.512738 0.408355
1.51318 0.409408
1.513622 0.409802
1.514064 0.408881
1.514506 0.408486
1.514948 0.40875
1.515391 0.408618
1.515834 0.40875
1.516278 0.409013
1.516721 0.409671
1.517165 0.410066
1.517609 0.410197
1.518054 0.410329
1.518499 0.410855
1.518944 0.411382
1.519389 0.410987
1.519834 0.410197
1.52028 0.410066
1.520726 0.410592
1.521172 0.410724
1.521619 0.410724
1.522065 0.411118
1.522512 0.410987
1.52296 0.411118
1.523407 0.411513
1.523855 0.411513
1.524303 0.41125
1.524751 0.411118
1.5252 0.411513
1.525649 0.412434
1.526098 0.412566
1.526547 0.411776
1.526997 0.411908
1.527447 0.412171
1.527897 0.412171
1.528347 0.412303
1.528798 0.412171
1.529249 0.412434
1.5297 0.412698
1.530152 0.412961
1.530604 0.413092
1.531055 0.412303
1.531508 0.41204
1.53196 0.413356
1.532413 0.414408
1.532866 0.41454
1.53332 0.413882
1.533773 0.413619
1.534227 0.413882
1.534682 0.414277
1.535136 0.41454
1.535591 0.41454
1.536046 0.414672
1.536501 0.41533
1.536956 0.415856
1.537412 0.415724
1.537868 0.415593
1.538324 0.416251
1.538781 0.416777
1.539238 0.416251
1.539695 0.415856
1.540153 0.416777
1.54061 0.41704
1.541068 0.416646
1.541527 0.41704
1.541985 0.417698
1.542444 0.417962
1.542903 0.417962
1.543363 0.41783
1.543822 0.417304
1.544282 0.417698
1.544742 0.41783
1.545203 0.417567
1.545663 0.418356
1.546124 0.419541
1.546586 0.420462
1.547047 0.420199
1.547509 0.419804
1.547971 0.419146
1.548433 0.419672
1.548896 0.420594
1.549359 0.420988
1.549822 0.421515
1.550285 0.42191
1.550749 0.42191
1.551213 0.421383
1.551677 0.42112
1.552142 0.421778
1.552607 0.422173
1.553072 0.422173
1.553537 0.422699
1.554003 0.423226
1.554469 0.423357
1.554935 0.423226
1.555402 0.423094
1.555868 0.422831
1.556336 0.423357
1.556803 0.42362
1.557271 0.424015
1.557738 0.42441
1.558207 0.424542
1.558675 0.424936
1.559144 0.425068
1.559613 0.4252
1.560082 0.425594
1.560552 0.425989
1.561022 0.426384
1.561492 0.427042
1.561963 0.427042
1.562433 0.427042
1.562905 0.427305
1.563376 0.4277
1.563848 0.428226
1.564319 0.428358
1.564792 0.427963
1.565264 0.428226
1.565737 0.428753
1.56621 0.428753
1.566683 0.428753
1.567156 0.429148
1.56763 0.429542
1.568105 0.429806
1.568579 0.429937
1.569054 0.430464
1.569529 0.430858
1.570004 0.430858
1.57048 0.43099
1.570956 0.43099
1.571432 0.43099
1.571908 0.431385
1.572385 0.431253
1.572862 0.431648
1.57334 0.432174
1.573817 0.432832
1.574295 0.432964
1.574773 0.433227
1.575252 0.433622
1.575731 0.433359
1.57621 0.433096
1.576689 0.433359
1.577169 0.434148
1.577649 0.434543
1.578129 0.434148
1.57861 0.434017
1.57909 0.434675
1.579572 0.434806
1.580053 0.43428
1.580535 0.434412
1.581017 0.43507
1.581499 0.435859
1.581982 0.435991
1.582465 0.435859
1.582948 0.436122
1.583431 0.43678
1.583915 0.436912
1.584399 0.437044
1.584884 0.437175
1.585368 0.43757
1.585853 0.437438
1.586339 0.437702
1.586824 0.437965
1.58731 0.437833
1.587796 0.438096
1.588283 0.438096
1.588769 0.437833
1.589256 0.438623
1.589744 0.439281
1.590231 0.439281
1.590719 0.439281
1.591208 0.439807
1.591696 0.439807
1.592185 0.440202
1.592674 0.440334
1.593163 0.439939
1.593653 0.440465
1.594143 0.44086
1.594634 0.441255
1.595124 0.44165
1.595615 0.442044
1.596107 0.442308
1.596598 0.441518
1.59709 0.441255
1.597582 0.44165
1.598075 0.442308
1.598568 0.442966
1.599061 0.44336
1.599554 0.443624
1.600048 0.443755
1.600542 0.443887
1.601036 0.444018
1.60153 0.443887
1.602025 0.444018
1.602521 0.443887
1.603016 0.444413
1.603512 0.445598
1.604008 0.445466
1.604505 0.445466
1.605001 0.445334
1.605498 0.445071
1.605996 0.445729
1.606493 0.445992
1.606991 0.446124
1.60749 0.446519
1.607988 0.447177
1.608487 0.44744
1.608986 0.44744
1.609486 0.44744
1.609986 0.448098
1.610486 0.448756
1.610986 0.448888
1.611487 0.448756
1.611988 0.44823
1.61249 0.448624
1.612991 0.449151
1.613493 0.449282
1.613996 0.449282
1.614498 0.449546
1.615001 0.44994
1.615505 0.450204
1.616008 0.450467
1.616512 0.451125
1.617016 0.450993
1.617521 0.451256
1.618026 0.45152
1.618531 0.451783
1.619036 0.452046
1.619542 0.452046
1.620048 0.452309
1.620554 0.452967
1.621061 0.452704
1.621568 0.452836
1.622076 0.452836
1.622583 0.452704
1.623091 0.453625
1.6236 0.454546
1.624108 0.45402
1.624617 0.453888
1.625127 0.454152
1.625636 0.453888
1.626146 0.454152
1.626656 0.454546
1.627167 0.45481
1.627678 0.455204
1.628189 0.455599
1.628701 0.455599
1.629212 0.455468
1.629725 0.455468
1.630237 0.455994
1.63075 0.455862
1.631263 0.455468
1.631777 0.455862
1.63229 0.456784
1.632804 0.457178
1.633319 0.456915
1.633834 0.456389
1.634349 0.457047
1.634864 0.458231
1.63538 0.458363
1.635896 0.458231
1.636412 0.458231
1.636929 0.458494
1.637446 0.458231
1.637964 0.457705
1.638481 0.458363
1.638999 0.459152
1.639518 0.459547
1.640036 0.459152
1.640555 0.459021
1.641075 0.458889
1.641594 0.459284
1.642114 0.460074
1.642634 0.459942
1.643155 0.460074
1.643676 0.460863
1.644197 0.460732
1.644719 0.460863
1.645241 0.461258
1.645763 0.46139
1.646286 0.460863
1.646809 0.461126
1.647332 0.461653
1.647856 0.461258
1.64838 0.461258
1.648904 0.461916
1.649429 0.462706
1.649953 0.462837
1.650479 0.462574
1.651004 0.462179
1.651531 0.461653
1.652057 0.462311
1.652583 0.462574
1.65311 0.462442
1.653638 0.461916
1.654165 0.462837
1.654693 0.463495
1.655222 0.463364
1.65575 0.46389
1.656279 0.463758
1.656809 0.463495
1.657338 0.464153
1.657868 0.46389
1.658399 0.463495
1.658929 0.463495
1.65946 0.464153
1.659992 0.464943
1.660523 0.464943
1.661055 0.464548
1.661588 0.46468
1.662121 0.464943
1.662654 0.465601
1.663187 0.465469
1.663721 0.465469
1.664255 0.465338
1.664789 0.465601
1.665324 0.465732
1.665859 0.465864
1.666395 0.465996
1.666931 0.465864
1.667467 0.466259
1.668003 0.46639
1.66854 0.46639
1.669077 0.466522
1.669615 0.467312
1.670153 0.46718
1.670691 0.466917
1.671229 0.466917
1.671769 0.467312
1.672308 0.46797
1.672847 0.468101
1.673387 0.468496
1.673928 0.468496
1.674468 0.468364
1.675009 0.468496
1.675551 0.468759
1.676093 0.468628
1.676635 0.469154
1.677177 0.470075
1.67772 0.470207
1.678263 0.469812
1.678806 0.469549
1.67935 0.470075
1.679894 0.470075
1.680439 0.469944
1.680984 0.470207
1.681529 0.470075
1.682074 0.469944
1.682621 0.47047
1.683167 0.470865
1.683714 0.471128
1.68426 0.471391
1.684808 0.471128
1.685356 0.471523
1.685904 0.471918
1.686452 0.471918
1.687001 0.472049
1.68755 0.471918
1.6881 0.471654
1.68865 0.472312
1.6892 0.472839
1.689751 0.472576
1.690302 0.472576
1.690853 0.472839
1.691405 0.472839
1.691957 0.473628
1.692509 0.474155
1.693061 0.473628
1.693615 0.473365
1.694168 0.473892
1.694722 0.474023
1.695276 0.473365
1.695831 0.473628
1.696385 0.47455
1.696941 0.474813
1.697497 0.47455
1.698053 0.474681
1.698609 0.475076
1.699166 0.475076
1.699723 0.474944
1.70028 0.474944
1.700838 0.474681
1.701396 0.474944
1.701955 0.474944
1.702514 0.474681
1.703073 0.474813
1.703633 0.475208
1.704193 0.475602
1.704753 0.475997
1.705314 0.476392
1.705875 0.476392
1.706436 0.476787
1.706998 0.476655
1.707561 0.476524
1.708123 0.476392
1.708686 0.476524
1.70925 0.476787
1.709813 0.477182
1.710377 0.476787
1.710942 0.476787
1.711507 0.477445
1.712072 0.477708
1.712638 0.477708
1.713204 0.478103
1.71377 0.47784
1.714337 0.47784
1.714904 0.477971
1.715471 0.477971
1.716039 0.478234
1.716607 0.478629
1.717176 0.478892
1.717745 0.478498
1.718314 0.478366
1.718884 0.478366
1.719454 0.478498
1.720024 0.479024
1.720595 0.478892
1.721167 0.479156
1.721738 0.479024
1.72231 0.478892
1.722883 0.47955
1.723455 0.480077
1.724029 0.479682
1.724602 0.479287
1.725176 0.479024
1.72575 0.479419
1.726325 0.480472
1.7269 0.480603
1.727476 0.48034
1.728051 0.480603
1.728628 0.480735
1.729204 0.480472
1.729781 0.479945
1.730358 0.480077
1.730936 0.480735
1.731514 0.480866
1.732093 0.480472
1.732672 0.480866
1.733251 0.481393
1.733831 0.481261
1.734411 0.480866
1.734991 0.48113
1.735572 0.481524
1.736153 0.481393
1.736735 0.481261
1.737317 0.480998
1.7379 0.48113
1.738482 0.481393
1.739066 0.481261
1.739649 0.481656
1.740233 0.481919
1.740817 0.481919
1.741402 0.482182
1.741987 0.482182
1.742573 0.482051
1.743159 0.482182
1.743745 0.482446
1.744332 0.482709
1.744919 0.482709
1.745506 0.483104
1.746094 0.483104
1.746683 0.482972
1.747271 0.482972
1.74786 0.48284
1.74845 0.482972
1.74904 0.483367
1.74963 0.483104
1.750221 0.483367
1.750812 0.483498
1.751403 0.483367
1.751995 0.483893
1.752588 0.484025
1.75318 0.484156
1.753773 0.483893
1.754367 0.483367
1.754961 0.483235
1.755555 0.483104
1.75615 0.483498
1.756745 0.484551
1.75734 0.484683
1.757936 0.484551
1.758533 0.484814
1.759129 0.484946
1.759726 0.484683
1.760324 0.484551
1.760922 0.485209
1.76152 0.485341
1.762119 0.485472
1.762718 0.485867
1.763318 0.485736
1.763918 0.485209
1.764518 0.485341
1.765119 0.485867
1.76572 0.485999
1.766322 0.485736
1.766924 0.485472
1.767526 0.485078
1.768129 0.485472
1.768732 0.48613
1.769336 0.486262
1.76994 0.486394
1.770545 0.48613
1.771149 0.486525
1.771755 0.48692
1.77236 0.486657
1.772967 0.486788
1.773573 0.486788
1.77418 0.486657
1.774787 0.486657
1.775395 0.486525
1.776004 0.486657
1.776612 0.487183
1.777221 0.487578
1.777831 0.487578
1.778441 0.487315
1.779051 0.48692
1.779662 0.486657
1.780273 0.48692
1.780884 0.487052
1.781496 0.487183
1.782109 0.487841
1.782721 0.487841
1.783335 0.487183
1.783948 0.487315
1.784562 0.487578
1.785177 0.48692
1.785792 0.486788
1.786407 0.487183
1.787023 0.487446
1.787639 0.487315
1.788256 0.487183
1.788873 0.486788
1.789491 0.487315
1.790108 0.487841
1.790727 0.48771
1.791346 0.48771
1.791965 0.487841
1.792585 0.487973
1.793205 0.487841
1.793825 0.487446
1.794446 0.487183
1.795067 0.487315
1.795689 0.487315
1.796311 0.487183
1.796934 0.486788
1.797557 0.486788
1.79818 0.486657
1.798804 0.48692
1.799429 0.487183
1.800053 0.48692
1.800679 0.486525
1.801304 0.486394
1.801931 0.486262
1.802557 0.486525
1.803184 0.486657
1.803812 0.486394
1.804439 0.486262
1.805068 0.486394
1.805696 0.486394
1.806326 0.486262
1.806955 0.486262
1.807585 0.485736
1.808216 0.485604
1.808847 0.485999
1.809478 0.486262
1.81011 0.486262
1.810742 0.485867
1.811375 0.485472
1.812008 0.485604
1.812641 0.485472
1.813275 0.485341
1.81391 0.485078
1.814545 0.485209
1.81518 0.485604
1.815816 0.485078
1.816452 0.485209
1.817089 0.485472
1.817726 0.485472
1.818363 0.485472
1.819001 0.485209
1.81964 0.485209
1.820279 0.484946
1.820918 0.48442
1.821558 0.484551
1.822199 0.484814
1.822839 0.484683
1.82348 0.484156
1.824122 0.484288
1.824764 0.484156
1.825406 0.484814
1.826049 0.484683
1.826693 0.483498
1.827337 0.483498
1.827981 0.48442
1.828626 0.484814
1.829271 0.484288
1.829917 0.483498
1.830563 0.483498
1.83121 0.483498
1.831857 0.483367
1.832504 0.483367
1.833152 0.483104
1.833801 0.483104
1.83445 0.483235
1.835099 0.482972
1.835749 0.482972
1.836399 0.482446
1.83705 0.482446
1.837701 0.482446
1.838353 0.481788
1.839005 0.481656
1.839658 0.481524
1.840311 0.481261
1.840964 0.481524
1.841618 0.481261
1.842272 0.480472
1.842927 0.480472
1.843583 0.480472
1.844238 0.480208
1.844895 0.480077
1.845551 0.479945
1.846209 0.480077
1.846867 0.479682
1.847525 0.47955
1.848184 0.479287
1.848843 0.478629
1.849502 0.478761
1.850162 0.478498
1.850823 0.478234
1.851484 0.478103
1.852145 0.477445
1.852807 0.47705
1.853469 0.477182
1.854132 0.476392
1.854796 0.476129
1.855459 0.476524
1.856124 0.476655
1.856789 0.47626
1.857454 0.476129
1.85812 0.47626
1.858786 0.476392
1.859453 0.47626
1.86012 0.475471
1.860788 0.474944
1.861456 0.474813
1.862124 0.47455
1.862794 0.474286
1.863463 0.474286
1.864133 0.474418
1.864804 0.474155
1.865475 0.473892
1.866146 0.473892
1.866818 0.474155
1.867491 0.473497
1.868164 0.472576
1.868837 0.472312
1.869511 0.472444
1.870185 0.472707
1.87086 0.471786
1.871536 0.471128
1.872212 0.471918
1.872888 0.471786
1.873565 0.470865
1.874242 0.470865
1.87492 0.471128
1.875599 0.470996
1.876277 0.470602
1.876957 0.469944
1.877637 0.469417
1.878317 0.469812
1.878998 0.469154
1.879679 0.469022
1.880361 0.469417
1.881043 0.469417
1.881726 0.469549
1.882409 0.46968
1.883093 0.470075
1.883777 0.470075
1.884462 0.469549
1.885147 0.470075
1.885833 0.470602
1.886519 0.470733
1.887206 0.471128
1.887893 0.471523
1.888581 0.471391
1.889269 0.471786
1.889958 0.472049
1.890647 0.471654
1.891337 0.472312
1.892027 0.472839
1.892718 0.473102
1.893409 0.473234
1.894101 0.47297
1.894793 0.473497
1.895486 0.473892
1.896179 0.473892
1.896873 0.473892
1.897568 0.474023
1.898262 0.474418
1.898958 0.474813
1.899654 0.474155
1.90035 0.47376
1.901047 0.474023
1.901744 0.47455
1.902442 0.47455
1.90314 0.474023
1.903839 0.474286
1.904539 0.474681
1.905239 0.474286
1.905939 0.474023
1.90664 0.474023
1.907342 0.47376
1.908044 0.474023
1.908746 0.47376
1.909449 0.473497
1.910153 0.473365
1.910857 0.473234
1.911561 0.473365
1.912266 0.473234
1.912972 0.473365
1.913678 0.47297
1.914385 0.472444
1.915092 0.472576
1.9158 0.472444
1.916508 0.471786
1.917217 0.471523
1.917926 0.471391
1.918636 0.471391
1.919346 0.471128
1.920057 0.470996
1.920768 0.47047
1.92148 0.470338
1.922193 0.470207
1.922906 0.470207
1.92362 0.47047
1.924333 0.470207
1.925048 0.469812
1.925763 0.469812
1.926479 0.469286
1.927195 0.469154
1.927912 0.469154
1.928629 0.468628
1.929346 0.468233
1.930065 0.468364
1.930784 0.46797
1.931503 0.468101
1.932223 0.468101
1.932943 0.467443
1.933664 0.46718
1.934386 0.467048
1.935108 0.466785
1.93583 0.466522
1.936554 0.466127
1.937277 0.465996
1.938002 0.465996
1.938726 0.465601
1.939452 0.465206
1.940177 0.464548
1.940904 0.464153
1.941631 0.463758
1.942358 0.462969
1.943086 0.4631
1.943815 0.463232
1.944544 0.462837
1.945274 0.462442
1.946004 0.462048
1.946735 0.461521
1.947466 0.460732
1.948198 0.459679
1.94893 0.459679
1.949663 0.45981
1.950397 0.459416
1.951131 0.458889
1.951865 0.458626
1.952601 0.458626
1.953336 0.457968
1.954073 0.457442
1.954809 0.457442
1.955547 0.457442
1.956285 0.457047
1.957023 0.456257
1.957762 0.455731
1.958502 0.455204
1.959242 0.454941
1.959983 0.454546
1.960724 0.45402
1.961466 0.45402
1.962208 0.454415
1.962951 0.454152
1.963695 0.453757
1.964439 0.453625
1.965183 0.453362
1.965929 0.452704
1.966674 0.452309
1.967421 0.452309
1.968168 0.452178
1.968915 0.451914
1.969663 0.451388
1.970412 0.451125
1.971161 0.450862
1.971911 0.450598
1.972661 0.450072
1.973413 0.449151
1.974164 0.449282
1.974916 0.449282
1.975669 0.448756
1.976422 0.447966
1.977176 0.447308
1.97793 0.44744
1.978685 0.447966
1.97944 0.447703
1.980196 0.447177
1.980953 0.446914
1.98171 0.446914
1.982468 0.446387
1.983226 0.445861
1.983986 0.445466
1.984745 0.445203
1.985505 0.445203
1.986266 0.445466
1.987027 0.445071
1.987789 0.444808
1.988552 0.444545
1.989315 0.44494
1.990078 0.445466
1.990842 0.445598
1.991607 0.445203
1.992373 0.444676
1.993139 0.44494
1.993905 0.44494
1.994673 0.44415
1.99544 0.443887
1.996209 0.444545
1.996978 0.445334
1.997747 0.44494
1.998517 0.444808
1.999288 0.445203
2.000059 0.445729
2.000831 0.445729
2.001604 0.445598
2.002377 0.445334
2.003151 0.445466
2.003925 0.446256
2.0047 0.446519
2.005476 0.446124
2.006252 0.446387
2.007029 0.446782
2.007806 0.447308
2.008584 0.44744
2.009362 0.447835
2.010141 0.448098
2.010921 0.447835
2.011701 0.44823
2.012482 0.449019
2.013264 0.449677
2.014046 0.450072
2.014829 0.450204
2.015612 0.450072
2.016396 0.450335
2.01718 0.450862
2.017966 0.451256
2.018752 0.451914
2.019538 0.452572
2.020325 0.45323
2.021113 0.453362
2.021901 0.453494
2.02269 0.45402
2.023479 0.454678
2.02427 0.455204
2.02506 0.455994
2.025852 0.456784
2.026644 0.457047
2.027436 0.457573
2.028229 0.458231
2.029023 0.458626
2.029818 0.459021
2.030613 0.459416
2.031409 0.459942
2.032204 0.460468
2.033001 0.460863
2.033799 0.461521
2.034597 0.462048
2.035396 0.462574
2.036195 0.4631
2.036996 0.463364
2.037796 0.46389
2.038598 0.464548
2.0394 0.465206
2.040203 0.465601
2.041006 0.46639
2.04181 0.467048
2.042614 0.467312
2.043419 0.467706
2.044225 0.467575
2.045032 0.467575
2.045839 0.468364
2.046646 0.469286
2.047455 0.470075
2.048264 0.470338
2.049073 0.470338
2.049883 0.470733
2.050694 0.470996
2.051505 0.471523
2.052317 0.471918
2.05313 0.472181
2.053944 0.472444
2.054758 0.47297
2.055573 0.47297
2.056388 0.47297
2.057204 0.473234
2.058021 0.473497
2.058838 0.47376
2.059656 0.474155
2.060475 0.47455
2.061294 0.475076
2.062114 0.475471
2.062935 0.475602
2.063756 0.475866
2.064577 0.475866
2.0654 0.475734
2.066223 0.475734
2.067047 0.476129
2.067871 0.47626
2.068696 0.476129
2.069522 0.476392
2.070349 0.476787
2.071176 0.477313
2.072004 0.477313
2.072833 0.47705
2.073662 0.477313
2.074492 0.477576
2.075322 0.477576
2.076153 0.477313
2.076985 0.477313
2.077817 0.477313
2.07865 0.477182
2.079484 0.477445
2.080319 0.477576
2.081154 0.477576
2.08199 0.477313
2.082826 0.477182
2.083663 0.477576
2.084501 0.477971
2.08534 0.477576
2.086179 0.476918
2.087018 0.476787
2.087859 0.476918
2.0887 0.476787
2.089542 0.476524
2.090385 0.475997
2.091228 0.474944
2.092072 0.474286
2.092917 0.474023
2.093762 0.473628
2.094608 0.473102
2.095454 0.472312
2.096302 0.471654
2.09715 0.47126
2.097999 0.470865
2.098848 0.470338
2.099698 0.470075
2.100549 0.470075
2.1014 0.470207
2.102252 0.469812
2.103105 0.469417
2.103959 0.469286
2.104813 0.469022
2.105668 0.468496
2.106524 0.46797
2.10738 0.467838
2.108237 0.467838
2.109094 0.467838
2.109953 0.467838
2.110812 0.467706
2.111672 0.467312
2.112532 0.467312
2.113394 0.467443
2.114255 0.467443
2.115118 0.467312
2.115981 0.467575
2.116845 0.46797
2.11771 0.468101
2.118576 0.46797
2.119442 0.468101
2.120309 0.468101
2.121176 0.46797
2.122045 0.46797
2.122913 0.468101
2.123783 0.468364
2.124654 0.468233
2.125525 0.467706
2.126396 0.467575
2.127269 0.467443
2.128142 0.467443
2.129016 0.467706
2.129891 0.467838
2.130766 0.46797
2.131642 0.468496
2.132519 0.468496
2.133397 0.468233
2.134275 0.468233
2.135154 0.468233
2.136034 0.46797
2.136914 0.46797
2.137795 0.46797
2.138677 0.468101
2.13956 0.468101
2.140444 0.46797
2.141328 0.467706
2.142213 0.467443
2.143099 0.467443
2.143985 0.467575
2.144872 0.467443
2.14576 0.46718
2.146648 0.466785
2.147537 0.466917
2.148427 0.467312
2.149318 0.467312
2.150209 0.467048
2.151101 0.467048
2.151994 0.466785
2.152888 0.466654
2.153783 0.466654
2.154678 0.466522
2.155574 0.46639
2.15647 0.466127
2.157368 0.465996
2.158266 0.465864
2.159165 0.465732
2.160064 0.465469
2.160964 0.465338
2.161865 0.465338
2.162767 0.465074
2.16367 0.465074
2.164573 0.465206
2.165478 0.465206
2.166383 0.464943
2.167288 0.464548
2.168195 0.46389
2.169102 0.463627
2.17001 0.463232
2.170919 0.462969
2.171828 0.462706
2.172739 0.462048
2.17365 0.46139
2.174561 0.461258
2.175474 0.4606
2.176387 0.460074
2.177301 0.459416
2.178216 0.459021
2.179132 0.459021
2.180048 0.458363
2.180965 0.457178
2.181883 0.456652
2.182801 0.456389
2.183721 0.455731
2.184641 0.455073
2.185562 0.454546
2.186484 0.453757
2.187407 0.453362
2.18833 0.452836
2.189254 0.452309
2.190179 0.451651
2.191105 0.451256
2.192032 0.450335
2.192959 0.448888
2.193887 0.448098
2.194816 0.447572
2.195745 0.446782
2.196676 0.446124
2.197607 0.445334
2.198539 0.444413
2.199472 0.443887
2.200405 0.443492
2.201339 0.442571
2.202275 0.441518
2.203211 0.440465
2.204147 0.439676
2.205085 0.439018
2.206023 0.438228
2.206962 0.437044
2.207902 0.435859
2.208843 0.434938
2.209784 0.43428
2.210727 0.433359
2.21167 0.431911
2.212614 0.430595
2.213559 0.429542
2.214504 0.42849
2.215451 0.427437
2.216398 0.425858
2.217346 0.424015
2.218295 0.422699
2.219244 0.421252
2.220195 0.419672
2.221146 0.41783
2.222098 0.416251
2.223051 0.414408
2.224005 0.412303
2.224959 0.410066
2.225914 0.408092
2.226871 0.405986
2.227827 0.403486
2.228785 0.40059
2.229744 0.3973
2.230703 0.393747
2.231663 0.390589
2.232625 0.38743
2.233587 0.384404
2.234549 0.381245
2.235513 0.378218
2.236477 0.375455
2.237442 0.372428
2.238408 0.370059
2.239375 0.368217
2.240343 0.366506
2.241312 0.365058
2.242281 0.364269
2.243252 0.363348
2.244223 0.362558
2.245195 0.362163
2.246168 0.362163
2.247141 0.362426
2.248116 0.362163
2.249091 0.362163
2.250067 0.362558
2.251044 0.363084
2.252022 0.363348
2.253 0.363742
2.25398 0.364927
2.254961 0.365453
2.255942 0.365716
2.256924 0.366111
2.257907 0.366506
2.258891 0.366769
2.259876 0.367296
2.260861 0.36769
2.261847 0.367822
2.262835 0.368085
2.263823 0.368085
2.264812 0.367954
2.265802 0.368085
2.266792 0.368217
2.267784 0.368085
2.268776 0.36769
2.26977 0.367954
2.270764 0.367954
2.271759 0.367296
2.272755 0.367032
2.273752 0.366901
2.27475 0.366638
2.275748 0.36598
2.276747 0.36519
2.277748 0.364137
2.278749 0.36269
2.279751 0.360979
2.280754 0.359136
2.281758 0.356899
2.282763 0.354399
2.283768 0.351635
2.284775 0.34874
2.285782 0.345713
2.286791 0.34295
2.2878 0.340054
2.28881 0.337554
2.289821 0.33558
2.290832 0.332948
2.291845 0.330448
2.292859 0.328737
2.293873 0.327421
2.294889 0.326236
2.295905 0.325184
2.296922 0.324131
2.29794 0.323473
2.29896 0.32321
2.299979 0.323078
2.301001 0.32321
2.302022 0.323341
2.303045 0.322815
2.304068 0.322157
2.305093 0.32163
2.306118 0.321367
2.307145 0.320709
2.308172 0.319393
2.309201 0.318077
2.31023 0.31663
2.31126 0.315314
2.31229 0.313471
2.313322 0.311366
2.314355 0.309655
2.315388 0.307944
2.316423 0.306628
2.317458 0.30518
2.318495 0.304259
2.319532 0.303601
2.32057 0.303075
2.321609 0.30268
2.32265 0.302417
2.323691 0.301627
2.324733 0.301364
2.325776 0.301101
2.32682 0.300311
2.327865 0.299916
2.32891 0.30018
2.329957 0.300706
2.331005 0.301101
2.332053 0.301759
2.333103 0.302812
2.334153 0.303864
2.335205 0.30518
2.336257 0.306102
2.33731 0.307154
2.338365 0.308339
2.33942 0.309655
2.340476 0.310971
2.341533 0.31255
2.342591 0.313998
2.34365 0.315577
2.34471 0.316761
2.345771 0.318209
2.346833 0.31992
2.347896 0.321236
2.34896 0.32242
2.350024 0.323473
2.35109 0.324394
2.352157 0.325315
2.353225 0.3265
2.354293 0.327552
2.355363 0.328079
2.356434 0.329132
2.357505 0.330711
2.358577 0.331895
2.359651 0.333211
2.360726 0.334132
2.361801 0.335185
2.362878 0.336238
2.363955 0.337422
2.365033 0.33887
2.366114 0.340318
2.367194 0.341897
2.368275 0.342555
2.369358 0.343081
2.370441 0.344002
2.371525 0.344792
2.372611 0.345713
2.373697 0.34624
2.374785 0.346634
2.375873 0.346766
2.376962 0.346634
2.378052 0.346766
2.379144 0.346634
2.380236 0.34624
2.38133 0.345976
2.382424 0.345976
2.383519 0.345713
2.384615 0.345187
2.385713 0.344792
2.386811 0.344792
2.387911 0.344529
2.389011 0.344529
2.390113 0.34466
2.391215 0.34466
2.392318 0.34466
2.393423 0.345318
2.394528 0.345976
2.395635 0.346634
2.396743 0.347424
2.397851 0.348477
2.398961 0.349661
2.400071 0.350714
2.401183 0.35203
2.402296 0.353214
2.40341 0.354925
2.404524 0.356636
2.40564 0.358215
2.406757 0.359531
2.407875 0.360716
2.408994 0.361637
2.410113 0.36269
2.411234 0.363479
2.412356 0.363479
2.413479 0.363216
2.414603 0.363479
2.415729 0.363216
2.416855 0.362426
2.417982 0.3619
2.419111 0.361374
2.42024 0.360847
2.421371 0.359926
2.422502 0.35861
2.423635 0.357426
2.424768 0.356241
2.425903 0.35532
2.427038 0.354794
2.428176 0.353872
2.429314 0.352951
2.430453 0.352162
2.431592 0.351372
2.432734 0.350846
2.433876 0.350451
2.435019 0.350188
2.436163 0.349924
2.437308 0.34953
2.438454 0.349135
2.439602 0.348872
2.44075 0.348477
2.4419 0.34795
2.443051 0.347292
2.444203 0.346503
2.445355 0.345582
2.44651 0.345055
2.447665 0.34466
2.448821 0.343344
2.449978 0.342423
2.451137 0.342028
2.452296 0.341239
2.453457 0.340318
2.454618 0.339265
2.455781 0.338344
2.456945 0.337554
2.45811 0.336633
2.459276 0.335843
2.460443 0.335054
2.461612 0.334659
2.462781 0.334132
2.463952 0.333738
2.465123 0.333606
2.466296 0.33308
2.46747 0.332816
2.468645 0.332685
2.469821 0.332948
2.470998 0.332948
2.472176 0.33308
2.473356 0.333606
2.474536 0.334001
2.475718 0.334132
2.476901 0.334396
2.478085 0.334659
2.47927 0.335054
2.480456 0.335448
2.481644 0.33558
2.482832 0.335712
2.484022 0.336106
2.485213 0.336501
2.486404 0.33637
2.487597 0.336106
2.488792 0.33637
2.489987 0.336633
2.491184 0.33637
2.492381 0.336106
2.493581 0.335975
2.494781 0.336106
2.495982 0.336106
2.497184 0.335975
2.498387 0.335843
2.499592 0.335712
2.500798 0.335843
2.502005 0.33558
2.503213 0.334922
2.504422 0.335185
2.505633 0.335317
2.506844 0.335054
2.508057 0.334922
2.509271 0.334922
2.510486 0.335054
2.511703 0.33479
2.51292 0.334659
2.514138 0.33479
2.515358 0.334659
2.516579 0.334922
2.517802 0.33479
2.519025 0.334527
2.52025 0.334396
2.521476 0.334527
2.522703 0.33479
2.523931 0.335054
2.52516 0.335054
2.526391 0.335317
2.527622 0.335317
2.528856 0.33558
2.53009 0.336106
2.531325 0.33637
2.532562 0.336501
2.5338 0.336633
2.535039 0.337159
2.536279 0.337159
2.53752 0.336764
2.538763 0.336896
2.540007 0.337159
2.541252 0.337554
2.542498 0.337291
2.543746 0.336764
2.544994 0.336764
2.546244 0.337028
2.547495 0.336764
2.548748 0.33637
2.550002 0.33637
2.551256 0.336633
2.552513 0.33637
2.553771 0.335317
2.555029 0.335448
2.556289 0.33558
2.55755 0.335712
2.558813 0.336106
2.560076 0.336633
2.561341 0.335975
2.562607 0.33558
2.563875 0.335448
2.565143 0.335054
2.566413 0.33558
2.567684 0.336896
2.568957 0.337028
2.57023 0.335054
2.571505 0.335975
2.572781 0.337291
2.574058 0.33558
2.575337 0.336764
2.576617 0.337159
2.577898 0.336501
2.579181 0.338344
2.580465 0.339396
2.58175 0.33966
2.583036 0.34137
2.584324 0.339396
2.585613 0.340712
2.586903 0.34216
2.588195 0.341765
2.589488 0.34216
2.590782 0.342818
2.592077 0.344792
2.593373 0.348345
2.594671 0.345318
2.595971 0.341107
2.597271 0.343213
2.598573 0.345318
2.599876 0.346898
2.601181 0.347687
2.602487 0.34795
2.603794 0.349398
2.605102 0.34953
2.606412 0.348214
2.607723 0.34953
2.609035 0.350319
2.610349 0.350319
2.611664 0.351109
2.612981 0.351635
2.614299 0.352162
2.615618 0.354136
2.616938 0.351767
2.61826 0.351898
2.619583 0.354267
2.620907 0.351635
2.622233 0.351635
2.62356 0.353083
2.624888 0.35453
2.626217 0.354267
2.627548 0.352162
2.628881 0.354925
2.630215 0.353741
2.63155 0.35124
2.632886 0.35282
2.634224 0.35203
2.635564 0.351635
2.636904 0.351898
2.638246 0.351504
2.63959 0.35124
2.640934 0.350977
2.64228 0.350188
2.643628 0.349924
2.644976 0.349661
2.646327 0.348214
2.647678 0.34795
2.649031 0.348214
2.650386 0.348872
2.651741 0.348608
2.653098 0.347029
2.654457 0.347161
2.655817 0.346503
2.657177 0.346108
2.65854 0.346898
2.659904 0.345845
2.66127 0.345055
2.662637 0.34545
2.664005 0.346766
2.665375 0.34466
2.666745 0.34137
2.668118 0.340844
2.669492 0.343739
2.670867 0.337291
2.672244 0.335843
2.673622 0.337028
2.675002 0.336633
2.676383 0.333343
2.677765 0.330448
2.67915 0.327816
2.680535 0.324789
2.681922 0.323868
2.68331 0.320972
2.6847 0.317946
2.68609 0.315314
2.687483 0.312024
2.688877 0.309128
2.690272 0.306102
2.691669 0.30347
2.693067 0.29939
2.694467 0.292942
2.695868 0.28702
2.69727 0.27965
2.698674 0.270306
2.70008 0.261752
2.701487 0.252804
2.702896 0.241486
2.704306 0.227142
2.705717 0.20977
2.70713 0.192531
2.708544 0.176739
2.70996 0.16371
2.711378 0.15213
2.712797 0.145023
2.714217 0.141602
2.715639 0.139233
2.717062 0.138048
2.718487 0.137785
2.719913 0.137917
2.721341 0.135943
2.72277 0.137127
2.7242 0.137522
2.725633 0.136206
2.727067 0.136074
2.728502 0.136074
2.729939 0.135811
2.731377 0.135285
2.732817 0.134758
2.734258 0.133837
2.735701 0.131863
2.737146 0.131732
2.738592 0.131995
2.740039 0.130679
2.741488 0.128836
2.742939 0.128047
2.744391 0.127784
2.745844 0.126994
2.747299 0.126204
2.748756 0.125415
2.750214 0.124362
2.751674 0.123309
2.753135 0.122783
2.754598 0.121993
2.756062 0.11923
2.757528 0.118177
2.758996 0.117782
2.760465 0.117256
2.761936 0.116334
2.763408 0.114887
2.764882 0.113834
2.766357 0.113308
2.767834 0.11265
2.769313 0.111992
2.770793 0.110939
2.772275 0.109886
2.773758 0.109096
2.775243 0.108833
2.77673 0.108307
2.778218 0.107386
2.779707 0.107122
2.781199 0.106728
2.782691 0.10607
2.784185 0.105938
2.785681 0.105938
2.787179 0.105412
2.788678 0.104622
2.790179 0.104359
2.791682 0.104096
2.793186 0.103832
2.794692 0.103569
2.7962 0.103306
2.797709 0.103043
2.799219 0.103306
2.800731 0.103701
2.802245 0.104096
2.803761 0.103832
2.805278 0.103701
2.806797 0.104096
2.808318 0.10449
2.80984 0.104622
2.811363 0.104885
2.812889 0.104754
2.814416 0.105017
2.815945 0.10528
2.817475 0.105806
2.819007 0.106596
2.82054 0.107122
2.822076 0.107649
2.823613 0.108175
2.825152 0.108307
2.826692 0.10857
2.828234 0.109228
2.829778 0.109886
2.831324 0.110412
2.832871 0.110939
2.83442 0.111334
2.835971 0.11186
2.837523 0.111992
2.839077 0.112255
2.840632 0.112913
2.84219 0.113044
2.843749 0.112781
2.84531 0.112913
2.846872 0.113439
2.848437 0.113571
2.850003 0.113176
2.85157 0.112913
2.85314 0.11265
2.854711 0.112518
2.856283 0.112255
2.857857 0.111728
2.859434 0.111334
2.861012 0.110939
2.862592 0.110281
2.864173 0.109886
2.865757 0.109491
2.867342 0.109228
2.868929 0.108965
2.870517 0.10857
2.872108 0.108044
2.873699 0.107386
2.875293 0.106728
2.876889 0.106201
2.878486 0.105675
2.880085 0.105675
2.881686 0.10528
2.883289 0.104885
2.884893 0.104359
2.886499 0.104227
2.888107 0.104359
2.889717 0.103832
2.891329 0.103306
2.892942 0.103174
2.894558 0.103043
2.896175 0.102911
2.897794 0.102516
2.899415 0.102516
2.901037 0.102648
2.902662 0.10278
2.904288 0.102648
2.905916 0.102648
2.907546 0.10278
2.909178 0.10278
2.910811 0.103043
2.912446 0.103306
2.914083 0.103438
2.915722 0.103964
2.917363 0.104359
2.919006 0.104622
2.92065 0.104622
2.922296 0.105148
2.923944 0.105806
2.925594 0.106333
2.927246 0.106728
2.9289 0.107254
2.930556 0.10778
2.932213 0.108044
2.933873 0.108044
2.935534 0.10857
2.937198 0.109228
2.938863 0.110018
2.94053 0.110807
2.942199 0.111334
2.943869 0.111597
2.945542 0.112255
2.947217 0.113176
2.948893 0.113834
2.950572 0.114097
2.952252 0.114624
2.953934 0.115545
2.955618 0.116466
2.957304 0.116992
2.958992 0.117519
2.960681 0.118045
2.962373 0.118835
2.964067 0.119888
2.965763 0.120546
2.96746 0.121204
2.96916 0.121993
2.970861 0.122651
2.972565 0.123309
2.974271 0.12423
2.975978 0.125283
2.977687 0.126073
2.979398 0.126599
2.981112 0.127257
2.982827 0.12831
2.984544 0.129363
2.986264 0.130547
2.987985 0.131863
2.989709 0.132916
2.991434 0.133706
2.993161 0.134758
2.99489 0.135943
2.996621 0.136732
2.998354 0.137654
3.000089 0.13897
3.001826 0.140022
3.003565 0.140812
3.005306 0.141733
3.00705 0.143181
3.008795 0.144365
3.010542 0.145286
3.012291 0.146076
3.014043 0.14726
3.015796 0.148445
3.017552 0.149498
3.019309 0.15055
3.021069 0.151603
3.02283 0.152393
3.024594 0.153577
3.02636 0.154762
3.028127 0.155683
3.029897 0.156604
3.031669 0.157394
3.033443 0.158315
3.035219 0.159368
3.036998 0.16042
3.038778 0.16121
3.04056 0.162263
3.042344 0.163579
3.04413 0.164632
3.045919 0.16529
3.047709 0.166211
3.049502 0.167132
3.051297 0.168185
3.053094 0.169369
3.054893 0.170422
3.056694 0.171606
3.058498 0.172922
3.060303 0.173975
3.062111 0.174765
3.063921 0.175686
3.065733 0.176739
3.067547 0.178186
3.069363 0.179239
3.071181 0.180555
3.073001 0.18174
3.074824 0.182398
3.076649 0.183187
3.078476 0.18424
3.080305 0.185424
3.082136 0.18674
3.08397 0.188188
3.085805 0.189504
3.087644 0.190557
3.089484 0.191346
3.091326 0.192268
3.093171 0.193715
3.095017 0.1949
3.096866 0.196216
3.098717 0.1974
3.10057 0.198453
3.102426 0.199637
3.104284 0.200558
3.106144 0.201348
3.108006 0.202269
3.109871 0.203454
3.111737 0.204506
3.113606 0.205428
3.115477 0.206349
3.11735 0.20727
3.119226 0.208454
3.121104 0.209244
3.122984 0.209902
3.124866 0.210823
3.126751 0.211876
3.128638 0.21306
3.130527 0.213982
3.132419 0.215034
3.134313 0.215824
3.136209 0.216482
3.138108 0.217403
3.140008 0.218324
3.141912 0.219246
3.143817 0.22043
3.145725 0.221746
3.147635 0.222536
3.149547 0.223325
3.151462 0.224115
3.153378 0.225036
3.155298 0.22622
3.157219 0.227405
3.159143 0.228194
3.16107 0.228984
3.162998 0.229905
3.164929 0.230563
3.166862 0.231353
3.168798 0.232537
3.170736 0.23359
3.172677 0.234511
3.174619 0.235564
3.176565 0.236485
3.178513 0.237406
3.180463 0.238459
3.182415 0.23938
3.18437 0.24017
3.186327 0.241091
3.188287 0.241749
3.190248 0.242276
3.192213 0.243197
3.19418 0.24425
3.196149 0.245171
3.198121 0.245697
3.200095 0.246355
3.202072 0.247145
3.204051 0.247934
3.206032 0.248592
3.208016 0.24925
3.210002 0.249908
3.211991 0.250435
3.213982 0.251093
3.215976 0.252014
3.217972 0.252672
3.219971 0.253198
3.221972 0.253593
3.223976 0.253725
3.225982 0.254383
3.227991 0.255172
3.230002 0.255436
3.232016 0.25583
3.234032 0.256357
3.236051 0.256752
3.238072 0.25741
3.240096 0.257804
3.242123 0.258068
3.244152 0.258199
3.246183 0.258331
3.248217 0.258594
3.250253 0.258594
3.252293 0.258726
3.254334 0.25912
3.256378 0.259515
3.258425 0.25991
3.260474 0.25991
3.262526 0.260042
3.26458 0.260173
3.266638 0.260436
3.268697 0.260568
3.27076 0.261094
3.272825 0.261621
3.274892 0.261884
3.276962 0.262279
3.279035 0.262805
3.28111 0.263332
3.283188 0.263858
3.285269 0.264384
3.287352 0.264911
3.289438 0.265569
3.291526 0.265964
3.293617 0.266358
3.295711 0.267148
3.297807 0.267938
3.299906 0.268201
3.302008 0.268596
3.304113 0.268727
3.30622 0.269385
3.30833 0.270175
3.310443 0.270438
3.312558 0.270438
3.314676 0.27057
3.316797 0.270833
3.31892 0.271359
3.321046 0.271886
3.323175 0.271754
3.325307 0.271754
3.327442 0.272149
3.329579 0.272412
3.331719 0.272807
3.333861 0.273333
3.336007 0.273728
3.338155 0.274254
3.340306 0.274912
3.342458 0.275439
3.344615 0.275702
3.346774 0.275834
3.348936 0.275965
3.351101 0.276228
3.353268 0.276492
3.355439 0.276755
3.357612 0.277018
3.359789 0.277018
3.361968 0.277281
3.364149 0.277018
3.366334 0.276492
3.368521 0.276097
3.370711 0.27557
3.372904 0.275439
3.3751 0.275702
3.3773 0.276228
3.379501 0.276886
3.381706 0.277413
3.383913 0.278334
3.386123 0.279518
3.388336 0.28044
3.390553 0.280966
3.392771 0.281229
3.394992 0.281492
3.397217 0.281756
3.399445 0.281492
3.401675 0.281229
3.403909 0.280703
3.406146 0.280176
3.408385 0.279782
3.410627 0.279782
3.412873 0.279913
3.415121 0.280308
3.417372 0.280571
3.419626 0.281492
3.421884 0.282545
3.424144 0.283598
3.426407 0.285309
3.428673 0.286756
3.430943 0.287809
3.433215 0.289125
3.43549 0.290573
3.437768 0.291889
3.440049 0.29281
3.442333 0.293468
3.444621 0.294389
3.446911 0.295705
3.449204 0.296626
3.4515 0.297548
3.4538 0.298732
3.456102 0.29939
3.458408 0.299785
3.460716 0.300311
3.463028 0.300574
3.465343 0.301101
3.467662 0.30189
3.469983 0.302154
3.472307 0.302548
3.474634 0.302548
3.476965 0.302548
3.479298 0.303075
3.481635 0.303733
3.483975 0.304128
3.486317 0.304128
3.488663 0.304259
3.491012 0.304654
3.493365 0.304654
3.49572 0.304259
3.498079 0.304259
3.500441 0.304786
3.502806 0.305575
3.505175 0.306628
3.507547 0.307812
3.509921 0.309392
3.512299 0.311234
3.514681 0.312945
3.517065 0.314392
3.519453 0.315445
3.521844 0.316366
3.524238 0.317551
3.526636 0.318472
3.529036 0.31913
3.53144 0.319788
3.533848 0.320446
3.536258 0.321104
3.538672 0.321367
3.541089 0.321894
3.543509 0.322683
3.545932 0.323473
3.548359 0.323868
3.55079 0.324131
3.553223 0.324394
3.55566 0.32492
3.558101 0.325578
3.560545 0.325973
3.562992 0.326236
3.565443 0.326631
3.567896 0.327158
3.570354 0.327289
3.572814 0.327816
3.575278 0.328342
3.577746 0.328737
3.580216 0.329
3.582691 0.329395
3.585169 0.329921
3.58765 0.330316
3.590135 0.330579
3.592623 0.330842
3.595114 0.331237
3.597609 0.3315
3.600107 0.331895
3.602608 0.332158
3.605114 0.33229
3.607622 0.332553
3.610135 0.33308
3.61265 0.33308
3.61517 0.333343
3.617692 0.333738
3.620219 0.334001
3.622749 0.334264
3.625283 0.334527
3.627819 0.334527
3.63036 0.33479
3.632904 0.335185
3.635452 0.33558
3.638003 0.335712
3.640558 0.336106
3.643116 0.336106
3.645679 0.336238
3.648244 0.33637
3.650813 0.336501
3.653386 0.336896
3.655962 0.337028
3.658543 0.337159
3.661126 0.337686
3.663713 0.337949
3.666304 0.33808
3.668898 0.338212
3.671497 0.338475
3.674099 0.338738
3.676705 0.33887
3.679314 0.339002
3.681927 0.339002
3.684544 0.339265
3.687165 0.33966
3.689789 0.340054
3.692417 0.340186
3.695049 0.340449
3.697685 0.340844
3.700324 0.341239
3.702967 0.341897
3.705615 0.34216
3.708265 0.34216
3.71092 0.342555
3.713578 0.343081
3.71624 0.343081
3.718906 0.343344
3.721576 0.343476
3.724249 0.343476
3.726926 0.344002
3.729607 0.344397
3.732292 0.344529
3.734981 0.34466
3.737674 0.344792
3.740371 0.344924
3.743071 0.344924
3.745776 0.345187
3.748485 0.345845
3.751197 0.345713
3.753913 0.345318
3.756634 0.345582
3.759358 0.345976
3.762086 0.34624
3.764818 0.346371
3.767554 0.346503
3.770293 0.346766
3.773037 0.346766
3.775785 0.346503
3.778537 0.346634
3.781293 0.346766
3.784053 0.346766
3.786817 0.346634
3.789586 0.346371
3.792358 0.346371
3.795134 0.34624
3.797915 0.346371
3.800699 0.346634
3.803488 0.346634
3.80628 0.347029
3.809077 0.347161
3.811877 0.347029
3.814683 0.346898
3.817492 0.346898
3.820305 0.346898
3.823123 0.347029
3.825944 0.347292
3.82877 0.347292
3.8316 0.347161
3.834434 0.347161
3.837271 0.347161
3.840113 0.347161
3.84296 0.347029
3.845811 0.347029
3.848666 0.347029
3.851525 0.346898
3.854389 0.346634
3.857257 0.346634
3.86013 0.346766
3.863006 0.346503
3.865887 0.34624
3.868772 0.345976
3.871661 0.345976
3.874554 0.34624
3.877452 0.345976
3.880355 0.345845
3.883262 0.345582
3.886173 0.345318
3.889088 0.345055
3.892008 0.344924
3.894932 0.34466
3.897861 0.344529
3.900793 0.344266
3.903731 0.344002
3.906672 0.343739
3.909618 0.343739
3.912569 0.343213
3.915524 0.342555
3.918483 0.342292
3.921447 0.342028
3.924416 0.341897
3.927389 0.342028
3.930367 0.341634
3.933349 0.341502
3.936336 0.341502
3.939327 0.341502
3.942322 0.341634
3.945323 0.341239
3.948327 0.341634
3.951337 0.341634
3.954351 0.341107
3.95737 0.340712
3.960393 0.340976
3.963421 0.341502
3.966453 0.341765
3.96949 0.341502
3.972532 0.34137
3.975579 0.34137
3.978629 0.34137
3.981685 0.341634
3.984745 0.341765
3.98781 0.342028
3.99088 0.342028
3.993955 0.341897
3.997034 0.341765
4.000118 0.341897
4.003208 0.34216
4.006302 0.342292
4.0094 0.342555
4.012504 0.342423
4.015612 0.34216
4.018724 0.34216
4.021842 0.342292
4.024965 0.342292
4.028091 0.342028
4.031223 0.342028
4.03436 0.34216
4.037502 0.341897
4.040649 0.341765
4.043801 0.341897
4.046958 0.341502
4.050119 0.341239
4.053287 0.341107
4.056458 0.341239
4.059635 0.341107
4.062816 0.340844
4.066003 0.340712
4.069194 0.340581
4.072391 0.340186
4.075593 0.339791
4.078799 0.339528
4.082011 0.339396
4.085227 0.339396
4.088449 0.33966
4.091676 0.33966
4.094908 0.339396
4.098145 0.339528
4.101388 0.339396
4.104634 0.338607
4.107887 0.338212
4.111144 0.338475
4.114407 0.338607
4.117675 0.338344
4.120948 0.337817
4.124227 0.337422
4.12751 0.337028
4.130799 0.336501
4.134094 0.336764
4.137393 0.337159
4.140697 0.337159
4.144008 0.336896
4.147323 0.336764
4.150643 0.336633
4.153969 0.336633
4.157301 0.336633
4.160638 0.336238
4.16398 0.335712
4.167327 0.335712
4.17068 0.335843
4.174038 0.335843
4.177401 0.335843
4.18077 0.335448
4.184143 0.335185
4.187523 0.335054
4.190908 0.33479
4.194299 0.33479
4.197695 0.33479
4.201097 0.334922
4.204504 0.334659
4.207917 0.334264
4.211336 0.333738
4.214759 0.333474
4.218189 0.33308
4.221624 0.332422
4.225064 0.332027
4.22851 0.3315
4.231962 0.330842
4.23542 0.330579
4.238883 0.330711
4.242352 0.330842
4.245827 0.330974
4.249307 0.3315
4.252793 0.332158
4.256284 0.33229
4.259782 0.33229
4.263285 0.331895
4.266792 0.330842
4.270307 0.330184
4.273828 0.330053
4.277354 0.330053
4.280886 0.330053
4.284424 0.330711
4.287968 0.331237
4.291517 0.330974
4.295074 0.330974
4.298635 0.330974
4.302202 0.330711
4.305776 0.331106
4.309355 0.331632
4.31294 0.331895
4.316531 0.332027
4.320128 0.33229
4.323732 0.332422
4.327342 0.332422
4.330956 0.332422
4.334578 0.33229
4.338205 0.332816
4.341838 0.332553
4.345478 0.332422
4.349123 0.332948
4.352774 0.332685
4.356431 0.332948
4.360096 0.333211
4.363765 0.333474
4.367442 0.333738
4.371124 0.333606
4.374813 0.333606
4.378508 0.333738
4.38221 0.333343
4.385918 0.333606
4.389631 0.334264
4.393351 0.333738
4.397078 0.333343
4.40081 0.333606
4.404549 0.333343
4.408295 0.333474
4.412045 0.334001
4.415803 0.334264
4.419568 0.33479
4.423338 0.334396
4.427116 0.333738
4.4309 0.333606
4.43469 0.33308
4.438487 0.33308
4.442291 0.333343
4.446101 0.333474
4.449917 0.333738
4.45374 0.333738
4.45757 0.333343
4.461406 0.333606
4.465249 0.333738
4.469098 0.333474
4.472954 0.332553
4.476817 0.331764
4.480686 0.331237
4.484562 0.331237
4.488445 0.330974
4.492334 0.330711
4.496231 0.330448
4.500134 0.330053
4.504043 0.329526
4.507959 0.329526
4.511883 0.328605
4.515813 0.328079
4.51975 0.327552
4.523694 0.327421
4.527645 0.326894
4.531602 0.326105
4.535568 0.325447
4.539539 0.325052
4.543518 0.324262
4.547503 0.322815
4.551496 0.322025
4.555496 0.321762
4.559502 0.321367
4.563516 0.320183
4.567537 0.318077
4.571565 0.316103
4.5756 0.314656
4.579642 0.314261
4.583691 0.313208
4.587747 0.311497
4.591811 0.309918
4.595881 0.308865
4.599958 0.307812
4.604044 0.307154
4.608136 0.306365
4.612236 0.305049
4.616343 0.303996
4.620458 0.303206
4.624579 0.302154
4.628708 0.300969
4.632845 0.300311
4.636989 0.299653
4.64114 0.29939
4.645299 0.297811
4.649466 0.2961
4.653639 0.295705
4.65782 0.295837
4.662009 0.295442
4.666206 0.293994
4.67041 0.29281
4.674621 0.291494
4.67884 0.291231
4.683066 0.290573
4.687301 0.289388
4.691543 0.288467
4.695792 0.288336
4.700048 0.288072
4.704313 0.287546
4.708586 0.287809
4.712867 0.287809
4.717155 0.28702
4.721451 0.286756
4.725755 0.286625
4.730067 0.285967
4.734388 0.28544
4.738715 0.285177
4.743051 0.284782
4.747394 0.283335
4.751746 0.283466
4.756105 0.284519
4.760472 0.284651
4.764848 0.285572
4.769232 0.285835
4.773623 0.283598
4.778023 0.282545
4.782431 0.283861
4.786847 0.283993
4.791271 0.284124
4.795703 0.284651
4.800144 0.285177
4.804591 0.285572
4.809048 0.284388
4.813513 0.28294
4.817986 0.282808
4.822468 0.283203
4.826958 0.283335
4.831457 0.28294
4.835964 0.283335
4.84048 0.28294
4.845004 0.281361
4.849536 0.279782
4.854077 0.279387
4.858626 0.277808
4.863184 0.277939
4.867751 0.277544
4.872326 0.276228
4.876908 0.274912
4.8815 0.274518
4.886101 0.273465
4.89071 0.272149
4.895329 0.270964
4.899956 0.27057
4.904591 0.269912
4.909236 0.26899
4.91389 0.268464
4.918552 0.266885
4.923223 0.264648
4.927903 0.263595
4.932591 0.261226
4.937289 0.2607
4.941996 0.261621
4.946712 0.261621
4.951437 0.25991
4.956171 0.257936
4.960914 0.256357
4.965665 0.25583
4.970426 0.254909
4.975196 0.255172
4.979976 0.255436
4.984764 0.254909
4.989561 0.25412
4.994367 0.253988
4.999184 0.253988
5.004009 0.253856
5.008844 0.253593
5.013688 0.252804
5.018541 0.251224
5.023404 0.250961
5.028277 0.251619
5.033159 0.251093
5.038051 0.249514
5.042951 0.249645
5.047862 0.251224
5.052782 0.252409
5.057711 0.252277
5.06265 0.252146
5.0676 0.250961
5.072558 0.250961
5.077527 0.251093
5.082504 0.250698
5.087492 0.250435
5.09249 0.250303
5.097497 0.250172
5.102514 0.250566
5.10754 0.249645
5.112577 0.250698
5.117624 0.251356
5.122681 0.25004
5.127748 0.250435
5.132825 0.251224
5.137912 0.251356
5.143009 0.251224
5.148117 0.251751
5.153234 0.251224
5.158362 0.250566
5.1635 0.250961
5.168648 0.251356
5.173806 0.251488
5.178975 0.251093
5.184154 0.250961
5.189344 0.251751
5.194544 0.251751
5.199754 0.251356
5.204975 0.251356
5.210206 0.251093
5.215447 0.250566
5.2207 0.250698
5.225963 0.251488
5.231235 0.250961
5.236519 0.251093
5.241814 0.250435
5.247119 0.249777
5.252435 0.249908
5.257762 0.24925
5.2631 0.247934
5.268449 0.248198
5.273809 0.248066
5.27918 0.247934
5.284561 0.247803
5.289953 0.247013
5.295357 0.24596
5.300771 0.246092
