1.578129 0.124402
1.57861 0.124597
1.57909 0.125476
1.579572 0.125525
1.580053 0.126599
1.580535 0.125525
1.581017 0.124548
1.581499 0.125281
1.581982 0.125671
1.582465 0.124206
1.582948 0.126746
1.583431 0.128651
1.583915 0.12826
1.584399 0.128162
1.584884 0.128016
1.585368 0.128211
1.585853 0.127625
1.586339 0.127625
1.586824 0.126697
1.58731 0.125965
1.587796 0.127234
1.588283 0.127772
1.588769 0.1287
1.589256 0.128407
1.589744 0.12909
1.590231 0.130556
1.590719 0.131826
1.591208 0.13036
1.591696 0.128993
1.592185 0.128162
1.592674 0.127918
1.593163 0.128211
1.593653 0.128407
1.594143 0.130458
1.594634 0.131093
1.595124 0.130312
1.595615 0.129188
1.596107 0.128846
1.596598 0.129579
1.59709 0.128993
1.597582 0.129139
1.598075 0.128114
1.598568 0.127723
1.599061 0.128456
1.599554 0.128749
1.600048 0.13124
1.600542 0.131874
1.601036 0.132119
1.60153 0.13124
1.602025 0.130946
1.602521 0.131435
1.603016 0.130995
1.603512 0.131581
1.604008 0.132412
1.604505 0.131874
1.605001 0.130751
1.605498 0.129921
1.605996 0.130605
1.606493 0.132705
1.606991 0.133193
1.60749 0.133926
1.607988 0.133047
1.608487 0.131484
1.608986 0.13124
1.609486 0.1308
1.609986 0.130018
1.610486 0.131288
1.610986 0.133828
1.611487 0.134365
1.611988 0.134121
1.61249 0.133535
1.612991 0.13207
1.613493 0.132802
1.613996 0.133633
1.614498 0.132949
1.615001 0.132314
1.615505 0.132802
1.616008 0.132705
1.616512 0.131826
1.617016 0.132412
1.617521 0.133535
1.618026 0.134219
1.618531 0.134463
1.619036 0.133633
1.619542 0.134805
1.620048 0.135098
1.620554 0.13461
1.621061 0.134805
1.621568 0.134561
1.622076 0.135489
1.622583 0.135147
1.623091 0.133535
1.6236 0.135782
1.624108 0.136173
1.624617 0.134658
1.625127 0.135635
1.625636 0.136368
1.626146 0.135391
1.626656 0.134512
1.627167 0.135342
1.627678 0.136612
1.628189 0.13627
1.628701 0.13627
1.629212 0.13671
1.629725 0.13671
1.630237 0.136612
1.63075 0.136759
1.631263 0.137052
1.631777 0.136661
1.63229 0.137101
1.632804 0.137638
1.633319 0.136466
1.633834 0.136612
1.634349 0.136954
1.634864 0.13754
1.63538 0.137589
1.635896 0.137736
1.636412 0.137589
1.636929 0.138419
1.637446 0.138517
1.637964 0.138371
1.638481 0.138859
1.638999 0.138615
1.639518 0.138859
1.640036 0.138371
1.640555 0.137784
1.641075 0.138615
1.641594 0.138615
1.642114 0.138224
1.642634 0.13925
1.643155 0.139054
1.643676 0.13881
1.644197 0.139103
1.644719 0.13798
1.645241 0.136905
1.645763 0.137491
1.646286 0.139543
1.646809 0.14091
1.647332 0.140959
1.647856 0.140373
1.64838 0.140031
1.648904 0.140324
1.649429 0.140422
1.649953 0.140129
1.650479 0.140129
1.651004 0.140568
1.651531 0.14052
1.652057 0.139201
1.652583 0.139543
1.65311 0.141496
1.653638 0.141057
1.654165 0.139982
1.654693 0.140275
1.655222 0.141545
1.65575 0.142376
1.656279 0.142864
1.656809 0.142034
1.657338 0.141838
1.657868 0.142717
1.658399 0.141692
1.658929 0.140324
1.65946 0.141057
1.659992 0.142669
1.660523 0.141838
1.661055 0.140031
1.661588 0.140227
1.662121 0.141057
1.662654 0.142229
1.663187 0.143304
1.663721 0.143548
1.664255 0.143499
1.664789 0.143206
1.665324 0.14389
1.665859 0.142815
1.666395 0.141838
1.666931 0.142083
1.667467 0.142913
1.668003 0.142962
1.66854 0.142376
1.669077 0.143743
1.669615 0.146332
1.670153 0.145111
1.670691 0.142864
1.671229 0.143743
1.671769 0.144818
1.672308 0.145062
1.672847 0.145013
1.673387 0.144036
1.673928 0.14345
1.674468 0.143645
1.675009 0.144232
1.675551 0.145501
1.676093 0.146381
1.676635 0.145404
1.677177 0.145013
1.67772 0.14516
1.678263 0.145501
1.678806 0.146332
1.67935 0.146771
1.679894 0.146039
1.680439 0.146478
1.680984 0.147406
1.681529 0.146918
1.682074 0.145306
1.682621 0.144867
1.683167 0.145795
1.683714 0.147406
1.68426 0.147211
1.684808 0.146723
1.685356 0.146136
1.685904 0.146723
1.686452 0.147211
1.687001 0.146869
1.68755 0.146918
1.6881 0.147309
1.68865 0.147748
1.6892 0.147455
1.689751 0.147602
1.690302 0.148579
1.690853 0.147358
1.691405 0.147113
1.691957 0.148041
1.692509 0.148139
1.693061 0.148334
1.693615 0.147944
1.694168 0.14853
1.694722 0.149214
1.695276 0.14892
1.695831 0.148334
1.696385 0.148774
1.696941 0.149946
1.697497 0.149848
1.698053 0.14892
1.698609 0.149311
1.699166 0.15063
1.699723 0.150923
1.70028 0.151118
1.700838 0.150483
1.701396 0.149311
1.701955 0.149067
1.702514 0.149604
1.703073 0.150435
1.703633 0.15019
1.704193 0.149702
1.704753 0.150483
1.705314 0.150825
1.705875 0.150776
1.706436 0.15019
1.706998 0.15019
1.707561 0.15063
1.708123 0.149848
1.708686 0.149848
1.70925 0.150142
1.709813 0.150532
1.710377 0.151949
1.710942 0.152388
1.711507 0.151998
1.712072 0.152046
1.712638 0.1519
1.713204 0.151998
1.71377 0.151851
1.714337 0.151753
1.714904 0.15146
1.715471 0.152144
1.716039 0.152535
1.716607 0.1519
1.717176 0.151314
1.717745 0.152388
1.718314 0.153561
1.718884 0.153756
1.719454 0.153072
1.720024 0.152632
1.720595 0.153121
1.721167 0.154049
1.721738 0.154879
1.72231 0.154
1.722883 0.153951
1.723455 0.154049
1.724029 0.154489
1.724602 0.155319
1.725176 0.155123
1.72575 0.15444
1.726325 0.154537
1.7269 0.154977
1.727476 0.154293
1.728051 0.154098
1.728628 0.153609
1.729204 0.153414
1.729781 0.153219
1.730358 0.153365
1.730936 0.153707
1.731514 0.15444
1.732093 0.155758
1.732672 0.156051
1.733251 0.15571
1.733831 0.155514
1.734411 0.15571
1.734991 0.155954
1.735572 0.15527
1.736153 0.15483
1.736735 0.155954
1.737317 0.15571
1.7379 0.155661
1.738482 0.155856
1.739066 0.156784
1.739649 0.157517
1.740233 0.157175
1.740817 0.156442
1.741402 0.155856
1.741987 0.156589
1.742573 0.156735
1.743159 0.156735
1.743745 0.156979
1.744332 0.157614
1.744919 0.157566
1.745506 0.15781
1.746094 0.156784
1.746683 0.1561
1.747271 0.156442
1.74786 0.157273
1.74845 0.158445
1.74904 0.159129
1.74963 0.158835
1.750221 0.158542
1.750812 0.158591
1.751403 0.158054
1.751995 0.158103
1.752588 0.158787
1.75318 0.159373
1.753773 0.15947
1.754367 0.15864
1.754961 0.15864
1.755555 0.159031
1.75615 0.159031
1.756745 0.159177
1.75734 0.159031
1.757936 0.159812
1.758533 0.160301
1.759129 0.160008
1.759726 0.15908
1.760324 0.158982
1.760922 0.160691
1.76152 0.16118
1.762119 0.160252
1.762718 0.160154
1.763318 0.160057
1.763918 0.160789
1.764518 0.160594
1.765119 0.160057
1.76572 0.159959
1.766322 0.160398
1.766924 0.16118
1.767526 0.161522
1.768129 0.162059
1.768732 0.162499
1.769336 0.162889
1.76994 0.162841
1.770545 0.161717
1.771149 0.162108
1.771755 0.162352
1.77236 0.162547
1.772967 0.162694
1.773573 0.162743
1.77418 0.163085
1.774787 0.163671
1.775395 0.163378
1.776004 0.162938
1.776612 0.162303
1.777221 0.162303
1.777831 0.162841
1.778441 0.164062
1.779051 0.163622
1.779662 0.163134
1.780273 0.163134
1.780884 0.163134
1.781496 0.163036
1.782109 0.163231
1.782721 0.163769
1.783335 0.164404
1.783948 0.164404
1.784562 0.164013
1.785177 0.164404
1.785792 0.164892
1.786407 0.164941
1.787023 0.165136
1.787639 0.16538
1.788256 0.165771
1.788873 0.165625
1.789491 0.165478
1.790108 0.165283
1.790727 0.165332
1.791346 0.164941
1.791965 0.165283
1.792585 0.166015
1.793205 0.166504
1.793825 0.16626
1.794446 0.166357
1.795067 0.166601
1.795689 0.166748
1.796311 0.167041
1.796934 0.166943
1.797557 0.166455
1.79818 0.166455
1.798804 0.166699
1.799429 0.16709
1.800053 0.16709
1.800679 0.16709
1.801304 0.167334
1.801931 0.167236
1.802557 0.166601
1.803184 0.166943
1.803812 0.167334
1.804439 0.167822
1.805068 0.168213
1.805696 0.168018
1.806326 0.168116
1.806955 0.168164
1.807585 0.167969
1.808216 0.168116
1.808847 0.168457
1.809478 0.168457
1.81011 0.167774
1.810742 0.168067
1.811375 0.169044
1.812008 0.169239
1.812641 0.169532
1.813275 0.169288
1.81391 0.16919
1.814545 0.169385
1.81518 0.16963
1.815816 0.170118
1.816452 0.170216
1.817089 0.17046
1.817726 0.170411
1.818363 0.170606
1.819001 0.170265
1.81964 0.169483
1.820279 0.169239
1.820918 0.169483
1.821558 0.169776
1.822199 0.170118
1.822839 0.170265
1.82348 0.170753
1.824122 0.170753
1.824764 0.170265
1.825406 0.17046
1.826049 0.170558
1.826693 0.170704
1.827337 0.171388
1.827981 0.171388
1.828626 0.171241
1.829271 0.171193
1.829917 0.170802
1.830563 0.171241
1.83121 0.171779
1.831857 0.172023
1.832504 0.171828
1.833152 0.172218
1.833801 0.172316
1.83445 0.171974
1.835099 0.17173
1.835749 0.171241
1.836399 0.171534
1.83705 0.172609
1.837701 0.172756
1.838353 0.172804
1.839005 0.172707
1.839658 0.172902
1.840311 0.173635
1.840964 0.173586
1.841618 0.172463
1.842272 0.172707
1.842927 0.173586
1.843583 0.174025
1.844238 0.174514
1.844895 0.173879
1.845551 0.173635
1.846209 0.174221
1.846867 0.174025
1.847525 0.173732
1.848184 0.173977
1.848843 0.1751
1.849502 0.175002
1.850162 0.174319
1.850823 0.174319
1.851484 0.174514
1.852145 0.174807
1.852807 0.174758
1.853469 0.174514
1.854132 0.174612
1.854796 0.175295
1.855459 0.175637
1.856124 0.17554
1.856789 0.175344
1.857454 0.175247
1.85812 0.176272
1.858786 0.176516
1.859453 0.175784
1.86012 0.17637
1.860788 0.176956
1.861456 0.176663
1.862124 0.176272
1.862794 0.176761
1.863463 0.176907
1.864133 0.176712
1.864804 0.176712
1.865475 0.177249
1.866146 0.177005
1.866818 0.176468
1.867491 0.176614
1.868164 0.177103
1.868837 0.177347
1.869511 0.177542
1.870185 0.177347
1.87086 0.177298
1.871536 0.177884
1.872212 0.177298
1.872888 0.176614
1.873565 0.177103
1.874242 0.178031
1.87492 0.178714
1.875599 0.178763
1.876277 0.178226
1.876957 0.178079
1.877637 0.178714
1.878317 0.178763
1.878998 0.179007
1.879679 0.179349
1.880361 0.179545
1.881043 0.179154
1.881726 0.178763
1.882409 0.178421
1.883093 0.178665
1.883777 0.179252
1.884462 0.179984
1.885147 0.179545
1.885833 0.179105
1.886519 0.179593
1.887206 0.180082
1.887893 0.180375
1.888581 0.180815
1.889269 0.18057
1.889958 0.179789
1.890647 0.179887
1.891337 0.18057
1.892027 0.180863
1.892718 0.180961
1.893409 0.18101
1.894101 0.18101
1.894793 0.181059
1.895486 0.181205
1.896179 0.180961
1.896873 0.180912
1.897568 0.181645
1.898262 0.181791
1.898958 0.181303
1.899654 0.180668
1.90035 0.18101
1.901047 0.181352
1.901744 0.18184
1.902442 0.181987
1.90314 0.18184
1.903839 0.181791
1.904539 0.181791
1.905239 0.181401
1.905939 0.181645
1.90664 0.182133
1.907342 0.182622
1.908044 0.183159
1.908746 0.183208
1.909449 0.183354
1.910153 0.183745
1.910857 0.183599
1.911561 0.183403
1.912266 0.183647
1.912972 0.183452
1.913678 0.18355
1.914385 0.183794
1.915092 0.183696
1.9158 0.183843
1.916508 0.184331
1.917217 0.185259
1.917926 0.185601
1.918636 0.184722
1.919346 0.183696
1.920057 0.183501
1.920768 0.184136
1.92148 0.18521
1.922193 0.185796
1.922906 0.185503
1.92362 0.184868
1.924333 0.185113
1.925048 0.185552
1.925763 0.185601
1.926479 0.185601
1.927195 0.185503
1.927912 0.185503
1.928629 0.18609
1.929346 0.186236
1.930065 0.185992
1.930784 0.185699
1.931503 0.186041
1.932223 0.187018
1.932943 0.186822
1.933664 0.18648
1.934386 0.186969
1.935108 0.187262
1.93583 0.187115
1.936554 0.187018
1.937277 0.187408
1.938002 0.187604
1.938726 0.187799
1.939452 0.187897
1.940177 0.187408
1.940904 0.187799
1.941631 0.188141
1.942358 0.187994
1.943086 0.187848
1.943815 0.187848
1.944544 0.187897
1.945274 0.188336
1.946004 0.188385
1.946735 0.188239
1.947466 0.188287
1.948198 0.188825
1.94893 0.189411
1.949663 0.189264
1.950397 0.189508
1.951131 0.189411
1.951865 0.189118
1.952601 0.189264
1.953336 0.189215
1.954073 0.189069
1.954809 0.189411
1.955547 0.189899
1.956285 0.19029
1.957023 0.190681
1.957762 0.190681
1.958502 0.190192
1.959242 0.190339
1.959983 0.190681
1.960724 0.190534
1.961466 0.190583
1.962208 0.190632
1.962951 0.190974
1.963695 0.190974
1.964439 0.190827
1.965183 0.190974
1.965929 0.191218
1.966674 0.191413
1.967421 0.191023
1.968168 0.191071
1.968915 0.191951
1.969663 0.191999
1.970412 0.191755
1.971161 0.191853
1.971911 0.192048
1.972661 0.191999
1.973413 0.192048
1.974164 0.192488
1.974916 0.192439
1.975669 0.192146
1.976422 0.192439
1.977176 0.192732
1.97793 0.192732
1.978685 0.192879
1.97944 0.192439
1.980196 0.19239
1.980953 0.192537
1.98171 0.19283
1.982468 0.193123
1.983226 0.193074
1.983986 0.193025
1.984745 0.19283
1.985505 0.193221
1.986266 0.193758
1.987027 0.193855
1.987789 0.193807
1.988552 0.193953
1.989315 0.19366
1.990078 0.19366
1.990842 0.194149
1.991607 0.194393
1.992373 0.194149
1.993139 0.194197
1.993905 0.194539
1.994673 0.194979
1.99544 0.194735
1.996209 0.195077
1.996978 0.195321
1.997747 0.195125
1.998517 0.195174
1.999288 0.195418
2.000059 0.195174
2.000831 0.195272
2.001604 0.195467
2.002377 0.195565
2.003151 0.195565
2.003925 0.195711
2.0047 0.195711
2.005476 0.195956
2.006252 0.196346
2.007029 0.196005
2.007806 0.195711
2.008584 0.196151
2.009362 0.196151
2.010141 0.196249
2.010921 0.196493
2.011701 0.196591
2.012482 0.196786
2.013264 0.196786
2.014046 0.196591
2.014829 0.196786
2.015612 0.196884
2.016396 0.196884
2.01718 0.197421
2.017966 0.197812
2.018752 0.197958
2.019538 0.197958
2.020325 0.197958
2.021113 0.198105
2.021901 0.197958
2.02269 0.197909
2.023479 0.198154
2.02427 0.198349
2.02506 0.198544
2.025852 0.198544
2.026644 0.198691
2.027436 0.19913
2.028229 0.199277
2.029023 0.19913
2.029818 0.198886
2.030613 0.199033
2.031409 0.199472
2.032204 0.199717
2.033001 0.19957
2.033799 0.199521
2.034597 0.199717
2.035396 0.199521
2.036195 0.199375
2.036996 0.19957
2.037796 0.199863
2.038598 0.199912
2.0394 0.200352
2.040203 0.200498
2.041006 0.200254
2.04181 0.20001
2.042614 0.200303
2.043419 0.200352
2.044225 0.200596
2.045032 0.20084
2.045839 0.201035
2.046646 0.201426
2.047455 0.201377
2.048264 0.201182
2.049073 0.200889
2.049883 0.201133
2.050694 0.201328
2.051505 0.201426
2.052317 0.201621
2.05313 0.201719
2.053944 0.201768
2.054758 0.201914
2.055573 0.202061
2.056388 0.202354
2.057204 0.202598
2.058021 0.202452
2.058838 0.202549
2.059656 0.202891
2.060475 0.203184
2.061294 0.203233
2.062114 0.203575
2.062935 0.20421
2.063756 0.203722
2.064577 0.202989
2.0654 0.203429
2.066223 0.204112
2.067047 0.204308
2.067871 0.204161
2.068696 0.203966
2.069522 0.204064
2.070349 0.204161
2.071176 0.203917
2.072004 0.203722
2.072833 0.203819
2.073662 0.20421
2.074492 0.204894
2.075322 0.205138
2.076153 0.205187
2.076985 0.205431
2.077817 0.205138
2.07865 0.205236
2.079484 0.20548
2.080319 0.205968
2.081154 0.205871
2.08199 0.205724
2.082826 0.206115
2.083663 0.206261
2.084501 0.206213
2.08534 0.20631
2.086179 0.206359
2.087018 0.206213
2.087859 0.206213
2.0887 0.206457
2.089542 0.20675
2.090385 0.206652
2.091228 0.206506
2.092072 0.206506
2.092917 0.206555
2.093762 0.206603
2.094608 0.206848
2.095454 0.207092
2.096302 0.207141
2.09715 0.207141
2.097999 0.207287
2.098848 0.207189
2.099698 0.207434
2.100549 0.207873
2.1014 0.207873
2.102252 0.207971
2.103105 0.20802
2.103959 0.20802
2.104813 0.207971
2.105668 0.208117
2.106524 0.208264
2.10738 0.208313
2.108237 0.208508
2.109094 0.208752
2.109953 0.20885
2.110812 0.209094
2.111672 0.209094
2.112532 0.208752
2.113394 0.209045
2.114255 0.20929
2.115118 0.20929
2.115981 0.209583
2.116845 0.209241
2.11771 0.208948
2.118576 0.209387
2.119442 0.209583
2.120309 0.210071
2.121176 0.210169
2.122045 0.209925
2.122913 0.209778
2.123783 0.210169
2.124654 0.210315
2.125525 0.210267
2.126396 0.210169
2.127269 0.210267
2.128142 0.210364
2.129016 0.210804
2.129891 0.211048
2.130766 0.210999
2.131642 0.210853
2.132519 0.210853
2.133397 0.211195
2.134275 0.21139
2.135154 0.211536
2.136034 0.211683
2.136914 0.211976
2.137795 0.211732
2.138677 0.211488
2.13956 0.211341
2.140444 0.211781
2.141328 0.212123
2.142213 0.211732
2.143099 0.212074
2.143985 0.212513
2.144872 0.212806
2.14576 0.212757
2.146648 0.212709
2.147537 0.213002
2.148427 0.212953
2.149318 0.212806
2.150209 0.213051
2.151101 0.213197
2.151994 0.213344
2.152888 0.213441
2.153783 0.213197
2.154678 0.213148
2.155574 0.213344
2.15647 0.213588
2.157368 0.214027
2.158266 0.214076
2.159165 0.214223
2.160064 0.214369
2.160964 0.214418
2.161865 0.214369
2.162767 0.214174
2.16367 0.214076
2.164573 0.214369
2.165478 0.214858
2.166383 0.215151
2.167288 0.215248
2.168195 0.215053
2.169102 0.214809
2.17001 0.214711
2.170919 0.214711
2.171828 0.215102
2.172739 0.215395
2.17365 0.215248
2.174561 0.215346
2.175474 0.215444
2.176387 0.215493
2.177301 0.215835
2.178216 0.215883
2.179132 0.216079
2.180048 0.21603
2.180965 0.215786
2.181883 0.216079
2.182801 0.216665
2.183721 0.216518
2.184641 0.216323
2.185562 0.216176
2.186484 0.216225
2.187407 0.216225
2.18833 0.216225
2.189254 0.21647
2.190179 0.216714
2.191105 0.21686
2.192032 0.217056
2.192959 0.217104
2.193887 0.217056
2.194816 0.217202
2.195745 0.217056
2.196676 0.217056
2.197607 0.217446
2.198539 0.217495
2.199472 0.217398
2.200405 0.217544
2.201339 0.217642
2.202275 0.217446
2.203211 0.217739
2.204147 0.218032
2.205085 0.21813
2.206023 0.217935
2.206962 0.218081
2.207902 0.218179
2.208843 0.218032
2.209784 0.217837
2.210727 0.217984
2.21167 0.218423
2.212614 0.218423
2.213559 0.218326
2.214504 0.218521
2.215451 0.218521
2.216398 0.218619
2.217346 0.218863
2.218295 0.219009
2.219244 0.218912
2.220195 0.219058
2.221146 0.219058
2.222098 0.21896
2.223051 0.219254
2.224005 0.219693
2.224959 0.219449
2.225914 0.2194
2.226871 0.219644
2.227827 0.219644
2.228785 0.219644
2.229744 0.219449
2.230703 0.219595
2.231663 0.220084
2.232625 0.220279
2.233587 0.220182
2.234549 0.219986
2.235513 0.220279
2.236477 0.220475
2.237442 0.22023
2.238408 0.220182
2.239375 0.220523
2.240343 0.220865
2.241312 0.220865
2.242281 0.220914
2.243252 0.220621
2.244223 0.220328
2.245195 0.220523
2.246168 0.220914
2.247141 0.220865
2.248116 0.220963
2.249091 0.221012
2.250067 0.220963
2.251044 0.221256
2.252022 0.2215
2.253 0.221354
2.25398 0.221549
2.254961 0.2215
2.255942 0.221451
2.256924 0.221451
2.257907 0.221403
2.258891 0.221012
2.259876 0.221061
2.260861 0.2215
2.261847 0.221793
2.262835 0.221842
2.263823 0.221598
2.264812 0.221549
2.265802 0.221744
2.266792 0.222038
2.267784 0.222086
2.268776 0.221989
2.26977 0.221989
2.270764 0.22194
2.271759 0.221891
2.272755 0.221793
2.273752 0.22194
2.27475 0.221744
2.275748 0.22194
2.276747 0.222379
2.277748 0.222477
2.278749 0.222282
2.279751 0.222184
2.280754 0.222282
2.281758 0.222379
2.282763 0.222477
2.283768 0.222575
2.284775 0.222428
2.285782 0.222575
2.286791 0.222917
2.2878 0.222868
2.28881 0.222721
2.289821 0.222526
2.290832 0.222379
2.291845 0.222379
2.292859 0.222184
2.293873 0.222282
2.294889 0.222477
2.295905 0.222428
2.296922 0.222575
2.29794 0.222526
2.29896 0.222428
2.299979 0.222379
2.301001 0.222331
2.302022 0.222379
2.303045 0.222526
2.304068 0.222331
2.305093 0.222086
2.306118 0.221696
2.307145 0.221451
2.308172 0.22111
2.309201 0.22111
2.31023 0.221256
2.31126 0.221256
2.31229 0.221012
2.313322 0.220865
2.314355 0.22067
2.315388 0.220719
2.316423 0.220719
2.317458 0.220328
2.318495 0.219986
2.319532 0.219888
2.32057 0.219595
2.321609 0.219449
2.32265 0.219498
2.323691 0.219302
2.324733 0.219009
2.325776 0.218765
2.32682 0.218716
2.327865 0.219058
2.32891 0.219156
2.329957 0.219058
2.331005 0.219254
2.332053 0.219156
2.333103 0.219107
2.334153 0.219302
2.335205 0.219595
2.336257 0.220035
2.33731 0.220328
2.338365 0.220475
2.33942 0.220621
2.340476 0.22067
2.341533 0.220865
2.342591 0.221305
2.34365 0.2215
2.34471 0.221549
2.345771 0.221549
2.346833 0.221744
2.347896 0.221891
2.34896 0.221793
2.350024 0.222038
2.35109 0.222135
2.352157 0.221793
2.353225 0.22194
2.354293 0.222184
2.355363 0.222282
2.356434 0.222331
2.357505 0.222428
2.358577 0.222477
2.359651 0.222331
2.360726 0.222331
2.361801 0.222233
2.362878 0.222233
2.363955 0.222331
2.365033 0.222477
2.366114 0.222477
2.367194 0.222282
2.368275 0.222331
2.369358 0.222477
2.370441 0.222624
2.371525 0.222477
2.372611 0.222331
2.373697 0.222282
2.374785 0.222184
2.375873 0.222086
2.376962 0.222135
2.378052 0.222331
2.379144 0.222331
2.380236 0.222331
2.38133 0.222477
2.382424 0.222672
2.383519 0.222672
2.384615 0.222721
2.385713 0.222966
2.386811 0.223161
2.387911 0.223161
2.389011 0.223161
2.390113 0.223503
2.391215 0.22404
2.392318 0.224187
2.393423 0.224284
2.394528 0.224773
2.395635 0.225212
2.396743 0.225163
2.397851 0.225408
2.398961 0.225603
2.400071 0.225701
2.401183 0.225798
2.402296 0.225994
2.40341 0.226189
2.404524 0.226238
2.40564 0.226336
2.406757 0.22614
2.407875 0.226287
2.408994 0.226482
2.410113 0.226482
2.411234 0.22658
2.412356 0.226873
2.413479 0.227068
2.414603 0.227117
2.415729 0.227019
2.416855 0.227117
2.417982 0.227215
2.419111 0.227313
2.42024 0.227606
2.421371 0.227361
2.422502 0.227313
2.423635 0.227557
2.424768 0.227801
2.425903 0.227899
2.427038 0.227899
2.428176 0.227996
2.429314 0.228094
2.430453 0.228192
2.431592 0.228338
2.432734 0.228289
2.433876 0.228582
2.435019 0.228827
2.436163 0.228827
2.437308 0.228875
2.438454 0.228778
2.439602 0.229022
2.44075 0.229266
2.4419 0.229266
2.443051 0.229169
2.444203 0.229364
2.445355 0.229462
2.44651 0.229657
2.447665 0.229803
2.448821 0.229608
2.449978 0.229413
2.451137 0.229462
2.452296 0.22951
2.453457 0.22951
2.454618 0.229413
2.455781 0.229608
2.456945 0.229901
2.45811 0.229999
2.459276 0.229755
2.460443 0.229706
2.461612 0.229803
2.462781 0.229901
2.463952 0.229852
2.465123 0.229852
2.466296 0.230194
2.46747 0.230487
2.468645 0.230341
2.469821 0.230243
2.470998 0.230194
2.472176 0.22995
2.473356 0.230145
2.474536 0.230487
2.475718 0.230487
2.476901 0.230145
2.478085 0.230292
2.47927 0.230438
2.480456 0.230194
2.481644 0.230048
2.482832 0.230292
2.484022 0.230438
2.485213 0.23039
2.486404 0.230341
2.487597 0.230438
2.488792 0.230487
2.489987 0.230292
2.491184 0.230145
2.492381 0.230194
2.493581 0.230194
2.494781 0.230292
2.495982 0.230536
2.497184 0.230585
2.498387 0.230341
2.499592 0.230097
2.500798 0.230145
2.502005 0.230243
2.503213 0.23039
2.504422 0.230341
2.505633 0.230194
2.506844 0.230243
2.508057 0.230341
2.509271 0.230243
2.510486 0.22995
2.511703 0.230097
2.51292 0.230438
2.514138 0.230194
2.515358 0.229999
2.516579 0.230145
2.517802 0.229999
2.519025 0.229803
2.52025 0.229999
2.521476 0.230292
2.522703 0.230194
2.523931 0.230145
2.52516 0.230145
2.526391 0.230145
2.527622 0.230243
2.528856 0.23039
2.53009 0.230145
2.531325 0.229706
2.532562 0.229608
2.5338 0.229999
2.535039 0.229608
2.536279 0.229364
2.53752 0.22995
2.538763 0.23039
2.540007 0.230634
2.541252 0.230097
2.542498 0.229217
2.543746 0.22951
2.544994 0.230097
2.546244 0.230048
2.547495 0.229413
2.548748 0.229852
2.550002 0.229852
2.551256 0.229169
2.552513 0.228582
2.553771 0.229559
2.555029 0.23078
2.556289 0.230927
2.55755 0.230731
2.558813 0.22995
2.560076 0.227508
2.561341 0.225212
2.562607 0.225212
2.563875 0.225945
2.565143 0.228045
2.566413 0.230292
2.567684 0.229803
2.568957 0.227264
2.57023 0.227508
2.571505 0.228778
2.572781 0.225798
2.574058 0.226336
2.575337 0.227606
2.576617 0.226482
2.577898 0.227899
2.579181 0.228973
2.580465 0.227459
2.58175 0.227215
2.583036 0.224529
2.584324 0.224284
2.585613 0.226726
2.586903 0.225408
2.588195 0.225994
2.589488 0.227459
2.590782 0.228534
2.592077 0.227361
2.593373 0.220035
2.594671 0.213246
2.595971 0.2194
2.597271 0.226482
2.598573 0.228924
2.599876 0.228485
2.601181 0.227068
2.602487 0.225945
2.603794 0.223649
2.605102 0.220621
2.606412 0.222233
2.607723 0.224968
2.609035 0.225554
2.610349 0.226287
2.611664 0.226873
2.612981 0.226433
2.614299 0.226678
2.615618 0.223161
2.616938 0.220865
2.61826 0.223552
2.619583 0.221451
2.620907 0.221891
2.622233 0.226433
2.62356 0.227313
2.624888 0.225408
2.626217 0.221793
2.627548 0.223454
2.628881 0.222721
2.630215 0.219156
2.63155 0.222086
2.632886 0.223991
2.634224 0.224235
2.635564 0.225896
2.636904 0.226043
2.638246 0.225798
2.63959 0.225457
2.640934 0.224773
2.64228 0.224284
2.643628 0.224431
2.644976 0.222966
2.646327 0.222917
2.647678 0.224138
2.649031 0.224529
2.650386 0.223454
2.651741 0.221158
2.653098 0.221012
2.654457 0.221598
2.655817 0.221354
2.657177 0.222379
2.65854 0.221061
2.659904 0.220035
2.66127 0.220133
2.662637 0.219937
2.664005 0.215151
2.665375 0.210755
2.666745 0.210804
2.668118 0.214027
2.669492 0.209729
2.670867 0.208899
2.672244 0.215737
2.673622 0.216811
2.675002 0.213832
2.676383 0.210511
2.677765 0.210608
2.67915 0.211341
2.680535 0.214418
2.681922 0.214711
2.68331 0.213099
2.6847 0.212709
2.68609 0.212318
2.687483 0.212171
2.688877 0.212269
2.690272 0.21222
2.691669 0.210413
2.693067 0.206066
2.694467 0.204747
2.695868 0.206603
2.69727 0.20802
2.698674 0.207824
2.70008 0.206066
2.701487 0.204845
2.702896 0.205431
2.704306 0.204894
2.705717 0.204112
2.70713 0.202354
2.708544 0.198789
2.70996 0.194735
2.711378 0.194393
2.712797 0.197958
2.714217 0.198447
2.715639 0.197372
2.717062 0.195565
2.718487 0.192341
2.719913 0.186334
2.721341 0.186676
2.72277 0.187359
2.7242 0.184087
2.725633 0.185259
2.727067 0.187359
2.728502 0.187066
2.729939 0.18565
2.731377 0.184136
2.732817 0.181743
2.734258 0.178079
2.735701 0.176956
2.737146 0.175784
2.738592 0.17046
2.740039 0.166748
2.741488 0.167041
2.742939 0.168311
2.744391 0.167529
2.745844 0.165478
2.747299 0.163378
2.748756 0.16118
2.750214 0.158298
2.751674 0.155172
2.753135 0.151509
2.754598 0.145257
2.756062 0.14218
2.757528 0.142424
2.758996 0.140471
2.760465 0.136466
2.761936 0.131288
2.763408 0.12743
2.764882 0.124695
2.766357 0.120983
2.767834 0.117173
2.769313 0.11351
2.770793 0.109456
2.772275 0.106769
2.773758 0.104327
2.775243 0.101446
2.77673 0.098271
2.778218 0.095682
2.779707 0.09324
2.781199 0.0907
2.782691 0.088844
2.784185 0.087135
2.785681 0.084644
2.787179 0.082544
2.788678 0.08142
2.790179 0.080541
2.791682 0.079369
2.793186 0.078099
2.794692 0.076878
2.7962 0.075803
2.797709 0.074875
2.799219 0.074143
2.800731 0.072824
2.802245 0.071408
2.803761 0.070577
2.805278 0.070577
2.806797 0.070431
2.808318 0.07004
2.80984 0.0696
2.811363 0.069259
2.812889 0.069014
2.814416 0.068624
2.815945 0.068379
2.817475 0.068086
2.819007 0.067598
2.82054 0.067354
2.822076 0.067158
2.823613 0.066768
2.825152 0.066426
2.826692 0.065986
2.828234 0.065498
2.829778 0.065156
2.831324 0.064716
2.832871 0.064277
2.83442 0.063886
2.835971 0.063642
2.837523 0.0633
2.839077 0.063007
2.840632 0.062811
2.84219 0.062567
2.843749 0.062421
2.84531 0.062176
2.846872 0.061737
2.848437 0.061444
2.850003 0.061346
2.85157 0.0612
2.85314 0.060858
2.854711 0.060711
2.856283 0.06076
2.857857 0.060662
2.859434 0.060516
2.861012 0.060467
2.862592 0.060369
2.864173 0.06032
2.865757 0.060223
2.867342 0.060272
2.868929 0.06032
2.870517 0.060125
2.872108 0.060125
2.873699 0.060369
2.875293 0.060369
2.876889 0.06032
2.878486 0.060418
2.880085 0.06032
2.881686 0.060272
2.883289 0.060369
2.884893 0.060467
2.886499 0.060418
2.888107 0.060369
2.889717 0.060516
2.891329 0.060565
2.892942 0.06032
2.894558 0.060174
2.896175 0.060223
2.897794 0.060076
2.899415 0.059783
2.901037 0.059783
2.902662 0.05993
2.904288 0.05993
2.905916 0.059832
2.907546 0.059539
2.909178 0.059295
2.910811 0.059197
2.912446 0.059099
2.914083 0.058953
2.915722 0.058709
2.917363 0.058611
2.919006 0.058562
2.92065 0.058416
2.922296 0.05822
2.923944 0.058025
2.925594 0.057829
2.927246 0.057781
2.9289 0.057585
2.930556 0.057439
2.932213 0.057439
2.933873 0.057439
2.935534 0.057439
2.937198 0.057439
2.938863 0.057439
2.94053 0.057341
2.942199 0.057146
2.943869 0.056999
2.945542 0.05695
2.947217 0.056755
2.948893 0.056706
2.950572 0.056559
2.952252 0.056315
2.953934 0.056071
2.955618 0.055925
2.957304 0.055827
2.958992 0.055827
2.960681 0.055583
2.962373 0.055241
2.964067 0.054948
2.965763 0.054703
2.96746 0.054459
2.96916 0.054313
2.970861 0.054215
2.972565 0.053873
2.974271 0.053678
2.975978 0.053629
2.977687 0.053336
2.979398 0.052994
2.981112 0.052896
2.982827 0.052652
2.984544 0.052359
2.986264 0.052213
2.987985 0.052115
2.989709 0.051968
2.991434 0.051871
2.993161 0.051773
2.99489 0.051578
2.996621 0.051333
2.998354 0.051285
3.000089 0.051089
3.001826 0.050894
3.003565 0.050845
3.005306 0.050698
3.00705 0.050503
3.008795 0.050503
3.010542 0.050503
3.012291 0.050308
3.014043 0.050259
3.015796 0.050161
3.017552 0.050063
3.019309 0.049966
3.021069 0.049966
3.02283 0.049966
3.024594 0.049819
3.02636 0.04977
3.028127 0.04977
3.029897 0.049819
3.031669 0.049722
3.033443 0.049673
3.035219 0.049722
3.036998 0.049673
3.038778 0.049624
3.04056 0.049575
3.042344 0.049575
3.04413 0.049575
3.045919 0.049673
3.047709 0.049624
3.049502 0.049526
3.051297 0.049624
3.053094 0.049819
3.054893 0.049819
3.056694 0.049917
3.058498 0.049917
3.060303 0.050015
3.062111 0.050063
3.063921 0.050015
3.065733 0.050063
3.067547 0.050161
3.069363 0.05021
3.071181 0.050357
3.073001 0.050601
3.074824 0.05065
3.076649 0.050698
3.078476 0.050747
3.080305 0.050747
3.082136 0.050796
3.08397 0.05104
3.085805 0.051285
3.087644 0.051333
3.089484 0.051382
3.091326 0.05148
3.093171 0.051578
3.095017 0.051724
3.096866 0.051919
3.098717 0.052164
3.10057 0.052213
3.102426 0.052261
3.104284 0.052408
3.106144 0.052652
3.108006 0.052799
3.109871 0.052847
3.111737 0.053043
3.113606 0.053238
3.115477 0.053385
3.11735 0.05358
3.119226 0.053727
3.121104 0.053873
3.122984 0.054117
3.124866 0.054362
3.126751 0.054655
3.128638 0.054801
3.130527 0.054997
3.132419 0.055241
3.134313 0.055436
3.136209 0.055631
3.138108 0.055973
3.140008 0.056315
3.141912 0.056559
3.143817 0.056706
3.145725 0.056853
3.147635 0.057097
3.149547 0.057341
3.151462 0.057634
3.153378 0.058025
3.155298 0.05822
3.157219 0.058367
3.159143 0.058709
3.16107 0.058855
3.162998 0.059099
3.164929 0.059441
3.166862 0.059881
3.168798 0.060174
3.170736 0.060418
3.172677 0.060711
3.174619 0.061004
3.176565 0.0612
3.178513 0.06159
3.180463 0.061981
3.182415 0.062274
3.18437 0.062518
3.186327 0.062909
3.188287 0.063349
3.190248 0.063593
3.192213 0.063788
3.19418 0.064032
3.196149 0.064521
3.198121 0.06496
3.200095 0.065253
3.202072 0.065595
3.204051 0.065937
3.206032 0.06623
3.208016 0.066572
3.210002 0.066865
3.211991 0.067158
3.213982 0.0675
3.215976 0.06794
3.217972 0.068282
3.219971 0.068526
3.221972 0.06877
3.223976 0.06921
3.225982 0.0696
3.227991 0.069991
3.230002 0.070333
3.232016 0.070675
3.234032 0.071066
3.236051 0.071554
3.238072 0.071896
3.240096 0.07214
3.242123 0.072482
3.244152 0.072922
3.246183 0.073264
3.248217 0.073557
3.250253 0.073947
3.252293 0.074289
3.254334 0.07468
3.256378 0.075022
3.258425 0.075413
3.260474 0.075901
3.262526 0.07639
3.26458 0.076683
3.266638 0.076878
3.268697 0.077318
3.27076 0.077757
3.272825 0.078197
3.274892 0.078587
3.276962 0.07888
3.279035 0.079222
3.28111 0.079564
3.283188 0.080102
3.285269 0.08059
3.287352 0.081078
3.289438 0.081518
3.291526 0.08186
3.293617 0.082251
3.295711 0.082592
3.297807 0.083032
3.299906 0.08352
3.302008 0.084009
3.304113 0.0844
3.30622 0.084839
3.30833 0.08523
3.310443 0.085621
3.312558 0.08606
3.314676 0.086549
3.316797 0.086939
3.31892 0.087379
3.321046 0.087819
3.323175 0.088161
3.325307 0.088405
3.327442 0.088844
3.329579 0.089479
3.331719 0.08987
3.333861 0.090163
3.336007 0.090603
3.338155 0.090993
3.340306 0.091384
3.342458 0.091726
3.344615 0.09197
3.346774 0.092361
3.348936 0.092752
3.351101 0.093045
3.353268 0.093387
3.355439 0.093924
3.357612 0.094217
3.359789 0.094461
3.361968 0.094705
3.364149 0.094998
3.366334 0.095243
3.368521 0.095438
3.370711 0.095731
3.372904 0.096024
3.3751 0.096317
3.3773 0.09661
3.379501 0.09705
3.381706 0.097489
3.383913 0.097929
3.386123 0.098466
3.388336 0.098906
3.390553 0.09915
3.392771 0.099394
3.394992 0.099785
3.397217 0.100078
3.399445 0.100322
3.401675 0.100615
3.403909 0.100762
3.406146 0.10086
3.408385 0.101153
3.410627 0.101397
3.412873 0.101739
3.415121 0.102178
3.417372 0.102667
3.419626 0.103204
3.421884 0.10379
3.424144 0.104523
3.426407 0.105304
3.428673 0.105988
3.430943 0.106476
3.433215 0.107063
3.43549 0.107746
3.437768 0.108381
3.440049 0.10887
3.442333 0.109358
3.444621 0.109847
3.446911 0.110384
3.449204 0.11097
3.4515 0.111458
3.4538 0.111898
3.456102 0.112338
3.458408 0.112826
3.460716 0.113314
3.463028 0.113803
3.465343 0.114242
3.467662 0.114584
3.469983 0.115024
3.472307 0.115317
3.474634 0.115561
3.476965 0.115805
3.479298 0.116245
3.481635 0.116733
3.483975 0.117124
3.486317 0.117466
3.488663 0.117857
3.491012 0.118247
3.493365 0.118443
3.49572 0.118638
3.498079 0.118931
3.500441 0.119322
3.502806 0.120006
3.505175 0.12069
3.507547 0.121276
3.509921 0.121911
3.512299 0.122448
3.514681 0.123083
3.517065 0.123815
3.519453 0.124597
3.521844 0.125134
3.524238 0.12572
3.526636 0.126258
3.529036 0.126795
3.53144 0.127234
3.533848 0.127723
3.536258 0.12826
3.538672 0.128895
3.541089 0.129335
3.543509 0.129725
3.545932 0.130165
3.548359 0.130702
3.55079 0.13124
3.553223 0.131728
3.55566 0.132168
3.558101 0.132656
3.560545 0.133144
3.562992 0.133682
3.565443 0.13417
3.567896 0.134707
3.570354 0.135245
3.572814 0.135635
3.575278 0.136124
3.577746 0.136612
3.580216 0.137101
3.582691 0.13754
3.585169 0.137882
3.58765 0.138468
3.590135 0.138957
3.592623 0.139396
3.595114 0.139885
3.597609 0.140373
3.600107 0.140813
3.602608 0.141301
3.605114 0.141789
3.607622 0.142278
3.610135 0.142815
3.61265 0.143255
3.61517 0.143645
3.617692 0.143939
3.620219 0.144378
3.622749 0.144915
3.625283 0.145355
3.627819 0.145746
3.63036 0.146136
3.632904 0.146625
3.635452 0.147064
3.638003 0.147553
3.640558 0.148041
3.643116 0.148481
3.645679 0.14892
3.648244 0.14936
3.650813 0.1498
3.653386 0.150239
3.655962 0.15063
3.658543 0.15107
3.661126 0.151509
3.663713 0.1519
3.666304 0.152339
3.668898 0.15273
3.671497 0.153219
3.674099 0.153609
3.676705 0.154049
3.679314 0.154489
3.681927 0.154928
3.684544 0.155368
3.687165 0.155758
3.689789 0.156247
3.692417 0.156686
3.695049 0.157077
3.697685 0.157419
3.700324 0.15781
3.702967 0.158298
3.705615 0.158835
3.708265 0.159275
3.71092 0.159666
3.713578 0.159959
3.71624 0.160301
3.718906 0.160789
3.721576 0.161229
3.724249 0.161619
3.726926 0.162059
3.729607 0.16245
3.732292 0.162841
3.734981 0.163231
3.737674 0.163573
3.740371 0.163964
3.743071 0.164355
3.745776 0.164843
3.748485 0.165234
3.751197 0.165576
3.753913 0.165918
3.756634 0.16626
3.759358 0.166601
3.762086 0.166992
3.764818 0.167432
3.767554 0.167871
3.770293 0.168213
3.773037 0.168555
3.775785 0.168897
3.778537 0.169239
3.781293 0.169581
3.784053 0.169874
3.786817 0.170265
3.789586 0.170606
3.792358 0.171046
3.795134 0.171388
3.797915 0.171681
3.800699 0.172023
3.803488 0.172267
3.80628 0.172511
3.809077 0.172853
3.811877 0.173195
3.814683 0.173537
3.817492 0.173879
3.820305 0.174074
3.823123 0.174367
3.825944 0.174758
3.82877 0.175051
3.8316 0.175295
3.834434 0.17554
3.837271 0.175881
3.840113 0.176272
3.84296 0.176614
3.845811 0.176907
3.848666 0.1772
3.851525 0.177396
3.854389 0.17764
3.857257 0.177835
3.86013 0.178079
3.863006 0.17847
3.865887 0.178861
3.868772 0.179105
3.871661 0.179349
3.874554 0.179593
3.877452 0.179887
3.880355 0.180082
3.883262 0.180375
3.886173 0.180668
3.889088 0.180961
3.892008 0.181205
3.894932 0.181498
3.897861 0.181743
3.900793 0.181987
3.903731 0.182231
3.906672 0.182524
3.909618 0.182866
3.912569 0.183159
3.915524 0.183257
3.918483 0.183501
3.921447 0.183794
3.924416 0.184038
3.927389 0.184234
3.930367 0.184527
3.933349 0.184722
3.936336 0.184868
3.939327 0.185015
3.942322 0.185357
3.945323 0.185699
3.948327 0.185894
3.951337 0.186138
3.954351 0.186383
3.95737 0.186578
3.960393 0.186822
3.963421 0.186969
3.966453 0.187164
3.96949 0.187408
3.972532 0.187604
3.975579 0.187799
3.978629 0.187946
3.981685 0.188092
3.984745 0.188336
3.98781 0.188678
3.99088 0.188922
3.993955 0.189215
3.997034 0.189411
4.000118 0.189508
4.003208 0.189655
4.006302 0.189997
4.0094 0.19029
4.012504 0.190485
4.015612 0.19073
4.018724 0.191023
4.021842 0.191316
4.024965 0.191511
4.028091 0.191755
4.031223 0.192048
4.03436 0.192293
4.037502 0.192537
4.040649 0.192781
4.043801 0.192976
4.046958 0.193172
4.050119 0.193416
4.053287 0.193562
4.056458 0.193758
4.059635 0.193953
4.062816 0.1941
4.066003 0.194295
4.069194 0.194539
4.072391 0.194637
4.075593 0.194735
4.078799 0.194881
4.082011 0.195028
4.085227 0.195125
4.088449 0.195223
4.091676 0.19537
4.094908 0.195516
4.098145 0.195663
4.101388 0.19576
4.104634 0.195858
4.107887 0.195907
4.111144 0.196053
4.114407 0.1962
4.117675 0.196298
4.120948 0.196444
4.124227 0.196542
4.12751 0.196591
4.130799 0.196737
4.134094 0.196933
4.137393 0.196981
4.140697 0.197079
4.144008 0.197177
4.147323 0.197226
4.150643 0.197226
4.153969 0.197274
4.157301 0.197372
4.160638 0.197421
4.16398 0.197567
4.167327 0.197665
4.17068 0.197616
4.174038 0.197714
4.177401 0.197763
4.18077 0.197763
4.184143 0.197812
4.187523 0.197909
4.190908 0.197909
4.194299 0.197909
4.197695 0.197958
4.201097 0.197958
4.204504 0.197763
4.207917 0.197616
4.211336 0.19747
4.214759 0.197079
4.218189 0.196639
4.221624 0.196249
4.225064 0.196102
4.22851 0.196102
4.231962 0.196102
4.23542 0.196005
4.238883 0.196102
4.242352 0.196298
4.245827 0.196639
4.249307 0.197079
4.252793 0.197567
4.256284 0.197714
4.259782 0.197421
4.263285 0.197079
4.266792 0.196786
4.270307 0.196542
4.273828 0.196542
4.277354 0.196688
4.280886 0.196737
4.284424 0.196835
4.287968 0.196933
4.291517 0.19703
4.295074 0.197177
4.298635 0.197372
4.302202 0.197519
4.305776 0.197665
4.309355 0.197861
4.31294 0.197958
4.316531 0.198105
4.320128 0.198251
4.323732 0.1983
4.327342 0.198349
4.330956 0.198447
4.334578 0.198544
4.338205 0.198593
4.341838 0.198642
4.345478 0.198544
4.349123 0.198496
4.352774 0.198593
4.356431 0.198642
4.360096 0.198593
4.363765 0.198544
4.367442 0.198544
4.371124 0.198544
4.374813 0.198593
4.378508 0.198544
4.38221 0.198544
4.385918 0.198447
4.389631 0.198398
4.393351 0.198398
4.397078 0.198349
4.40081 0.1983
4.404549 0.1983
4.408295 0.198202
4.412045 0.198105
4.415803 0.198105
4.419568 0.198154
4.423338 0.198007
4.427116 0.197909
4.4309 0.197909
4.43469 0.197812
4.438487 0.197665
4.442291 0.197714
4.446101 0.197714
4.449917 0.197567
4.45374 0.197519
4.45757 0.197519
4.461406 0.197421
4.465249 0.197274
4.469098 0.197177
4.472954 0.197177
4.476817 0.197079
4.480686 0.196981
4.484562 0.196884
4.488445 0.196835
4.492334 0.196835
4.496231 0.196786
4.500134 0.196639
4.504043 0.196444
4.507959 0.196444
4.511883 0.196346
4.515813 0.196151
4.51975 0.196005
4.523694 0.195907
4.527645 0.19576
4.531602 0.195614
4.535568 0.195467
4.539539 0.19537
4.543518 0.195174
4.547503 0.195028
4.551496 0.19493
4.555496 0.194881
4.559502 0.194735
4.563516 0.194539
4.567537 0.194344
4.571565 0.194246
4.5756 0.194149
4.579642 0.193953
4.583691 0.193709
4.587747 0.193465
4.591811 0.193367
4.595881 0.193221
4.599958 0.193025
4.604044 0.19283
4.608136 0.192683
4.612236 0.192488
4.616343 0.192244
4.620458 0.192097
4.624579 0.191951
4.628708 0.191755
4.632845 0.191609
4.636989 0.191365
4.64114 0.191169
4.645299 0.190974
4.649466 0.190778
4.653639 0.190583
4.65782 0.190339
4.662009 0.190143
4.666206 0.190046
4.67041 0.18985
4.674621 0.189557
4.67884 0.189362
4.683066 0.189167
4.687301 0.18902
4.691543 0.188825
4.695792 0.188483
4.700048 0.188239
4.704313 0.187994
4.708586 0.187604
4.712867 0.187359
4.717155 0.187115
4.721451 0.186773
4.725755 0.18648
4.730067 0.186187
4.734388 0.185845
4.738715 0.185552
4.743051 0.18521
4.747394 0.184868
4.751746 0.184478
4.756105 0.184087
4.760472 0.183745
4.764848 0.183403
4.769232 0.18311
4.773623 0.182719
4.778023 0.182475
4.782431 0.182084
4.786847 0.181694
4.791271 0.181401
4.795703 0.181156
4.800144 0.180717
4.804591 0.180375
4.809048 0.180082
4.813513 0.179642
4.817986 0.179252
4.822468 0.178861
4.826958 0.178519
4.831457 0.178177
4.835964 0.177835
4.84048 0.177493
4.845004 0.1772
4.849536 0.176956
4.854077 0.176712
4.858626 0.176516
4.863184 0.176321
4.867751 0.17593
4.872326 0.175588
4.876908 0.175344
4.8815 0.174953
4.886101 0.174612
4.89071 0.17427
4.895329 0.17383
4.899956 0.173488
4.904591 0.173244
4.909236 0.172902
4.91389 0.17256
4.918552 0.172218
4.923223 0.171779
4.927903 0.171339
4.932591 0.170948
4.937289 0.170558
4.941996 0.170118
4.946712 0.16963
4.951437 0.16919
4.956171 0.16875
4.960914 0.168457
4.965665 0.168164
4.970426 0.167676
4.975196 0.167236
4.979976 0.166797
4.984764 0.166406
4.989561 0.165966
4.994367 0.165576
4.999184 0.165185
5.004009 0.164745
5.008844 0.164404
5.013688 0.163866
5.018541 0.163182
5.023404 0.162987
5.028277 0.162841
5.033159 0.162645
5.038051 0.162401
5.042951 0.162059
5.047862 0.161717
5.052782 0.161326
5.057711 0.161033
5.06265 0.16074
5.0676 0.160398
5.072558 0.160057
5.077527 0.159617
5.082504 0.159031
5.087492 0.158787
5.09249 0.158542
5.097497 0.158054
5.102514 0.157614
5.10754 0.157224
5.112577 0.156735
5.117624 0.156345
5.122681 0.156051
5.127748 0.15571
5.132825 0.155221
5.137912 0.154635
5.143009 0.153805
5.148117 0.153072
5.153234 0.153219
5.158362 0.153219
5.1635 0.152877
5.168648 0.152535
5.173806 0.152193
5.178975 0.151949
5.184154 0.151753
5.189344 0.151509
5.194544 0.15107
5.199754 0.150532
5.204975 0.150435
5.210206 0.149653
5.215447 0.149262
5.2207 0.1498
5.225963 0.149751
5.231235 0.14936
5.236519 0.14892
5.241814 0.148872
5.247119 0.148676
5.252435 0.148481
5.257762 0.148286
5.2631 0.148188
5.268449 0.147846
5.273809 0.147406
5.27918 0.14726
5.284561 0.147064
5.289953 0.146234
5.295357 0.146234
5.300771 0.146478
5.306197 0.146283
5.311634 0.146088
5.31708 0.145941
5.322538 0.145746
5.328009 0.14555
5.33349 0.145355
5.338983 0.145062
5.344487 0.144085
5.350003 0.142913
5.355529 0.143401
5.361069 0.144036
5.366619 0.144036
5.37218 0.143792
5.377753 0.143645
5.383337 0.143401
5.388933 0.143255
5.394541 0.143059
5.40016 0.142913
5.405792 0.142522
5.411435 0.142034
5.417089 0.140471
5.422756 0.139299
5.428434 0.140861
5.434124 0.141545
5.439826 0.141203
5.44554 0.140959
5.451264 0.140813
5.457003 0.140031
5.462753 0.138664
5.468515 0.138712
5.47429 0.138712
5.480077 0.138224
5.485876 0.13881
5.491687 0.13881
5.497512 0.138615
5.503348 0.138224
5.509196 0.13798
5.515058 0.137442
5.520931 0.136856
5.526816 0.136759
5.532715 0.136808
5.538626 0.136563
5.544551 0.135977
5.550487 0.135098
5.556436 0.134952
5.562398 0.135245
5.568373 0.135049
5.57436 0.133242
5.58036 0.132314
5.586374 0.133779
5.592398 0.134463
5.598437 0.133779
5.604489 0.133437
5.610555 0.133291
5.616633 0.132949
5.622725 0.133096
5.62883 0.132607
5.634949 0.130751
5.641082 0.128504
5.647227 0.129384
5.653385 0.130116
5.659557 0.130653
5.665742 0.131044
5.671941 0.129384
5.678154 0.128944
5.68438 0.129481
5.69062 0.128797
5.696874 0.128993
5.703141 0.128162
5.709422 0.125916
5.715717 0.125867
5.722026 0.126502
5.728348 0.126746
5.734685 0.126258
5.741033 0.125378
5.747398 0.12406
5.753777 0.12445
5.76017 0.121813
5.766577 0.118541
5.772999 0.120787
5.779435 0.122204
5.785885 0.122106
5.792351 0.121618
5.798831 0.120494
5.805324 0.119468
5.811832 0.117417
5.818355 0.113217
5.824893 0.111703
5.831445 0.112826
5.838012 0.113412
5.844594 0.113217
5.851191 0.112093
5.857803 0.110628
5.864429 0.109651
5.871071 0.109016
5.877727 0.104572
5.884399 0.104034
5.891086 0.104718
5.897785 0.103302
5.904502 0.105353
5.911235 0.105255
5.917983 0.103839
5.924747 0.102325
5.931525 0.098417
5.93832 0.09622
5.94513 0.098808
5.951957 0.099541
5.958798 0.099101
5.965655 0.097001
5.972528 0.096854
5.979417 0.097392
5.986322 0.096024
5.993242 0.096317
6.000179 0.098027
6.00713 0.097831
6.014098 0.097245
6.021083 0.098369
6.028085 0.099199
6.035102 0.098759
6.042136 0.094901
6.049186 0.091775
6.056253 0.096513
6.063337 0.098808
6.070437 0.097245
6.077554 0.098271
6.084687 0.100762
6.091837 0.101446
6.099004 0.10125
6.106188 0.099492
6.113389 0.09788
6.120608 0.10042
6.127842 0.102569
6.135094 0.10252
6.142364 0.102227
6.14965 0.102374
6.156953 0.101934
6.164274 0.102813
6.171613 0.104181
6.178967 0.102667
6.18634 0.101788
6.193731 0.104572
6.201139 0.105988
6.208566 0.106232
6.216011 0.106525
6.223473 0.10716
6.230953 0.1076
6.238452 0.107893
6.245968 0.108332
6.253502 0.10887
6.261055 0.109065
6.268626 0.109309
6.276215 0.1097
6.283823 0.110188
6.291449 0.11053
6.299095 0.110921
6.306758 0.111214
6.31444 0.111605
6.32214 0.111947
6.32986 0.112093
6.337598 0.110042
6.345355 0.108919
6.353131 0.112093
6.360924 0.113119
6.368739 0.111898
6.376572 0.11307
6.384425 0.114438
6.392297 0.114877
6.400189 0.114145
6.4081 0.109212
6.416031 0.107746
6.423983 0.112728
6.431953 0.11517
6.439943 0.116978
6.447953 0.118052
6.455982 0.118687
6.464032 0.118882
6.472102 0.117661
6.480192 0.116196
6.488305 0.113559
6.496436 0.114242
6.504587 0.119371
6.512758 0.120836
6.52095 0.120055
6.529163 0.122008
6.537397 0.12279
6.545651 0.122155
6.553923 0.121618
6.562219 0.121227
6.570536 0.119127
6.578875 0.120641
6.587234 0.12235
6.595614 0.123132
6.604017 0.124499
6.61244 0.12445
6.620886 0.123815
6.629353 0.120445
6.637841 0.11815
6.646351 0.122204
6.654883 0.125378
6.663437 0.124743
6.672013 0.122985
6.680611 0.121618
6.689233 0.122692
6.697875 0.123181
6.70654 0.121129
6.715228 0.120152
6.723937 0.120543
6.73267 0.120983
6.741425 0.120641
6.750203 0.119664
6.759001 0.118882
6.767824 0.117026
6.776671 0.11478
6.785541 0.112191
6.794435 0.111605
6.803351 0.113021
6.812291 0.112435
6.821255 0.110237
6.830244 0.109358
6.839254 0.109749
6.848289 0.107893
6.857347 0.103888
6.86643 0.102764
6.875537 0.105597
6.884668 0.106135
6.893823 0.105548
6.902999 0.104376
6.912203 0.104083
6.921432 0.104083
6.930685 0.103692
6.939963 0.103155
6.949265 0.101641
6.958593 0.099248
6.967947 0.09998
6.977327 0.100957
6.98673 0.100469
6.996159 0.100127
7.005613 0.10042
7.015093 0.100371
7.024599 0.10042
7.03413 0.100176
7.043687 0.099004
7.053272 0.100518
7.062882 0.102862
7.072517 0.104181
7.082179 0.105207
7.091867 0.106281
7.101583 0.107209
7.111324 0.107746
7.121092 0.108674
7.130883 0.109944
7.140706 0.110188
7.150555 0.11053
7.160431 0.111165
7.170335 0.111361
7.180266 0.112777
7.190225 0.113559
7.200211 0.113119
7.210228 0.112972
7.22027 0.113949
7.23034 0.11434
7.240438 0.114535
7.250565 0.114633
7.26072 0.114731
7.270903 0.114438
7.281115 0.114633
7.291358 0.115219
7.301627 0.115317
7.311926 0.115366
7.322253 0.115366
7.33261 0.114682
7.342996 0.114487
7.353412 0.114926
7.363857 0.115122
7.374328 0.114926
7.384833 0.114877
7.395367 0.11478
7.405932 0.114682
7.416527 0.114633
7.427153 0.114633
7.437809 0.114584
7.448495 0.114438
7.459215 0.113949
7.469963 0.113754
7.480742 0.113949
7.491552 0.114096
7.502394 0.114047
7.513267 0.113852
7.524172 0.11351
7.535108 0.113168
7.546078 0.112826
7.557078 0.112484
7.56811 0.111898
7.579175 0.111312
7.590272 0.110921
7.601401 0.11053
7.612564 0.109993
7.623759 0.109554
7.634982 0.109212
7.646243 0.10887
7.657537 0.108577
7.668865 0.108186
7.680227 0.107893
7.691622 0.107746
7.703051 0.107551
7.714513 0.107258
7.726013 0.106867
7.737544 0.106525
7.74911 0.106135
7.76071 0.105744
7.772346 0.105353
7.784016 0.10506
7.795721 0.104572
7.807461 0.103985
7.819234 0.103253
7.831045 0.102618
7.842893 0.101983
7.854775 0.101299
7.866695 0.100615
7.87865 0.099932
7.890642 0.099101
7.90267 0.09832
7.914737 0.097392
7.926839 0.096415
7.938978 0.095438
7.951155 0.094412
7.963368 0.09324
7.97562 0.092117
7.987909 0.090896
8.000236 0.089577
8.012604 0.088063
8.025007 0.086646
8.03745 0.085132
8.04993 0.083716
8.062449 0.082251
8.075007 0.080883
8.087605 0.079564
8.100242 0.078197
8.112914 0.07678
8.12563 0.075315
8.138387 0.073947
8.151183 0.072726
8.16402 0.071456
8.176896 0.070187
8.189815 0.068917
8.202773 0.067598
8.215774 0.066377
8.228815 0.065253
8.241898 0.064179
8.255021 0.063202
8.268188 0.062274
8.281395 0.061444
8.294645 0.06076
8.307939 0.060223
8.321277 0.059588
8.334655 0.059002
8.348077 0.058513
8.361541 0.058122
8.37505 0.057781
8.388601 0.057341
8.402197 0.056853
8.415837 0.056413
8.429516 0.055925
8.443245 0.055583
8.457019 0.055192
8.470837 0.054752
8.484701 0.054264
8.49861 0.053824
8.512566 0.053287
8.526567 0.052847
8.540616 0.052213
8.554709 0.051626
8.56885 0.051089
8.583036 0.050405
8.59727 0.04977
8.611551 0.049135
8.62588 0.048452
8.640257 0.047866
8.654684 0.047279
8.669156 0.046693
8.683678 0.045961
8.698248 0.045228
8.712867 0.044642
8.727534 0.044154
8.742252 0.04347
8.75702 0.042884
8.771832 0.042298
8.786699 0.041663
8.801618 0.041076
8.816586 0.040588
8.831606 0.039904
8.846677 0.039416
8.861799 0.038927
8.876974 0.03839
8.892203 0.037853
8.907482 0.037364
8.922813 0.036827
8.938197 0.036241
8.953634 0.035753
8.969126 0.035411
8.98467 0.034873
9.000268 0.034239
9.015924 0.033799
9.031631 0.033311
9.047393 0.032676
9.06321 0.032236
9.079082 0.031748
9.095011 0.03121
9.110995 0.030673
9.127035 0.030087
9.143127 0.029598
9.159282 0.029208
9.175492 0.028622
9.191761 0.028133
9.208088 0.027742
9.224472 0.027352
9.240915 0.026961
9.257417 0.026814
9.27398 0.02657
9.290601 0.02618
9.307281 0.025886
9.32402 0.025642
9.34082 0.025349
9.35768 0.024958
9.374602 0.024275
9.391585 0.02364
9.408624 0.023298
9.42573 0.023054
9.442899 0.022761
9.460131 0.022614
9.477425 0.022516
9.494783 0.022565
9.512204 0.022419
9.52969 0.022565
9.547244 0.022809
9.564858 0.023005
9.582539 0.023054
9.600284 0.0232
9.618095 0.023347
9.635973 0.02364
9.653916 0.023689
9.671927 0.023737
9.690009 0.023786
9.708156 0.024128
9.72637 0.024372
9.744653 0.024519
9.763004 0.024617
9.781425 0.024714
9.799915 0.024812
9.818476 0.025007
9.837101 0.025154
9.855803 0.0253
9.874576 0.025545
9.89342 0.02574
9.912336 0.025935
9.931326 0.02657
9.950388 0.027205
9.969523 0.027694
9.988736 0.028329
10.008019 0.028964
10.027377 0.029501
10.04681 0.030136
10.066319 0.030868
10.085902 0.031748
10.105563 0.032773
10.1253 0.033701
10.145119 0.034532
10.165011 0.035362
10.184982 0.036192
10.205031 0.037071
10.22516 0.038048
10.245367 0.039074
10.265656 0.0401
10.286023 0.040979
10.306466 0.041907
10.326997 0.042737
10.34761 0.043616
10.368304 0.044593
10.389083 0.045423
10.409945 0.0464
10.43089 0.047231
10.45192 0.047963
10.473039 0.048549
10.49424 0.049282
10.515526 0.049917
10.536899 0.050357
10.558359 0.050796
10.579906 0.051187
10.601542 0.051333
10.623267 0.05148
10.645084 0.051626
10.666988 0.051773
10.688982 0.051578
10.711066 0.051382
10.733243 0.051333
10.755511 0.051333
10.777872 0.05104
10.800325 0.050698
10.822865 0.050405
10.845508 0.050161
10.868244 0.049966
10.891077 0.049917
10.914005 0.049722
10.937031 0.049477
10.960154 0.049429
10.983374 0.049429
11.006698 0.04938
11.030116 0.04938
11.053635 0.049429
11.077253 0.049477
11.100973 0.049526
11.124795 0.049624
11.14872 0.049624
11.172747 0.049526
11.196871 0.049331
11.221107 0.049282
11.245447 0.04938
11.269894 0.049477
11.294447 0.049477
11.319107 0.049429
11.343875 0.049331
11.368752 0.049282
11.393744 0.049184
11.418839 0.049135
11.444047 0.04894
11.469365 0.048598
11.494797 0.048256
11.52034 0.047963
11.545999 0.04767
11.571771 0.047572
11.597663 0.047426
11.623667 0.047231
11.649787 0.047035
11.676025 0.046938
11.702382 0.046889
11.728858 0.046693
11.755454 0.0464
11.782171 0.046303
11.809002 0.046303
11.835962 0.046254
11.863048 0.04601
11.890256 0.045863
11.91759 0.045765
11.94505 0.045521
11.972636 0.04513
12.000351 0.045033
12.028198 0.044984
12.056171 0.044886
12.084274 0.044837
12.112508 0.044544
12.140875 0.044349
12.169374 0.044251
12.198009 0.044105
12.226777 0.043958
12.255688 0.043909
12.28473 0.043763
12.31391 0.043519
12.343228 0.043274
12.372687 0.043323
12.402287 0.043421
12.432029 0.043372
12.461913 0.043372
12.491931 0.043323
12.522105 0.043226
12.552425 0.042932
12.582892 0.042591
12.613507 0.042639
12.644272 0.042932
12.675187 0.042835
12.706254 0.042493
12.737479 0.042298
12.768852 0.042249
12.80038 0.042053
12.832064 0.042004
12.863906 0.042004
12.895905 0.041711
12.928064 0.041223
12.960384 0.041028
12.992874 0.040979
13.025519 0.040783
13.05833 0.04049
13.091305 0.040442
13.124448 0.040637
13.157759 0.04049
13.191238 0.040197
13.22489 0.039953
13.258701 0.039611
13.292698 0.039611
13.326869 0.039709
13.361217 0.03966
13.395742 0.039611
13.430446 0.039709
13.46533 0.039807
13.500397 0.039953
13.535651 0.039855
13.571085 0.039904
13.606705 0.040295
13.642511 0.040637
13.678508 0.040637
13.714694 0.04093
13.751073 0.040979
13.787644 0.040686
13.82442 0.04049
13.861383 0.040344
13.898545 0.040002
13.935907 0.039904
13.97347 0.039611
14.011236 0.039172
14.049208 0.038683
14.087384 0.038439
14.125755 0.038195
14.16435 0.037804
14.203156 0.037218
14.242176 0.036436
14.281411 0.035997
14.320862 0.035655
14.360532 0.035215
14.400422 0.034971
14.440542 0.034776
14.48088 0.034287
14.521442 0.033945
14.562233 0.033994
14.603253 0.033848
14.644506 0.033701
14.685991 0.033799
14.727713 0.033848
14.76966 0.033701
14.811859 0.033604
14.8543 0.03375
14.896984 0.033945
14.939916 0.033701
14.983094 0.033604
15.026524 0.033897
15.070205 0.034434
15.11415 0.034385
15.158343 0.034239
15.202796 0.034483
15.24751 0.034434
15.292488 0.034239
15.337732 0.03419
15.383245 0.034434
15.429028 0.034483
15.475092 0.034239
15.521424 0.034385
15.568036 0.034532
15.614927 0.034336
15.662103 0.034239
15.709563 0.03419
15.757313 0.034141
15.805353 0.034092
15.853672 0.034092
15.902304 0.03419
15.951234 0.034092
16.000465 0.034239
16.050003 0.034336
16.099848 0.034239
16.150003 0.034385
16.200472 0.034336
16.251265 0.033945
16.30237 0.03375
16.353796 0.033457
16.405548 0.033017
16.45763 0.032285
16.510042 0.031552
16.56279 0.030771
16.615877 0.030087
16.669313 0.029452
16.723085 0.029159
16.777206 0.028768
16.831676 0.028377
16.886503 0.027694
16.941689 0.027303
16.997234 0.027156
17.053146 0.026961
17.109409 0.026326
17.166063 0.026033
17.223093 0.026326
17.280504 0.026277
17.338299 0.026082
17.396481 0.026424
17.455055 0.02657
17.514025 0.026668
17.573404 0.027254
17.633179 0.027694
17.693359 0.028329
17.753954 0.029061
17.814964 0.029403
17.876394 0.02994
17.938251 0.030087
18.000536 0.030087
18.063269 0.030087
18.126427 0.02994
18.190027 0.029452
18.254078 0.029061
18.318579 0.029061
18.383539 0.02911
18.448961 0.028817
18.514851 0.028622
18.58119 0.028182
18.648029 0.027987
18.715351 0.027449
18.783159 0.026619
18.851461 0.026277
18.920263 0.025789
18.989569 0.025105
19.059383 0.024665
19.129725 0.023982
19.200575 0.023151
19.271952 0.022907
19.343863 0.022761
19.416311 0.022321
19.489305 0.022077
19.562849 0.022858
19.636951 0.023933
19.711594 0.02403
19.786827 0.024372
19.862638 0.024714
19.939034 0.025349
20.016018 0.02657
20.093599 0.028573
20.171785 0.029452
20.250582 0.02994
20.330009 0.030673
20.410049 0.030917
20.490723 0.031308
20.572035 0.032187
20.653994 0.033115
20.73661 0.034385
20.819889 0.034776
20.903841 0.035508
20.988487 0.036681
21.073807 0.037609
21.159821 0.037951
21.246542 0.039074
21.333977 0.04049
21.422132 0.040295
21.511023 0.04049
21.600651 0.041614
21.691 0.0422
21.782139 0.04176
21.874046 0.042004
21.966734 0.042835
22.060209 0.042688
22.154484 0.042249
22.249567 0.042444
22.34547 0.041907
22.442221 0.041809
22.539797 0.043812
22.638224 0.043519
22.737514 0.042346
22.837679 0.041858
22.93873 0.040539
23.04068 0.041125
23.143541 0.041809
23.247343 0.04137
23.35206 0.043323
23.457727 0.044691
23.564352 0.04513
23.671953 0.045472
23.78054 0.046058
23.890127 0.047231
24.000731 0.049184
24.112324 0.049575
24.224998 0.049429
24.338732 0.051089
24.453537 0.052896
