1.578129 0.075863
1.57861 0.076485
1.57909 0.076859
1.579572 0.076734
1.580053 0.076402
1.580535 0.076361
1.581017 0.07661
1.581499 0.076568
1.581982 0.07661
1.582465 0.076817
1.582948 0.077066
1.583431 0.077149
1.583915 0.077398
1.584399 0.077895
1.584884 0.077854
1.585368 0.077771
1.585853 0.077771
1.586339 0.077813
1.586824 0.07773
1.58731 0.077854
1.587796 0.078227
1.588283 0.078144
1.588769 0.07802
1.589256 0.077978
1.589744 0.077978
1.590231 0.078227
1.590719 0.078684
1.591208 0.078767
1.591696 0.079015
1.592185 0.079389
1.592674 0.079389
1.593163 0.079306
1.593653 0.079306
1.594143 0.079181
1.594634 0.078974
1.595124 0.079057
1.595615 0.079679
1.596107 0.079928
1.596598 0.080011
1.59709 0.079969
1.597582 0.079969
1.598075 0.08026
1.598568 0.080177
1.599061 0.079928
1.599554 0.080177
1.600048 0.080592
1.600542 0.080716
1.601036 0.080633
1.60153 0.080633
1.602025 0.080509
1.602521 0.08055
1.603016 0.080965
1.603512 0.081214
1.604008 0.081338
1.604505 0.081255
1.605001 0.081255
1.605498 0.081421
1.605996 0.081421
1.606493 0.08138
1.606991 0.081587
1.60749 0.082168
1.607988 0.082168
1.608487 0.081794
1.608986 0.081628
1.609486 0.082043
1.609986 0.082334
1.610486 0.082624
1.610986 0.082707
1.611487 0.082375
1.611988 0.0825
1.61249 0.082997
1.612991 0.08308
1.613493 0.082914
1.613996 0.08308
1.614498 0.083205
1.615001 0.083371
1.615505 0.083702
1.616008 0.083785
1.616512 0.083744
1.617016 0.083827
1.617521 0.083785
1.618026 0.083702
1.618531 0.083951
1.619036 0.083868
1.619542 0.083702
1.620048 0.08391
1.620554 0.0842
1.621061 0.084366
1.621568 0.084656
1.622076 0.084739
1.622583 0.084615
1.623091 0.084905
1.6236 0.084947
1.624108 0.08503
1.624617 0.085361
1.625127 0.085361
1.625636 0.085361
1.626146 0.085444
1.626656 0.08561
1.627167 0.085859
1.627678 0.085693
1.628189 0.08532
1.628701 0.085361
1.629212 0.085652
1.629725 0.085901
1.630237 0.085942
1.63075 0.08615
1.631263 0.086233
1.631777 0.086108
1.63229 0.086398
1.632804 0.086689
1.633319 0.086689
1.633834 0.086606
1.634349 0.086979
1.634864 0.087228
1.63538 0.087145
1.635896 0.087062
1.636412 0.087145
1.636929 0.087269
1.637446 0.087104
1.637964 0.086896
1.638481 0.086896
1.638999 0.087394
1.639518 0.087684
1.640036 0.087767
1.640555 0.087933
1.641075 0.087933
1.641594 0.087933
1.642114 0.088182
1.642634 0.088141
1.643155 0.088223
1.643676 0.088514
1.644197 0.088721
1.644719 0.088846
1.645241 0.089012
1.645763 0.08897
1.646286 0.088555
1.646809 0.088846
1.647332 0.089343
1.647856 0.089095
1.64838 0.089177
1.648904 0.089343
1.649429 0.089095
1.649953 0.089219
1.650479 0.089592
1.651004 0.089717
1.651531 0.089717
1.652057 0.089841
1.652583 0.089883
1.65311 0.089551
1.653638 0.089758
1.654165 0.089966
1.654693 0.090007
1.655222 0.090214
1.65575 0.090214
1.656279 0.090463
1.656809 0.090712
1.657338 0.091002
1.657868 0.091044
1.658399 0.090754
1.658929 0.090795
1.65946 0.090837
1.659992 0.090837
1.660523 0.091127
1.661055 0.091251
1.661588 0.091293
1.662121 0.091376
1.662654 0.091459
1.663187 0.091334
1.663721 0.091542
1.664255 0.091708
1.664789 0.091915
1.665324 0.092247
1.665859 0.092371
1.666395 0.092413
1.666931 0.092496
1.667467 0.092288
1.668003 0.091956
1.66854 0.092081
1.669077 0.09233
1.669615 0.09262
1.670153 0.092745
1.670691 0.092745
1.671229 0.09291
1.671769 0.092703
1.672308 0.092703
1.672847 0.093159
1.673387 0.093159
1.673928 0.092993
1.674468 0.093159
1.675009 0.093201
1.675551 0.093159
1.676093 0.09345
1.676635 0.093657
1.677177 0.09345
1.67772 0.093491
1.678263 0.09374
1.678806 0.093616
1.67935 0.093616
1.679894 0.093823
1.680439 0.093781
1.680984 0.093947
1.681529 0.094072
1.682074 0.094321
1.682621 0.094362
1.683167 0.094445
1.683714 0.09486
1.68426 0.095026
1.684808 0.094901
1.685356 0.094984
1.685904 0.095109
1.686452 0.095026
1.687001 0.095109
1.68755 0.095026
1.6881 0.094984
1.68865 0.095192
1.6892 0.095233
1.689751 0.095399
1.690302 0.095689
1.690853 0.095731
1.691405 0.095689
1.691957 0.095689
1.692509 0.095772
1.693061 0.09598
1.693615 0.095731
1.694168 0.095772
1.694722 0.096187
1.695276 0.096519
1.695831 0.096561
1.696385 0.096561
1.696941 0.096478
1.697497 0.096312
1.698053 0.096478
1.698609 0.096478
1.699166 0.096519
1.699723 0.096519
1.70028 0.096643
1.700838 0.096975
1.701396 0.097017
1.701955 0.0971
1.702514 0.097515
1.703073 0.097556
1.703633 0.09768
1.704193 0.097556
1.704753 0.097266
1.705314 0.097473
1.705875 0.097805
1.706436 0.097722
1.706998 0.097556
1.707561 0.097556
1.708123 0.097805
1.708686 0.098054
1.70925 0.098012
1.709813 0.098012
1.710377 0.09822
1.710942 0.098261
1.711507 0.098386
1.712072 0.098386
1.712638 0.098344
1.713204 0.098427
1.71377 0.098634
1.714337 0.098676
1.714904 0.098634
1.715471 0.0988
1.716039 0.098925
1.716607 0.099215
1.717176 0.099257
1.717745 0.099215
1.718314 0.099422
1.718884 0.099671
1.719454 0.099796
1.720024 0.099671
1.720595 0.099588
1.721167 0.099588
1.721738 0.099796
1.72231 0.099879
1.722883 0.099879
1.723455 0.100128
1.724029 0.100169
1.724602 0.100376
1.725176 0.100294
1.72575 0.100335
1.726325 0.100459
1.7269 0.100418
1.727476 0.100418
1.728051 0.100542
1.728628 0.100708
1.729204 0.10075
1.729781 0.100833
1.730358 0.100874
1.730936 0.100916
1.731514 0.101165
1.732093 0.101372
1.732672 0.101538
1.733251 0.101496
1.733831 0.101372
1.734411 0.101455
1.734991 0.101745
1.735572 0.101787
1.736153 0.101621
1.736735 0.101496
1.737317 0.10187
1.7379 0.10216
1.738482 0.102284
1.739066 0.102077
1.739649 0.102202
1.740233 0.102326
1.740817 0.102284
1.741402 0.102533
1.741987 0.102658
1.742573 0.102575
1.743159 0.102575
1.743745 0.102741
1.744332 0.102865
1.744919 0.102865
1.745506 0.102741
1.746094 0.102741
1.746683 0.102699
1.747271 0.102824
1.74786 0.10299
1.74845 0.103031
1.74904 0.103114
1.74963 0.103446
1.750221 0.103695
1.750812 0.103529
1.751403 0.103363
1.751995 0.10357
1.752588 0.103861
1.75318 0.103902
1.753773 0.104027
1.754367 0.104151
1.754961 0.104109
1.755555 0.104192
1.75615 0.104317
1.756745 0.104441
1.75734 0.104607
1.757936 0.10469
1.758533 0.10469
1.759129 0.104898
1.759726 0.105022
1.760324 0.104981
1.760922 0.104939
1.76152 0.104856
1.762119 0.104939
1.762718 0.104856
1.763318 0.104981
1.763918 0.105271
1.764518 0.105395
1.765119 0.10552
1.76572 0.10552
1.766322 0.10552
1.766924 0.105354
1.767526 0.10552
1.768129 0.105727
1.768732 0.105769
1.769336 0.105893
1.76994 0.105893
1.770545 0.105976
1.771149 0.1061
1.771755 0.106266
1.77236 0.106183
1.772967 0.1061
1.773573 0.106183
1.77418 0.106266
1.774787 0.106183
1.775395 0.106349
1.776004 0.10664
1.776612 0.106723
1.777221 0.106847
1.777831 0.106889
1.778441 0.107179
1.779051 0.107303
1.779662 0.10722
1.780273 0.10722
1.780884 0.107179
1.781496 0.107054
1.782109 0.107096
1.782721 0.107428
1.783335 0.107677
1.783948 0.107842
1.784562 0.107842
1.785177 0.107677
1.785792 0.10776
1.786407 0.107884
1.787023 0.108008
1.787639 0.108091
1.788256 0.108133
1.788873 0.108133
1.789491 0.108257
1.790108 0.10834
1.790727 0.10834
1.791346 0.10834
1.791965 0.10834
1.792585 0.108423
1.793205 0.108589
1.793825 0.108714
1.794446 0.108631
1.795067 0.108631
1.795689 0.108672
1.796311 0.108921
1.796934 0.109087
1.797557 0.109087
1.79818 0.109087
1.798804 0.108962
1.799429 0.109045
1.800053 0.109211
1.800679 0.109377
1.801304 0.109502
1.801931 0.109626
1.802557 0.10975
1.803184 0.109502
1.803812 0.109709
1.804439 0.110041
1.805068 0.109999
1.805696 0.109875
1.806326 0.109999
1.806955 0.110124
1.807585 0.110373
1.808216 0.110414
1.808847 0.110414
1.809478 0.110373
1.81011 0.110207
1.810742 0.110373
1.811375 0.11029
1.812008 0.110248
1.812641 0.110373
1.813275 0.110539
1.81391 0.11058
1.814545 0.110539
1.81518 0.110746
1.815816 0.11087
1.816452 0.110912
1.817089 0.111119
1.817726 0.111161
1.818363 0.111036
1.819001 0.110995
1.81964 0.111036
1.820279 0.111327
1.820918 0.111451
1.821558 0.111576
1.822199 0.111576
1.822839 0.111658
1.82348 0.111949
1.824122 0.112032
1.824764 0.111907
1.825406 0.111907
1.826049 0.112156
1.826693 0.112239
1.827337 0.112073
1.827981 0.111949
1.828626 0.112156
1.829271 0.112405
1.829917 0.11253
1.830563 0.112322
1.83121 0.112156
1.831857 0.112488
1.832504 0.112778
1.833152 0.112654
1.833801 0.112488
1.83445 0.112654
1.835099 0.11282
1.835749 0.112903
1.836399 0.11282
1.83705 0.112903
1.837701 0.112861
1.838353 0.112944
1.839005 0.113193
1.839658 0.113359
1.840311 0.113318
1.840964 0.113359
1.841618 0.113401
1.842272 0.113401
1.842927 0.113359
1.843583 0.113442
1.844238 0.113484
1.844895 0.113608
1.845551 0.113608
1.846209 0.113649
1.846867 0.113691
1.847525 0.113691
1.848184 0.113732
1.848843 0.113732
1.849502 0.113732
1.850162 0.113774
1.850823 0.113815
1.851484 0.11394
1.852145 0.114064
1.852807 0.11423
1.853469 0.114272
1.854132 0.114189
1.854796 0.11423
1.855459 0.114437
1.856124 0.114603
1.856789 0.114479
1.857454 0.114313
1.85812 0.114355
1.858786 0.114562
1.859453 0.114811
1.86012 0.114769
1.860788 0.114728
1.861456 0.114935
1.862124 0.114852
1.862794 0.114811
1.863463 0.114894
1.864133 0.114935
1.864804 0.115018
1.865475 0.115184
1.866146 0.115184
1.866818 0.115226
1.867491 0.115226
1.868164 0.115309
1.868837 0.11564
1.869511 0.115599
1.870185 0.115599
1.87086 0.115682
1.871536 0.115765
1.872212 0.115848
1.872888 0.11564
1.873565 0.115599
1.874242 0.115682
1.87492 0.115765
1.875599 0.115889
1.876277 0.116138
1.876957 0.116097
1.877637 0.115806
1.878317 0.115806
1.878998 0.115972
1.879679 0.116055
1.880361 0.116097
1.881043 0.115972
1.881726 0.116138
1.882409 0.116345
1.883093 0.116428
1.883777 0.11647
1.884462 0.116594
1.885147 0.116636
1.885833 0.116636
1.886519 0.116802
1.887206 0.116719
1.887893 0.116636
1.888581 0.116719
1.889269 0.116843
1.889958 0.116885
1.890647 0.116843
1.891337 0.116968
1.892027 0.117175
1.892718 0.117175
1.893409 0.117092
1.894101 0.117175
1.894793 0.117341
1.895486 0.117465
1.896179 0.117424
1.896873 0.117341
1.897568 0.117548
1.898262 0.117673
1.898958 0.117673
1.899654 0.117756
1.90035 0.117714
1.901047 0.117756
1.901744 0.117756
1.902442 0.117673
1.90314 0.11759
1.903839 0.117673
1.904539 0.118088
1.905239 0.118212
1.905939 0.118378
1.90664 0.118419
1.907342 0.118212
1.908044 0.118046
1.908746 0.118088
1.909449 0.11817
1.910153 0.118336
1.910857 0.118461
1.911561 0.118627
1.912266 0.118502
1.912972 0.118585
1.913678 0.118751
1.914385 0.118834
1.915092 0.118917
1.9158 0.118793
1.916508 0.11871
1.917217 0.118834
1.917926 0.119042
1.918636 0.119124
1.919346 0.11929
1.920057 0.119539
1.920768 0.119498
1.92148 0.119415
1.922193 0.119456
1.922906 0.119498
1.92362 0.119498
1.924333 0.119622
1.925048 0.119747
1.925763 0.119705
1.926479 0.119747
1.927195 0.11983
1.927912 0.119871
1.928629 0.119788
1.929346 0.119871
1.930065 0.119996
1.930784 0.12012
1.931503 0.120161
1.932223 0.120327
1.932943 0.12041
1.933664 0.12041
1.934386 0.120493
1.935108 0.12041
1.93583 0.12041
1.936554 0.12041
1.937277 0.12041
1.938002 0.120535
1.938726 0.120452
1.939452 0.120618
1.940177 0.120867
1.940904 0.120784
1.941631 0.120742
1.942358 0.120825
1.943086 0.120908
1.943815 0.121032
1.944544 0.121115
1.945274 0.121032
1.946004 0.120991
1.946735 0.121074
1.947466 0.121157
1.948198 0.121198
1.94893 0.121198
1.949663 0.12124
1.950397 0.121364
1.951131 0.121281
1.951865 0.121406
1.952601 0.121572
1.953336 0.121447
1.954073 0.121406
1.954809 0.121323
1.955547 0.121489
1.956285 0.121696
1.957023 0.121738
1.957762 0.121613
1.958502 0.121572
1.959242 0.121572
1.959983 0.121738
1.960724 0.121986
1.961466 0.121862
1.962208 0.121572
1.962951 0.121738
1.963695 0.121986
1.964439 0.121986
1.965183 0.121945
1.965929 0.122028
1.966674 0.122194
1.967421 0.122277
1.968168 0.122194
1.968915 0.122111
1.969663 0.122277
1.970412 0.122484
1.971161 0.122526
1.971911 0.122443
1.972661 0.122484
1.973413 0.122484
1.974164 0.122526
1.974916 0.122484
1.975669 0.122484
1.976422 0.122484
1.977176 0.122567
1.97793 0.122609
1.978685 0.122733
1.97944 0.122775
1.980196 0.122733
1.980953 0.122775
1.98171 0.122692
1.982468 0.122609
1.983226 0.12265
1.983986 0.12265
1.984745 0.122733
1.985505 0.122733
1.986266 0.122733
1.987027 0.122733
1.987789 0.122816
1.988552 0.123023
1.989315 0.123106
1.990078 0.123106
1.990842 0.123148
1.991607 0.123106
1.992373 0.123148
1.993139 0.123231
1.993905 0.123272
1.994673 0.123189
1.99544 0.123148
1.996209 0.123231
1.996978 0.123314
1.997747 0.123355
1.998517 0.12348
1.999288 0.123563
2.000059 0.123438
2.000831 0.123314
2.001604 0.123397
2.002377 0.123397
2.003151 0.123355
2.003925 0.123314
2.0047 0.123397
2.005476 0.123563
2.006252 0.123563
2.007029 0.12348
2.007806 0.123646
2.008584 0.123729
2.009362 0.123646
2.010141 0.123521
2.010921 0.123521
2.011701 0.12348
2.012482 0.123604
2.013264 0.123853
2.014046 0.12377
2.014829 0.123687
2.015612 0.123853
2.016396 0.123936
2.01718 0.124102
2.017966 0.124185
2.018752 0.12406
2.019538 0.124019
2.020325 0.124143
2.021113 0.124226
2.021901 0.124351
2.02269 0.124392
2.023479 0.124392
2.02427 0.124392
2.02506 0.1246
2.025852 0.1246
2.026644 0.124558
2.027436 0.124475
2.028229 0.124392
2.029023 0.124226
2.029818 0.124351
2.030613 0.1246
2.031409 0.1246
2.032204 0.124641
2.033001 0.124848
2.033799 0.125014
2.034597 0.124973
2.035396 0.124973
2.036195 0.125097
2.036996 0.125097
2.037796 0.125056
2.038598 0.125139
2.0394 0.125097
2.040203 0.12518
2.041006 0.125429
2.04181 0.125429
2.042614 0.125429
2.043419 0.125388
2.044225 0.125222
2.045032 0.125139
2.045839 0.125263
2.046646 0.125429
2.047455 0.125595
2.048264 0.125637
2.049073 0.125554
2.049883 0.125595
2.050694 0.125761
2.051505 0.125802
2.052317 0.125761
2.05313 0.125678
2.053944 0.125927
2.054758 0.126093
2.055573 0.125885
2.056388 0.125844
2.057204 0.125968
2.058021 0.125968
2.058838 0.125968
2.059656 0.125885
2.060475 0.12601
2.061294 0.126134
2.062114 0.126217
2.062935 0.126259
2.063756 0.126134
2.064577 0.126134
2.0654 0.126051
2.066223 0.12601
2.067047 0.126134
2.067871 0.126217
2.068696 0.126217
2.069522 0.126176
2.070349 0.126259
2.071176 0.126342
2.072004 0.126383
2.072833 0.126466
2.073662 0.126466
2.074492 0.126508
2.075322 0.126466
2.076153 0.126383
2.076985 0.1263
2.077817 0.126259
2.07865 0.126259
2.079484 0.1263
2.080319 0.126425
2.081154 0.126549
2.08199 0.126673
2.082826 0.126756
2.083663 0.126549
2.084501 0.126466
2.08534 0.126632
2.086179 0.126673
2.087018 0.126632
2.087859 0.126591
2.0887 0.126508
2.089542 0.126508
2.090385 0.126508
2.091228 0.126466
2.092072 0.126466
2.092917 0.126508
2.093762 0.126673
2.094608 0.126673
2.095454 0.126466
2.096302 0.126466
2.09715 0.1263
2.097999 0.126342
2.098848 0.126591
2.099698 0.126591
2.100549 0.126591
2.1014 0.126632
2.102252 0.126632
2.103105 0.126673
2.103959 0.126715
2.104813 0.126673
2.105668 0.126673
2.106524 0.126756
2.10738 0.126673
2.108237 0.126632
2.109094 0.126715
2.109953 0.126756
2.110812 0.126715
2.111672 0.126673
2.112532 0.126632
2.113394 0.126673
2.114255 0.126673
2.115118 0.126756
2.115981 0.126673
2.116845 0.126425
2.11771 0.126342
2.118576 0.126383
2.119442 0.126508
2.120309 0.126673
2.121176 0.126673
2.122045 0.126715
2.122913 0.126964
2.123783 0.126881
2.124654 0.126756
2.125525 0.126715
2.126396 0.126591
2.127269 0.126591
2.128142 0.126756
2.129016 0.126881
2.129891 0.126798
2.130766 0.126798
2.131642 0.126673
2.132519 0.126591
2.133397 0.126673
2.134275 0.126715
2.135154 0.126798
2.136034 0.126715
2.136914 0.126632
2.137795 0.126632
2.138677 0.126715
2.13956 0.126881
2.140444 0.126922
2.141328 0.126798
2.142213 0.126839
2.143099 0.127088
2.143985 0.127047
2.144872 0.126922
2.14576 0.127005
2.146648 0.127047
2.147537 0.127047
2.148427 0.12713
2.149318 0.127213
2.150209 0.12713
2.151101 0.127047
2.151994 0.127088
2.152888 0.127088
2.153783 0.127047
2.154678 0.127171
2.155574 0.127171
2.15647 0.127171
2.157368 0.12742
2.158266 0.127503
2.159165 0.127462
2.160064 0.127462
2.160964 0.12742
2.161865 0.127337
2.162767 0.127296
2.16367 0.12742
2.164573 0.127337
2.165478 0.127213
2.166383 0.127379
2.167288 0.127296
2.168195 0.127213
2.169102 0.127379
2.17001 0.127379
2.170919 0.127337
2.171828 0.12742
2.172739 0.127503
2.17365 0.127462
2.174561 0.127296
2.175474 0.127213
2.176387 0.127213
2.177301 0.127337
2.178216 0.127337
2.179132 0.12742
2.180048 0.12742
2.180965 0.127254
2.181883 0.127337
2.182801 0.127503
2.183721 0.127545
2.184641 0.12742
2.185562 0.127337
2.186484 0.127337
2.187407 0.127503
2.18833 0.127379
2.189254 0.127296
2.190179 0.12742
2.191105 0.127337
2.192032 0.127213
2.192959 0.127213
2.193887 0.127171
2.194816 0.127171
2.195745 0.127213
2.196676 0.127296
2.197607 0.127379
2.198539 0.12742
2.199472 0.127254
2.200405 0.127088
2.201339 0.127088
2.202275 0.127171
2.203211 0.127213
2.204147 0.12713
2.205085 0.126964
2.206023 0.126881
2.206962 0.126839
2.207902 0.127005
2.208843 0.127047
2.209784 0.127005
2.210727 0.127088
2.21167 0.127047
2.212614 0.127047
2.213559 0.126922
2.214504 0.126922
2.215451 0.127005
2.216398 0.126881
2.217346 0.126798
2.218295 0.126839
2.219244 0.126839
2.220195 0.126756
2.221146 0.126673
2.222098 0.126549
2.223051 0.126383
2.224005 0.126342
2.224959 0.1263
2.225914 0.126342
2.226871 0.126383
2.227827 0.126259
2.228785 0.126134
2.229744 0.125968
2.230703 0.126051
2.231663 0.12601
2.232625 0.125802
2.233587 0.125802
2.234549 0.125761
2.235513 0.125471
2.236477 0.125305
2.237442 0.125222
2.238408 0.125056
2.239375 0.124807
2.240343 0.124641
2.241312 0.124392
2.242281 0.124309
2.243252 0.124185
2.244223 0.123811
2.245195 0.123438
2.246168 0.123148
2.247141 0.12294
2.248116 0.122526
2.249091 0.122277
2.250067 0.122069
2.251044 0.121821
2.252022 0.121572
2.253 0.121406
2.25398 0.121198
2.254961 0.120825
2.255942 0.120535
2.256924 0.120286
2.257907 0.120161
2.258891 0.120161
2.259876 0.120369
2.260861 0.12041
2.261847 0.120286
2.262835 0.12012
2.263823 0.120203
2.264812 0.120369
2.265802 0.120535
2.266792 0.120659
2.267784 0.120867
2.268776 0.120991
2.26977 0.120908
2.270764 0.120825
2.271759 0.12095
2.272755 0.12124
2.273752 0.12124
2.27475 0.121157
2.275748 0.12124
2.276747 0.12124
2.277748 0.121281
2.278749 0.121323
2.279751 0.121364
2.280754 0.121364
2.281758 0.121281
2.282763 0.121364
2.283768 0.121406
2.284775 0.121493
2.285782 0.121231
2.286791 0.120968
2.2878 0.120968
2.28881 0.120836
2.289821 0.12088
2.290832 0.120836
2.291845 0.120705
2.292859 0.120792
2.293873 0.120705
2.294889 0.12053
2.295905 0.120223
2.296922 0.120135
2.29794 0.120048
2.29896 0.119829
2.299979 0.119609
2.301001 0.119566
2.302022 0.119522
2.303045 0.119303
2.304068 0.118865
2.305093 0.118426
2.306118 0.118207
2.307145 0.118032
2.308172 0.117901
2.309201 0.117682
2.31023 0.117463
2.31126 0.117419
2.31229 0.117375
2.313322 0.117024
2.314355 0.116586
2.315388 0.116323
2.316423 0.116061
2.317458 0.116104
2.318495 0.116192
2.319532 0.116192
2.32057 0.116017
2.321609 0.115579
2.32265 0.115141
2.323691 0.115053
2.324733 0.114965
2.325776 0.114615
2.32682 0.114396
2.327865 0.114483
2.32891 0.114352
2.329957 0.114001
2.331005 0.113651
2.332053 0.113432
2.333103 0.113388
2.334153 0.113169
2.335205 0.113081
2.336257 0.113213
2.33731 0.113344
2.338365 0.113344
2.33942 0.113081
2.340476 0.113038
2.341533 0.112862
2.342591 0.112731
2.34365 0.112687
2.34471 0.112556
2.345771 0.112643
2.346833 0.112906
2.347896 0.112775
2.34896 0.112468
2.350024 0.112775
2.35109 0.113213
2.352157 0.113213
2.353225 0.113344
2.354293 0.113432
2.355363 0.113344
2.356434 0.113651
2.357505 0.113914
2.358577 0.113958
2.359651 0.113914
2.360726 0.114133
2.361801 0.114133
2.362878 0.114045
2.363955 0.114045
2.365033 0.114264
2.366114 0.114571
2.367194 0.114746
2.368275 0.115053
2.369358 0.114965
2.370441 0.114746
2.371525 0.114615
2.372611 0.114834
2.373697 0.115053
2.374785 0.115228
2.375873 0.115272
2.376962 0.115272
2.378052 0.115622
2.379144 0.11571
2.380236 0.11571
2.38133 0.115929
2.382424 0.115885
2.383519 0.116017
2.384615 0.116148
2.385713 0.115798
2.386811 0.115579
2.387911 0.115754
2.389011 0.115885
2.390113 0.116104
2.391215 0.116104
2.392318 0.116061
2.393423 0.115842
2.394528 0.115842
2.395635 0.115842
2.396743 0.115842
2.397851 0.115798
2.398961 0.115754
2.400071 0.11571
2.401183 0.115491
2.402296 0.115666
2.40341 0.115973
2.404524 0.115842
2.40564 0.115666
2.406757 0.115666
2.407875 0.115754
2.408994 0.115622
2.410113 0.115491
2.411234 0.115535
2.412356 0.115447
2.413479 0.115447
2.414603 0.115272
2.415729 0.115184
2.416855 0.115272
2.417982 0.115491
2.419111 0.115535
2.42024 0.115535
2.421371 0.115622
2.422502 0.115666
2.423635 0.115491
2.424768 0.11571
2.425903 0.115842
2.427038 0.115798
2.428176 0.115666
2.429314 0.115754
2.430453 0.115973
2.431592 0.116104
2.432734 0.115842
2.433876 0.115579
2.435019 0.115666
2.436163 0.115666
2.437308 0.115535
2.438454 0.11571
2.439602 0.115842
2.44075 0.115885
2.4419 0.116061
2.443051 0.115929
2.444203 0.115929
2.445355 0.115842
2.44651 0.11571
2.447665 0.115754
2.448821 0.115798
2.449978 0.115622
2.451137 0.115491
2.452296 0.115622
2.453457 0.115579
2.454618 0.115491
2.455781 0.115622
2.456945 0.115535
2.45811 0.115272
2.459276 0.115316
2.460443 0.115447
2.461612 0.115228
2.462781 0.114965
2.463952 0.115053
2.465123 0.115053
2.466296 0.114921
2.46747 0.114746
2.468645 0.114571
2.469821 0.114615
2.470998 0.114702
2.472176 0.114615
2.473356 0.114615
2.474536 0.114483
2.475718 0.114308
2.476901 0.114089
2.478085 0.11422
2.47927 0.114527
2.480456 0.11444
2.481644 0.114352
2.482832 0.114089
2.484022 0.11387
2.485213 0.11387
2.486404 0.113782
2.487597 0.113782
2.488792 0.114001
2.489987 0.113782
2.491184 0.113695
2.492381 0.113695
2.493581 0.113695
2.494781 0.113651
2.495982 0.113519
2.497184 0.113476
2.498387 0.1133
2.499592 0.112994
2.500798 0.112906
2.502005 0.112994
2.503213 0.113125
2.504422 0.113213
2.505633 0.113213
2.506844 0.113213
2.508057 0.11295
2.509271 0.112556
2.510486 0.112599
2.511703 0.112643
2.51292 0.112599
2.514138 0.112424
2.515358 0.112205
2.516579 0.112117
2.517802 0.112074
2.519025 0.112161
2.52025 0.112074
2.521476 0.111942
2.522703 0.112074
2.523931 0.112117
2.52516 0.111986
2.526391 0.111898
2.527622 0.111855
2.528856 0.111811
2.53009 0.111723
2.531325 0.111855
2.532562 0.112074
2.5338 0.111898
2.535039 0.11203
2.536279 0.112205
2.53752 0.111942
2.538763 0.111986
2.540007 0.11203
2.541252 0.111986
2.542498 0.112161
2.543746 0.112336
2.544994 0.112512
2.546244 0.112643
2.547495 0.112818
2.548748 0.11295
2.550002 0.113169
2.551256 0.113432
2.552513 0.113563
2.553771 0.113519
2.555029 0.113344
2.556289 0.1133
2.55755 0.113388
2.558813 0.113782
2.560076 0.114571
2.561341 0.115535
2.562607 0.115666
2.563875 0.115535
2.565143 0.115053
2.566413 0.114483
2.567684 0.114746
2.568957 0.115579
2.57023 0.11536
2.571505 0.114878
2.572781 0.115885
2.574058 0.115929
2.575337 0.115403
2.576617 0.115754
2.577898 0.115491
2.579181 0.115316
2.580465 0.115842
2.58175 0.115842
2.583036 0.11663
2.584324 0.116981
2.585613 0.115798
2.586903 0.116148
2.588195 0.11628
2.589488 0.115929
2.590782 0.115447
2.592077 0.115579
2.593373 0.117682
2.594671 0.120442
2.595971 0.118689
2.597271 0.11628
2.598573 0.115316
2.599876 0.115403
2.601181 0.115973
2.602487 0.116367
2.603794 0.117024
2.605102 0.118032
2.606412 0.117463
2.607723 0.116411
2.609035 0.116323
2.610349 0.116104
2.611664 0.115535
2.612981 0.115666
2.614299 0.115754
2.615618 0.11663
2.616938 0.117463
2.61826 0.116455
2.619583 0.116718
2.620907 0.116762
2.622233 0.11536
2.62356 0.114878
2.624888 0.115272
2.626217 0.116455
2.627548 0.115842
2.628881 0.115842
2.630215 0.117244
2.63155 0.116192
2.632886 0.115272
2.634224 0.115316
2.635564 0.114702
2.636904 0.114527
2.638246 0.114527
2.63959 0.114527
2.640934 0.114527
2.64228 0.114702
2.643628 0.11479
2.644976 0.115184
2.646327 0.115009
2.647678 0.114659
2.649031 0.114527
2.650386 0.114746
2.651741 0.115316
2.653098 0.115447
2.654457 0.115097
2.655817 0.115184
2.657177 0.114702
2.65854 0.115184
2.659904 0.115579
2.66127 0.115228
2.662637 0.115053
2.664005 0.116543
2.665375 0.118295
2.666745 0.118295
2.668118 0.116893
2.669492 0.117945
2.670867 0.118514
2.672244 0.115973
2.673622 0.115228
2.675002 0.115842
2.676383 0.116762
2.677765 0.116543
2.67915 0.115929
2.680535 0.11422
2.681922 0.113213
2.68331 0.112775
2.6847 0.111592
2.68609 0.110409
2.687483 0.109007
2.688877 0.107517
2.690272 0.106115
2.691669 0.105151
2.693067 0.104757
2.694467 0.103399
2.695868 0.100726
2.69727 0.098404
2.698674 0.096914
2.70008 0.096257
2.701487 0.095468
2.702896 0.09411
2.704306 0.09284
2.705717 0.091744
2.70713 0.090649
2.708544 0.090123
2.70996 0.089685
2.711378 0.088458
2.712797 0.08618
2.714217 0.084953
2.715639 0.084209
2.717062 0.08377
2.718487 0.083727
2.719913 0.084471
2.721341 0.083157
2.72277 0.080923
2.7242 0.079433
2.725633 0.076322
2.727067 0.07365
2.728502 0.073168
2.729939 0.073474
2.731377 0.07308
2.732817 0.071809
2.734258 0.069575
2.735701 0.06664
2.737146 0.064931
2.738592 0.065939
2.740039 0.068392
2.741488 0.069619
2.742939 0.069137
2.744391 0.06791
2.745844 0.065807
2.747299 0.063003
2.748756 0.061031
2.750214 0.061689
2.751674 0.064449
2.753135 0.067165
2.754598 0.0694
2.756062 0.069706
2.757528 0.068348
2.758996 0.067209
2.760465 0.065325
2.761936 0.062828
2.763408 0.060812
2.764882 0.06147
2.766357 0.064098
2.767834 0.066158
2.769313 0.067034
2.770793 0.067165
2.772275 0.066508
2.773758 0.065851
2.775243 0.065238
2.77673 0.064449
2.778218 0.063704
2.779707 0.063003
2.781199 0.062302
2.782691 0.061732
2.784185 0.061207
2.785681 0.061031
2.787179 0.060988
2.788678 0.060593
2.790179 0.060462
2.791682 0.060681
2.793186 0.0609
2.794692 0.060988
2.7962 0.061207
2.797709 0.061207
2.799219 0.061119
2.800731 0.061031
2.802245 0.060988
2.803761 0.060769
2.805278 0.060155
2.806797 0.059761
2.808318 0.059629
2.80984 0.059367
2.811363 0.059148
2.812889 0.059191
2.814416 0.059367
2.815945 0.059454
2.817475 0.059717
2.819007 0.060111
2.82054 0.060287
2.822076 0.060593
2.823613 0.060944
2.825152 0.061338
2.826692 0.061645
2.828234 0.061995
2.829778 0.06239
2.831324 0.062828
2.832871 0.063222
2.83442 0.063529
2.835971 0.063792
2.837523 0.06423
2.839077 0.064624
2.840632 0.064975
2.84219 0.06515
2.843749 0.065457
2.84531 0.065763
2.846872 0.065982
2.848437 0.066333
2.850003 0.066552
2.85157 0.066683
2.85314 0.067034
2.854711 0.067341
2.856283 0.067428
2.857857 0.067472
2.859434 0.067603
2.861012 0.067823
2.862592 0.067954
2.864173 0.068085
2.865757 0.068173
2.867342 0.068304
2.868929 0.068348
2.870517 0.06848
2.872108 0.068611
2.873699 0.068524
2.875293 0.068436
2.876889 0.068524
2.878486 0.068655
2.880085 0.068655
2.881686 0.06848
2.883289 0.06848
2.884893 0.068392
2.886499 0.068217
2.888107 0.068217
2.889717 0.068129
2.891329 0.067998
2.892942 0.067954
2.894558 0.067866
2.896175 0.067691
2.897794 0.067603
2.899415 0.067472
2.901037 0.067603
2.902662 0.067603
2.904288 0.067341
2.905916 0.06699
2.907546 0.066815
2.909178 0.066727
2.910811 0.066552
2.912446 0.06642
2.914083 0.066289
2.915722 0.066333
2.917363 0.066377
2.919006 0.066289
2.92065 0.066245
2.922296 0.06642
2.923944 0.066464
2.925594 0.066377
2.927246 0.066201
2.9289 0.06607
2.930556 0.066114
2.932213 0.066289
2.933873 0.066245
2.935534 0.066201
2.937198 0.066201
2.938863 0.066377
2.94053 0.066464
2.942199 0.066377
2.943869 0.066333
2.945542 0.066508
2.947217 0.066727
2.948893 0.066727
2.950572 0.066902
2.952252 0.067078
2.953934 0.067078
2.955618 0.067078
2.957304 0.067253
2.958992 0.067428
2.960681 0.06756
2.962373 0.067823
2.964067 0.067998
2.965763 0.067998
2.96746 0.068042
2.96916 0.068304
2.970861 0.068611
2.972565 0.068699
2.974271 0.068699
2.975978 0.068743
2.977687 0.069005
2.979398 0.069225
2.981112 0.069312
2.982827 0.069444
2.984544 0.0694
2.986264 0.0694
2.987985 0.069619
2.989709 0.069706
2.991434 0.069838
2.993161 0.069838
2.99489 0.06975
2.996621 0.069969
2.998354 0.070232
3.000089 0.070451
3.001826 0.070627
3.003565 0.070758
3.005306 0.070714
3.00705 0.070539
3.008795 0.070495
3.010542 0.070714
3.012291 0.070714
3.014043 0.07067
3.015796 0.070495
3.017552 0.070495
3.019309 0.070539
3.021069 0.070539
3.02283 0.070495
3.024594 0.070539
3.02636 0.070451
3.028127 0.070364
3.029897 0.070407
3.031669 0.070407
3.033443 0.070407
3.035219 0.070407
3.036998 0.070495
3.038778 0.070495
3.04056 0.070495
3.042344 0.070539
3.04413 0.070539
3.045919 0.070627
3.047709 0.070627
3.049502 0.070495
3.051297 0.070495
3.053094 0.070539
3.054893 0.070714
3.056694 0.070758
3.058498 0.070802
3.060303 0.070889
3.062111 0.071021
3.063921 0.071152
3.065733 0.071415
3.067547 0.071547
3.069363 0.071634
3.071181 0.071722
3.073001 0.071766
3.074824 0.071897
3.076649 0.072072
3.078476 0.072248
3.080305 0.072379
3.082136 0.072598
3.08397 0.072861
3.085805 0.07308
3.087644 0.073255
3.089484 0.073474
3.091326 0.07365
3.093171 0.073825
3.095017 0.074044
3.096866 0.074175
3.098717 0.074394
3.10057 0.074745
3.102426 0.075052
3.104284 0.075402
3.106144 0.075709
3.108006 0.075972
3.109871 0.076147
3.111737 0.076454
3.113606 0.076804
3.115477 0.077198
3.11735 0.077637
3.119226 0.077943
3.121104 0.078119
3.122984 0.078338
3.124866 0.078644
3.126751 0.079082
3.128638 0.079521
3.130527 0.079827
3.132419 0.080046
3.134313 0.080309
3.136209 0.080704
3.138108 0.081098
3.140008 0.081448
3.141912 0.081755
3.143817 0.082018
3.145725 0.082193
3.147635 0.082544
3.149547 0.08285
3.151462 0.083157
3.153378 0.083464
3.155298 0.083858
3.157219 0.084077
3.159143 0.084296
3.16107 0.084603
3.162998 0.084953
3.164929 0.08526
3.166862 0.085698
3.168798 0.086136
3.170736 0.086355
3.172677 0.086618
3.174619 0.086969
3.176565 0.087188
3.178513 0.087451
3.180463 0.087714
3.182415 0.08802
3.18437 0.088327
3.186327 0.088677
3.188287 0.088984
3.190248 0.089116
3.192213 0.089247
3.19418 0.089554
3.196149 0.089817
3.198121 0.09008
3.200095 0.09043
3.202072 0.090649
3.204051 0.090824
3.206032 0.091
3.208016 0.091262
3.210002 0.091482
3.211991 0.091657
3.213982 0.091744
3.215976 0.091832
3.217972 0.092007
3.219971 0.092183
3.221972 0.092402
3.223976 0.092664
3.225982 0.092752
3.227991 0.092796
3.230002 0.092971
3.232016 0.093015
3.234032 0.093015
3.236051 0.093015
3.238072 0.093059
3.240096 0.093059
3.242123 0.092971
3.244152 0.092927
3.246183 0.092927
3.248217 0.092927
3.250253 0.092971
3.252293 0.092971
3.254334 0.092752
3.256378 0.092621
3.258425 0.092664
3.260474 0.092577
3.262526 0.092577
3.26458 0.092489
3.266638 0.092489
3.268697 0.092445
3.27076 0.092358
3.272825 0.092183
3.274892 0.092051
3.276962 0.092051
3.279035 0.092139
3.28111 0.092095
3.283188 0.09192
3.285269 0.09192
3.287352 0.091832
3.289438 0.091569
3.291526 0.091306
3.293617 0.091087
3.295711 0.090868
3.297807 0.090649
3.299906 0.090386
3.302008 0.089992
3.304113 0.089554
3.30622 0.089028
3.30833 0.088371
3.310443 0.087626
3.312558 0.086925
3.314676 0.086224
3.316797 0.085567
3.31892 0.085041
3.321046 0.084603
3.323175 0.084165
3.325307 0.083902
3.327442 0.08377
3.329579 0.083683
3.331719 0.083595
3.333861 0.083508
3.336007 0.083595
3.338155 0.08377
3.340306 0.083989
3.342458 0.084252
3.344615 0.084428
3.346774 0.084559
3.348936 0.084734
3.351101 0.085041
3.353268 0.085304
3.355439 0.085392
3.357612 0.085611
3.359789 0.085786
3.361968 0.086005
3.364149 0.086224
3.366334 0.086399
3.368521 0.086662
3.370711 0.086925
3.372904 0.087144
3.3751 0.087319
3.3773 0.08767
3.379501 0.087976
3.381706 0.088152
3.383913 0.088415
3.386123 0.088809
3.388336 0.089159
3.390553 0.08951
3.392771 0.08986
3.394992 0.090167
3.397217 0.090386
3.399445 0.090561
3.401675 0.090781
3.403909 0.091
3.406146 0.091131
3.408385 0.091306
3.410627 0.091569
3.412873 0.091744
3.415121 0.091744
3.417372 0.091788
3.419626 0.09192
3.421884 0.09192
3.424144 0.091963
3.426407 0.092139
3.428673 0.092095
3.430943 0.092051
3.433215 0.092051
3.43549 0.092139
3.437768 0.092139
3.440049 0.092051
3.442333 0.091963
3.444621 0.09192
3.446911 0.091832
3.449204 0.091744
3.4515 0.091701
3.4538 0.091657
3.456102 0.091569
3.458408 0.091482
3.460716 0.091306
3.463028 0.091219
3.465343 0.091306
3.467662 0.091306
3.469983 0.091394
3.472307 0.091482
3.474634 0.091525
3.476965 0.091525
3.479298 0.091613
3.481635 0.091744
3.483975 0.092007
3.486317 0.092226
3.488663 0.092402
3.491012 0.092577
3.493365 0.092796
3.49572 0.093103
3.498079 0.093365
3.500441 0.093628
3.502806 0.093935
3.505175 0.094198
3.507547 0.094461
3.509921 0.094767
3.512299 0.095293
3.514681 0.095819
3.517065 0.096213
3.519453 0.096564
3.521844 0.097133
3.524238 0.097791
3.526636 0.098535
3.529036 0.099324
3.53144 0.099981
3.533848 0.100682
3.536258 0.101646
3.538672 0.102522
3.541089 0.103355
3.543509 0.1041
3.545932 0.104888
3.548359 0.105721
3.55079 0.106466
3.553223 0.107254
3.55566 0.107955
3.558101 0.108569
3.560545 0.109138
3.562992 0.109708
3.565443 0.110277
3.567896 0.110803
3.570354 0.111416
3.572814 0.111986
3.575278 0.112468
3.577746 0.112906
3.580216 0.113519
3.582691 0.114045
3.585169 0.114527
3.58765 0.115009
3.590135 0.115491
3.592623 0.115842
3.595114 0.116192
3.597609 0.116586
3.600107 0.116981
3.602608 0.117331
3.605114 0.117638
3.607622 0.117945
3.610135 0.118295
3.61265 0.118558
3.61517 0.118733
3.617692 0.118996
3.620219 0.119128
3.622749 0.119303
3.625283 0.119609
3.627819 0.119741
3.63036 0.119916
3.632904 0.120179
3.635452 0.120354
3.638003 0.12053
3.640558 0.120705
3.643116 0.12088
3.645679 0.120924
3.648244 0.121055
3.650813 0.121231
3.653386 0.121362
3.655962 0.121537
3.658543 0.121581
3.661126 0.121625
3.663713 0.121756
3.666304 0.121888
3.668898 0.121932
3.671497 0.122063
3.674099 0.122107
3.676705 0.122194
3.679314 0.122238
3.681927 0.122282
3.684544 0.122326
3.687165 0.12237
3.689789 0.122413
3.692417 0.122457
3.695049 0.122413
3.697685 0.12237
3.700324 0.122326
3.702967 0.12237
3.705615 0.122326
3.708265 0.122282
3.71092 0.122282
3.713578 0.122238
3.71624 0.122151
3.718906 0.122063
3.721576 0.121932
3.724249 0.121844
3.726926 0.121844
3.729607 0.121844
3.732292 0.121756
3.734981 0.121625
3.737674 0.12145
3.740371 0.121318
3.743071 0.121099
3.745776 0.120968
3.748485 0.120749
3.751197 0.120486
3.753913 0.120179
3.756634 0.119916
3.759358 0.119478
3.762086 0.118908
3.764818 0.11812
3.767554 0.117331
3.770293 0.116499
3.773037 0.115579
3.775785 0.114527
3.778537 0.113476
3.781293 0.112643
3.784053 0.111811
3.786817 0.110978
3.789586 0.110233
3.792358 0.109576
3.795134 0.108919
3.797915 0.108306
3.800699 0.107692
3.803488 0.107035
3.80628 0.106509
3.809077 0.106027
3.811877 0.105677
3.814683 0.105283
3.817492 0.104888
3.820305 0.104625
3.823123 0.104406
3.825944 0.104363
3.82877 0.104363
3.8316 0.104275
3.834434 0.104231
3.837271 0.104231
3.840113 0.104494
3.84296 0.104844
3.845811 0.105239
3.848666 0.105589
3.851525 0.105984
3.854389 0.106466
3.857257 0.106816
3.86013 0.106991
3.863006 0.107123
3.865887 0.107035
3.868772 0.106904
3.871661 0.106466
3.874554 0.10594
3.877452 0.105502
3.880355 0.105064
3.883262 0.104582
3.886173 0.104143
3.889088 0.103881
3.892008 0.103662
3.894932 0.103442
3.897861 0.103223
3.900793 0.103004
3.903731 0.102785
3.906672 0.10261
3.909618 0.102435
3.912569 0.102303
3.915524 0.102084
3.918483 0.101821
3.921447 0.101602
3.924416 0.101339
3.927389 0.101033
3.930367 0.100726
3.933349 0.100507
3.936336 0.100244
3.939327 0.099937
3.942322 0.099675
3.945323 0.099412
3.948327 0.099017
3.951337 0.098623
3.954351 0.09836
3.95737 0.098141
3.960393 0.097966
3.963421 0.097791
3.966453 0.097484
3.96949 0.097309
3.972532 0.097221
3.975579 0.097133
3.978629 0.097046
3.981685 0.097046
3.984745 0.097046
3.98781 0.097177
3.99088 0.09744
3.993955 0.097615
3.997034 0.097834
4.000118 0.098185
4.003208 0.098667
4.006302 0.099236
4.0094 0.099894
4.012504 0.100551
4.015612 0.101208
4.018724 0.101953
4.021842 0.102698
4.024965 0.103442
4.028091 0.104187
4.031223 0.104932
4.03436 0.105677
4.037502 0.106466
4.040649 0.107254
4.043801 0.108043
4.046958 0.108831
4.050119 0.10962
4.053287 0.110453
4.056458 0.111197
4.059635 0.111855
4.062816 0.112556
4.066003 0.113169
4.069194 0.113782
4.072391 0.11422
4.075593 0.114702
4.078799 0.115272
4.082011 0.115885
4.085227 0.116323
4.088449 0.116718
4.091676 0.117112
4.094908 0.117506
4.098145 0.117901
4.101388 0.118295
4.104634 0.118646
4.107887 0.118952
4.111144 0.119215
4.114407 0.119566
4.117675 0.119829
4.120948 0.11996
4.124227 0.120179
4.12751 0.120398
4.130799 0.120573
4.134094 0.120705
4.137393 0.120792
4.140697 0.120924
4.144008 0.121143
4.147323 0.121231
4.150643 0.121274
4.153969 0.121318
4.157301 0.121493
4.160638 0.121581
4.16398 0.121537
4.167327 0.121581
4.17068 0.121756
4.174038 0.1218
4.177401 0.121888
4.18077 0.121975
4.184143 0.121975
4.187523 0.122063
4.190908 0.122107
4.194299 0.122238
4.197695 0.122457
4.201097 0.122589
4.204504 0.122589
4.207917 0.122633
4.211336 0.122852
4.214759 0.123027
4.218189 0.123158
4.221624 0.123334
4.225064 0.123465
4.22851 0.123509
4.231962 0.123465
4.23542 0.123421
4.238883 0.123334
4.242352 0.123202
4.245827 0.123071
4.249307 0.122939
4.252793 0.122676
4.256284 0.122501
4.259782 0.122413
4.263285 0.122545
4.266792 0.122676
4.270307 0.122808
4.273828 0.122764
4.277354 0.122895
4.280886 0.122983
4.284424 0.122939
4.287968 0.122808
4.291517 0.12272
4.295074 0.122676
4.298635 0.122633
4.302202 0.122457
4.305776 0.12237
4.309355 0.12237
4.31294 0.122326
4.316531 0.122194
4.320128 0.122151
4.323732 0.122063
4.327342 0.121975
4.330956 0.121932
4.334578 0.121932
4.338205 0.121888
4.341838 0.121888
4.345478 0.121888
4.349123 0.121932
4.352774 0.1218
4.356431 0.121756
4.360096 0.121669
4.363765 0.121669
4.367442 0.121669
4.371124 0.121625
4.374813 0.121493
4.378508 0.121362
4.38221 0.121231
4.385918 0.121143
4.389631 0.120968
4.393351 0.120705
4.397078 0.12053
4.40081 0.120354
4.404549 0.120135
4.408295 0.119872
4.412045 0.119609
4.415803 0.119434
4.419568 0.119215
4.423338 0.118952
4.427116 0.118646
4.4309 0.118339
4.43469 0.118032
4.438487 0.117769
4.442291 0.117463
4.446101 0.117287
4.449917 0.117024
4.45374 0.116718
4.45757 0.116411
4.461406 0.116236
4.465249 0.116104
4.469098 0.116061
4.472954 0.116061
4.476817 0.116017
4.480686 0.116061
4.484562 0.116104
4.488445 0.116192
4.492334 0.116367
4.496231 0.116499
4.500134 0.116674
4.504043 0.116805
4.507959 0.116893
4.511883 0.117024
4.515813 0.117024
4.51975 0.116937
4.523694 0.116849
4.527645 0.11663
4.531602 0.116455
4.535568 0.116236
4.539539 0.116061
4.543518 0.115798
4.547503 0.115491
4.551496 0.115184
4.555496 0.114921
4.559502 0.114615
4.563516 0.11422
4.567537 0.113826
4.571565 0.113519
4.5756 0.113169
4.579642 0.112818
4.583691 0.112336
4.587747 0.111898
4.591811 0.111416
4.595881 0.111022
4.599958 0.110628
4.604044 0.110058
4.608136 0.109532
4.612236 0.109094
4.616343 0.108481
4.620458 0.107868
4.624579 0.107298
4.628708 0.10686
4.632845 0.106422
4.636989 0.105808
4.64114 0.105326
4.645299 0.104932
4.649466 0.104625
4.653639 0.104363
4.65782 0.1041
4.662009 0.103837
4.666206 0.10353
4.67041 0.103311
4.674621 0.103223
4.67884 0.103136
4.683066 0.10318
4.687301 0.103355
4.691543 0.103662
4.695792 0.103837
4.700048 0.104012
4.704313 0.104275
4.708586 0.104538
4.712867 0.104669
4.717155 0.104801
4.721451 0.104844
4.725755 0.104844
4.730067 0.104801
4.734388 0.104713
4.738715 0.104582
4.743051 0.104363
4.747394 0.104143
4.751746 0.103881
4.756105 0.103618
4.760472 0.103355
4.764848 0.103048
4.769232 0.102741
4.773623 0.102303
4.778023 0.101953
4.782431 0.101646
4.786847 0.101208
4.791271 0.100814
4.795703 0.100419
4.800144 0.100025
4.804591 0.099631
4.809048 0.099236
4.813513 0.09893
4.817986 0.098535
4.822468 0.097966
4.826958 0.097572
4.831457 0.097265
4.835964 0.096871
4.84048 0.096345
4.845004 0.095907
4.849536 0.095425
4.854077 0.094987
4.858626 0.094548
4.863184 0.09411
4.867751 0.093541
4.872326 0.093015
4.876908 0.092402
4.8815 0.091701
4.886101 0.091
4.89071 0.090342
4.895329 0.089641
4.899956 0.088897
4.904591 0.088064
4.909236 0.087363
4.91389 0.086706
4.918552 0.086049
4.923223 0.085392
4.927903 0.084822
4.932591 0.084384
4.937289 0.083989
4.941996 0.083595
4.946712 0.083113
4.951437 0.082675
4.956171 0.082281
4.960914 0.081711
4.965665 0.081098
4.970426 0.080528
4.975196 0.080046
4.979976 0.079477
4.984764 0.079039
4.989561 0.078688
4.994367 0.078469
4.999184 0.07825
5.004009 0.077987
5.008844 0.077812
5.013688 0.077768
5.018541 0.077724
5.023404 0.077637
5.028277 0.077461
5.033159 0.077242
5.038051 0.077111
5.042951 0.076979
5.047862 0.076848
5.052782 0.076673
5.057711 0.07641
5.06265 0.076147
5.0676 0.075884
5.072558 0.075621
5.077527 0.075315
5.082504 0.075095
5.087492 0.074833
5.09249 0.07457
5.097497 0.074526
5.102514 0.074482
5.10754 0.074394
5.112577 0.074307
5.117624 0.074132
5.122681 0.073956
5.127748 0.073781
5.132825 0.073606
5.137912 0.073474
5.143009 0.073343
5.148117 0.073299
5.153234 0.072992
5.158362 0.072642
5.1635 0.072291
5.168648 0.071985
5.173806 0.071678
5.178975 0.071284
5.184154 0.070889
5.189344 0.070451
5.194544 0.070101
5.199754 0.069794
5.204975 0.069312
5.210206 0.069005
5.215447 0.068567
5.2207 0.067735
5.225963 0.067034
5.231235 0.066377
5.236519 0.065807
5.241814 0.065106
5.247119 0.064449
5.252435 0.063748
5.257762 0.062959
5.2631 0.062258
5.268449 0.061645
5.273809 0.061075
5.27918 0.060462
5.284561 0.059892
5.289953 0.059498
5.295357 0.058928
5.300771 0.058403
5.306197 0.058008
5.311634 0.05757
5.31708 0.057132
5.322538 0.056738
5.328009 0.056343
5.33349 0.055993
5.338983 0.055642
5.344487 0.055467
5.350003 0.055423
5.355529 0.054941
5.361069 0.054416
5.366619 0.054153
5.37218 0.054021
5.377753 0.05389
5.383337 0.053715
5.388933 0.053583
5.394541 0.053364
5.40016 0.053189
5.405792 0.05297
5.411435 0.052707
5.417089 0.052619
5.422756 0.052444
5.428434 0.051524
5.434124 0.050735
5.439826 0.05021
5.44554 0.049596
5.451264 0.048895
5.457003 0.048238
5.462753 0.047756
5.468515 0.04688
5.47429 0.046004
5.480077 0.045215
5.485876 0.044251
5.491687 0.043462
5.497512 0.042805
5.503348 0.042192
5.509196 0.041666
5.515058 0.041228
5.520931 0.040834
5.526816 0.040439
5.532715 0.040089
5.538626 0.03987
5.544551 0.03987
5.550487 0.039957
5.556436 0.039957
5.562398 0.03987
5.568373 0.039957
5.57436 0.04022
5.58036 0.040483
5.586374 0.040264
5.592398 0.040133
5.598437 0.040133
5.604489 0.040133
5.610555 0.040133
5.616633 0.040133
5.622725 0.040045
5.62883 0.040089
5.634949 0.040352
5.641082 0.040921
5.647227 0.040878
5.653385 0.040746
5.659557 0.040746
5.665742 0.04079
5.671941 0.041097
5.678154 0.041184
5.68438 0.041097
5.69062 0.041228
5.696874 0.041097
5.703141 0.04114
5.709422 0.041491
5.715717 0.041491
5.722026 0.041272
5.728348 0.041009
5.734685 0.041009
5.741033 0.04114
5.747398 0.041228
5.753777 0.040921
5.76017 0.041228
5.766577 0.041798
5.772999 0.041228
5.779435 0.040834
5.785885 0.040702
5.792351 0.040658
5.798831 0.040702
5.805324 0.040702
5.811832 0.040921
5.818355 0.041579
5.824893 0.04171
5.831445 0.041184
5.838012 0.040746
5.844594 0.040615
5.851191 0.040658
5.857803 0.04079
5.864429 0.040834
5.871071 0.040746
5.877727 0.041535
5.884399 0.041403
5.891086 0.040921
5.897785 0.040965
5.904502 0.040045
5.911235 0.039651
5.917983 0.039519
5.924747 0.039388
5.931525 0.039914
5.93832 0.040264
5.94513 0.0393
5.951957 0.038774
5.958798 0.038555
5.965655 0.038818
5.972528 0.038555
5.979417 0.038073
5.986322 0.03803
5.993242 0.037635
6.000179 0.036934
6.00713 0.036671
6.014098 0.036628
6.021083 0.03619
6.028085 0.035883
6.035102 0.035795
6.042136 0.036452
6.049186 0.037241
6.056253 0.036102
6.063337 0.035489
6.070437 0.035751
6.077554 0.035576
6.084687 0.03505
6.091837 0.034788
6.099004 0.034568
6.106188 0.034788
6.113389 0.035182
6.120608 0.034744
6.127842 0.034262
6.135094 0.034218
6.142364 0.034481
6.14965 0.034568
6.156953 0.034831
6.164274 0.035007
6.171613 0.03505
6.178967 0.035664
6.18634 0.036277
6.193731 0.03619
6.201139 0.036277
6.208566 0.036715
6.216011 0.037197
6.223473 0.037548
6.230953 0.037986
6.238452 0.038512
6.245968 0.038994
6.253502 0.039563
6.261055 0.040308
6.268626 0.041097
6.276215 0.041841
6.283823 0.042674
6.291449 0.043638
6.299095 0.044689
6.306758 0.045785
6.31444 0.046924
6.32214 0.048107
6.32986 0.049377
6.337598 0.051349
6.345355 0.05332
6.353131 0.053934
6.360924 0.055204
6.368739 0.057176
6.376572 0.058447
6.384425 0.059805
6.392297 0.061645
6.400189 0.063704
6.4081 0.067209
6.416031 0.069356
6.423983 0.068392
6.431953 0.068129
6.439943 0.068042
6.447953 0.068085
6.455982 0.068173
6.464032 0.068217
6.472102 0.068655
6.480192 0.069225
6.488305 0.070188
6.496436 0.069663
6.504587 0.06756
6.512758 0.066771
6.52095 0.066771
6.529163 0.065719
6.537397 0.065062
6.545651 0.064887
6.553923 0.064756
6.562219 0.064624
6.570536 0.064931
6.578875 0.064011
6.587234 0.063135
6.595614 0.06239
6.604017 0.061513
6.61244 0.061119
6.620886 0.0609
6.629353 0.061557
6.637841 0.061776
6.646351 0.059849
6.654883 0.058359
6.663437 0.057921
6.672013 0.057746
6.680611 0.057351
6.689233 0.0563
6.697875 0.05538
6.70654 0.055073
6.715228 0.054591
6.723937 0.053759
6.73267 0.052926
6.741425 0.052357
6.750203 0.052094
6.759001 0.051656
6.767824 0.051436
6.776671 0.051305
6.785541 0.051393
6.794435 0.050911
6.803351 0.049859
6.812291 0.049377
6.821255 0.049421
6.830244 0.049158
6.839254 0.048457
6.848289 0.04837
6.857347 0.048895
6.86643 0.048545
6.875537 0.047187
6.884668 0.046529
6.893823 0.046135
6.902999 0.045872
6.912203 0.045434
6.921432 0.044908
6.930685 0.04447
6.939963 0.04412
6.949265 0.044076
6.958593 0.044383
6.967947 0.043988
6.977327 0.043506
6.98673 0.043506
6.996159 0.043594
7.005613 0.043682
7.015093 0.043988
7.024599 0.044251
7.03413 0.044602
7.043687 0.045259
7.053272 0.04539
7.062882 0.045259
7.072517 0.045434
7.082179 0.045697
7.091867 0.045785
7.101583 0.045785
7.111324 0.045653
7.121092 0.045259
7.130883 0.044645
7.140706 0.044207
7.150555 0.043594
7.160431 0.042893
7.170335 0.042192
7.180266 0.041272
7.190225 0.040527
7.200211 0.040133
7.210228 0.039651
7.22027 0.039037
7.23034 0.038731
7.240438 0.038424
7.250565 0.038073
7.26072 0.037898
7.270903 0.037854
7.281115 0.037635
7.291358 0.037285
7.301627 0.03711
7.311926 0.037022
7.322253 0.036934
7.33261 0.036891
7.342996 0.036715
7.353412 0.036452
7.363857 0.036233
7.374328 0.036058
7.384833 0.035839
7.395367 0.035708
7.405932 0.035576
7.416527 0.035445
7.427153 0.035269
7.437809 0.035182
7.448495 0.035094
7.459215 0.035094
7.469963 0.034919
7.480742 0.034656
7.491552 0.034437
7.502394 0.034174
7.513267 0.033911
7.524172 0.033736
7.535108 0.033692
7.546078 0.033561
7.557078 0.033342
7.56811 0.033166
7.579175 0.032991
7.590272 0.032772
7.601401 0.032597
7.612564 0.032465
7.623759 0.032246
7.634982 0.032071
7.646243 0.031983
7.657537 0.03194
7.668865 0.03194
7.680227 0.031896
7.691622 0.031764
7.703051 0.031589
7.714513 0.031502
7.726013 0.031458
7.737544 0.031414
7.74911 0.031414
7.76071 0.03137
7.772346 0.031239
7.784016 0.031107
7.795721 0.03102
7.807461 0.03102
7.819234 0.03102
7.831045 0.030976
7.842893 0.030932
7.854775 0.030976
7.866695 0.03102
7.87865 0.030976
7.890642 0.031107
7.90267 0.031326
7.914737 0.031458
7.926839 0.031633
7.938978 0.031721
7.951155 0.031852
7.963368 0.031983
7.97562 0.032159
7.987909 0.03229
8.000236 0.032422
8.012604 0.032553
8.025007 0.032684
8.03745 0.03286
8.04993 0.033035
8.062449 0.033254
8.075007 0.033473
8.087605 0.033692
8.100242 0.033867
8.112914 0.034086
8.12563 0.034349
8.138387 0.034612
8.151183 0.034875
8.16402 0.03505
8.176896 0.035182
8.189815 0.035182
8.202773 0.035138
8.215774 0.03505
8.228815 0.035007
8.241898 0.034875
8.255021 0.034656
8.268188 0.034393
8.281395 0.034174
8.294645 0.033999
8.307939 0.033867
8.321277 0.03378
8.334655 0.033648
8.348077 0.033561
8.361541 0.033561
8.37505 0.033517
8.388601 0.033605
8.402197 0.033561
8.415837 0.033648
8.429516 0.033824
8.443245 0.034086
8.457019 0.034437
8.470837 0.034875
8.484701 0.035313
8.49861 0.035883
8.512566 0.036628
8.526567 0.037416
8.540616 0.038336
8.554709 0.039476
8.56885 0.040571
8.583036 0.041622
8.59727 0.042542
8.611551 0.043375
8.62588 0.044777
8.640257 0.047099
8.654684 0.049815
8.669156 0.052006
8.683678 0.053583
8.698248 0.054854
8.712867 0.055862
8.727534 0.056563
8.742252 0.057088
8.75702 0.05757
8.771832 0.057877
8.786699 0.058227
8.801618 0.058578
8.816586 0.058753
8.831606 0.058797
8.846677 0.058797
8.861799 0.058928
8.876974 0.059104
8.892203 0.059279
8.907482 0.05941
8.922813 0.059717
8.938197 0.060287
8.953634 0.0609
8.969126 0.061732
8.98467 0.062915
9.000268 0.064537
9.015924 0.066464
9.031631 0.068874
9.047393 0.071328
9.06321 0.073518
9.079082 0.075227
9.095011 0.076717
9.110995 0.078162
9.127035 0.079214
9.143127 0.080046
9.159282 0.080572
9.175492 0.08066
9.191761 0.080353
9.208088 0.079521
9.224472 0.078381
9.240915 0.077155
9.257417 0.076191
9.27398 0.076147
9.290601 0.077505
9.307281 0.080265
9.32402 0.083639
9.34082 0.087056
9.35768 0.089992
9.374602 0.092445
9.391585 0.094461
9.408624 0.09617
9.42573 0.097703
9.442899 0.099061
9.460131 0.100332
9.477425 0.101471
9.494783 0.102303
9.512204 0.103048
9.52969 0.103837
9.547244 0.104976
9.564858 0.106027
9.582539 0.106816
9.600284 0.107517
9.618095 0.10835
9.635973 0.109138
9.653916 0.109795
9.671927 0.110496
9.690009 0.111373
9.708156 0.112161
9.72637 0.113038
9.744653 0.11387
9.763004 0.114571
9.781425 0.115184
9.799915 0.115929
9.818476 0.116586
9.837101 0.1172
9.855803 0.117463
9.874576 0.117594
9.89342 0.117419
9.912336 0.116893
9.931326 0.115973
9.950388 0.114615
9.969523 0.112775
9.988736 0.110934
10.008019 0.108875
10.027377 0.106203
10.04681 0.103136
10.066319 0.1002
10.085902 0.09744
10.105563 0.094943
10.1253 0.092884
10.145119 0.091306
10.165011 0.090036
10.184982 0.089116
10.205031 0.088239
10.22516 0.087451
10.245367 0.086837
10.265656 0.086355
10.286023 0.085742
10.306466 0.085172
10.326997 0.084647
10.34761 0.083814
10.368304 0.082807
10.389083 0.081667
10.409945 0.080222
10.43089 0.078338
10.45192 0.076016
10.473039 0.073343
10.49424 0.070451
10.515526 0.067516
10.536899 0.064756
10.558359 0.062214
10.579906 0.059717
10.601542 0.057395
10.623267 0.055248
10.645084 0.053408
10.666988 0.051699
10.688982 0.050078
10.711066 0.048676
10.733243 0.047449
10.755511 0.046486
10.777872 0.046004
10.800325 0.045828
10.822865 0.045828
10.845508 0.046267
10.868244 0.046924
10.891077 0.047581
10.914005 0.048238
10.937031 0.048632
10.960154 0.048851
10.983374 0.049071
11.006698 0.049114
11.030116 0.049202
11.053635 0.049421
11.077253 0.049509
11.100973 0.049377
11.124795 0.049246
11.14872 0.049333
11.172747 0.049465
11.196871 0.049991
11.221107 0.050955
11.245447 0.05148
11.269894 0.051436
11.294447 0.051174
11.319107 0.050735
11.343875 0.050297
11.368752 0.049859
11.393744 0.049465
11.418839 0.048895
11.444047 0.04815
11.469365 0.047537
11.494797 0.04688
11.52034 0.04596
11.545999 0.044908
11.571771 0.043769
11.597663 0.042586
11.623667 0.041359
11.649787 0.04022
11.676025 0.039432
11.702382 0.038774
11.728858 0.037986
11.755454 0.037197
11.782171 0.036452
11.809002 0.035708
11.835962 0.035138
11.863048 0.034831
11.890256 0.034612
11.91759 0.034262
11.94505 0.034086
11.972636 0.033911
12.000351 0.033517
12.028198 0.032904
12.056171 0.032422
12.084274 0.032027
12.112508 0.031677
12.140875 0.031195
12.169374 0.030669
12.198009 0.030056
12.226777 0.029705
12.255688 0.029399
12.28473 0.028873
12.31391 0.02861
12.343228 0.028698
12.372687 0.028741
12.402287 0.02896
12.432029 0.029092
12.461913 0.028917
12.491931 0.028654
12.522105 0.028172
12.552425 0.027295
12.582892 0.026463
12.613507 0.025937
12.644272 0.025674
12.675187 0.025631
12.706254 0.025806
12.737479 0.026288
12.768852 0.027033
12.80038 0.027996
12.832064 0.028829
12.863906 0.029311
12.895905 0.029486
12.928064 0.029442
12.960384 0.029092
12.992874 0.028435
13.025519 0.027865
13.05833 0.027339
13.091305 0.026989
13.124448 0.026638
13.157759 0.026463
13.191238 0.0262
13.22489 0.02585
13.258701 0.02528
13.292698 0.024798
13.326869 0.024185
13.361217 0.02379
13.395742 0.023484
13.430446 0.023089
13.46533 0.022651
13.500397 0.022345
13.535651 0.021906
13.571085 0.021118
13.606705 0.020242
13.642511 0.019584
13.678508 0.019059
13.714694 0.01884
13.751073 0.018927
13.787644 0.018971
13.82442 0.018927
13.861383 0.018664
13.898545 0.018358
13.935907 0.01827
13.97347 0.018226
14.011236 0.018314
14.049208 0.018752
14.087384 0.019584
14.125755 0.020592
14.16435 0.021118
14.203156 0.021512
14.242176 0.021775
14.281411 0.021863
14.320862 0.021731
14.360532 0.021512
14.400422 0.021512
14.440542 0.021512
14.48088 0.021337
14.521442 0.021249
14.562233 0.021074
14.603253 0.020811
14.644506 0.020724
14.685991 0.020724
14.727713 0.020636
14.76966 0.020329
14.811859 0.020066
14.8543 0.020023
14.896984 0.019891
14.939916 0.019803
14.983094 0.019847
15.026524 0.019847
15.070205 0.019935
15.11415 0.020066
15.158343 0.020154
15.202796 0.020154
15.24751 0.019847
15.292488 0.019541
15.337732 0.019059
15.383245 0.018533
15.429028 0.01827
15.475092 0.018007
15.521424 0.017876
15.568036 0.017569
15.614927 0.017525
15.662103 0.017438
15.709563 0.01735
15.757313 0.017394
15.805353 0.017438
15.853672 0.017438
15.902304 0.01735
15.951234 0.017087
16.000465 0.01678
16.050003 0.016693
16.099848 0.016605
16.150003 0.016605
16.200472 0.016693
16.251265 0.01678
16.30237 0.017087
16.353796 0.017481
16.405548 0.018095
16.45763 0.019146
16.510042 0.020329
16.56279 0.021906
16.615877 0.024185
16.669313 0.027164
16.723085 0.030231
16.777206 0.032991
16.831676 0.035927
16.886503 0.03895
16.941689 0.041885
16.997234 0.044383
17.053146 0.046661
17.109409 0.04872
17.166063 0.050122
17.223093 0.051568
17.280504 0.05297
17.338299 0.054328
17.396481 0.055467
17.455055 0.056256
17.514025 0.05665
17.573404 0.057001
17.633179 0.057702
17.693359 0.058227
17.753954 0.058315
17.814964 0.058578
17.876394 0.059367
17.938251 0.060681
18.000536 0.062477
18.063269 0.064317
18.126427 0.066596
18.190027 0.069005
18.254078 0.071021
18.318579 0.073168
18.383539 0.075665
18.448961 0.078425
18.514851 0.080572
18.58119 0.082368
18.648029 0.084033
18.715351 0.086136
18.783159 0.088152
18.851461 0.089817
18.920263 0.09135
18.989569 0.093409
19.059383 0.096389
19.129725 0.100419
19.200575 0.104625
19.271952 0.109051
19.343863 0.113432
19.416311 0.116805
19.489305 0.120048
19.562849 0.123202
19.636951 0.124911
19.711594 0.126576
19.786827 0.128022
19.862638 0.129161
19.939034 0.130168
20.016018 0.130362
20.093599 0.131927
20.171785 0.132231
20.250582 0.133013
20.330009 0.134181
20.410049 0.135723
20.490723 0.136248
20.572035 0.135909
20.653994 0.135407
20.73661 0.135676
20.819889 0.135571
20.903841 0.133866
20.988487 0.133293
21.073807 0.131448
21.159821 0.127898
21.246542 0.124744
21.333977 0.120797
21.422132 0.115156
21.511023 0.110823
21.600651 0.108604
21.691 0.10656
21.782139 0.103628
21.874046 0.099459
21.966734 0.094764
22.060209 0.093514
22.154484 0.093573
22.249567 0.093001
22.34547 0.09272
22.442221 0.09105
22.539797 0.089567
22.638224 0.089987
22.737514 0.091704
22.837679 0.094379
22.93873 0.095862
23.04068 0.098279
23.143541 0.100884
23.247343 0.102776
23.35206 0.104423
23.457727 0.105252
23.564352 0.103839
23.671953 0.10065
23.78054 0.097123
23.890127 0.094367
24.000731 0.091447
24.112324 0.089345
24.224998 0.088866
24.338732 0.087032
24.453537 0.084965
24.569429 0.084078
24.686426 0.083681
24.804543 0.083984
24.923796 0.086086
25.044222 0.087511
25.165796 0.08799
25.288555 0.088189
25.412519 0.086974
25.537704 0.084662
25.664127 0.082338
25.791811 0.081193
25.920769 0.080399
26.051052 0.079336
26.182623 0.078448
26.315529 0.077257
26.449793 0.076965
26.585432 0.07693
26.722471 0.076498
26.860929 0.076253
27.00083 0.075856
27.142149 0.076148
27.285002 0.076031
27.429367 0.075225
27.575268 0.07401
27.722729 0.072644
27.871777 0.070985
28.022434 0.07039
28.17473 0.071336
28.328716 0.072387
28.484369 0.074244
28.641743 0.074875
28.800863 0.075155
28.961761 0.076369
29.124468 0.076416
29.289013 0.075762
29.455427 0.075902
29.623777 0.076031
29.794029 0.075809
29.966249 0.076626
30.140471 0.07728
30.316732 0.077117
30.495066 0.077245
30.67551 0.077222
30.858103 0.077561
31.04282 0.077736
31.229824 0.076872
31.419096 0.07714
31.610676 0.077432
31.804607 0.076965
32.000931 0.076323
32.199696 0.075867
32.400944 0.075143
32.604759 0.073426
32.811115 0.071534
33.020103 0.070203
33.231773 0.070729
33.446171 0.070799
33.663353 0.069304
33.883377 0.067832
34.106293 0.067867
34.332088 0.068334
34.560966 0.068568
34.792919 0.069315
35.028008 0.069666
35.266293 0.068977
35.507843 0.067809
35.752724 0.067739
36.001007 0.067634
36.252811 0.067295
36.508114 0.067143
36.767036 0.067131
37.029659 0.066828
37.296059 0.06608
37.566319 0.066547
37.840527 0.067435
38.118767 0.066092
38.40118 0.064177
38.687756 0.064282
38.978642 0.064585
39.273933 0.064025
39.573734 0.064398
39.878147 0.064387
40.187283 0.063709
40.501244 0.063744
40.820042 0.063055
41.144012 0.062682
41.473164 0.062028
41.807625 0.062448
42.147522 0.062471
42.492992 0.060322
42.844173 0.060416
43.20121 0.060976
43.564312 0.060287
43.933502 0.060241
44.309002 0.061654
44.690975 0.062682
45.079594 0.063604
45.475029 0.066477
45.87746 0.067739
46.287083 0.066793
46.704159 0.066466
47.128742 0.067307
47.561119 0.066793
48.001499 0.06427
48.450111 0.061268
48.907188 0.063125
49.372971 0.063791
49.847713 0.064994
50.331509 0.066676
50.824955 0.066396
51.328171 0.065998
51.841454 0.066571
52.365105 0.067785
52.899441 0.067377
53.444794 0.067622
54.001511 0.069362
54.570061 0.06768
55.150593 0.066407
55.74361 0.067797
56.349518 0.069
56.968742 0.068428
57.60173 0.067704
58.24894 0.067201
58.910862 0.065123
59.588123 0.063301
60.28101 0.064772
60.9902 0.066162
61.716274 0.064912
62.459846 0.063382
63.221554 0.06246
64.002068 0.060054
64.802094 0.059143
65.622093 0.059575
66.463402 0.059552
67.326561 0.060848
68.21244 0.059248
69.121933 0.056795
70.056015 0.057157
71.015686 0.061525
72.002014 0.068626
73.016319 0.076369
74.05941 0.079079
75.132736 0.077888
76.237625 0.077678
77.375504 0.076895
78.547859 0.076837
79.756294 0.077421
81.002487 0.076778
82.28849 0.074256
83.61573 0.073391
84.986481 0.075353
86.402931 0.079978
87.867393 0.081882
89.382355 0.079079
90.95047 0.07665
92.574593 0.076042
94.25721 0.075529
96.002708 0.079172
97.814079 0.077689
99.695114 0.076007
101.649918 0.077596
103.682915 0.073672
105.798889 0.070226
108.003029 0.07338
110.301392 0.078308
112.699249 0.079418
115.203682 0.078332
117.821953 0.079056
120.562004 0.083202
123.432541 0.078308
126.443092 0.076334
129.604187 0.078156
132.926254 0.080504
136.424286 0.082945
140.11142 0.086741
144.003372 0.086624
148.117722 0.087593
152.474106 0.079044
157.094498 0.082875
162.003662 0.096422
167.230545 0.102963
172.804886 0.106969
178.763672 0.113252
185.148087 0.123775
192.005402 0.137988
199.390213 0.157037
207.365814 0.159431
216.006042 0.138479
