1.343741 0.537326
1.34409 0.537621
1.344438 0.537916
1.344787 0.538285
1.345136 0.539392
1.345485 0.538801
1.345834 0.537031
1.346184 0.536441
1.346534 0.5374
1.346883 0.5374
1.347233 0.536441
1.347584 0.535777
1.347934 0.535039
1.348285 0.535408
1.348635 0.535703
1.348986 0.534965
1.349337 0.535334
1.349689 0.534965
1.35004 0.53467
1.350392 0.534818
1.350744 0.534449
1.351096 0.534375
1.351448 0.53408
1.3518 0.533195
1.352153 0.533343
1.352506 0.533269
1.352859 0.532974
1.353212 0.53231
1.353565 0.531572
1.353919 0.530613
1.354272 0.529654
1.354626 0.528621
1.35498 0.527146
1.355335 0.526261
1.355689 0.52449
1.356043 0.52154
1.356398 0.51881
1.356753 0.515638
1.357108 0.51254
1.357464 0.509589
1.357819 0.507229
1.358175 0.504573
1.358531 0.502286
1.358887 0.500368
1.359243 0.499926
1.3596 0.500442
1.359956 0.499999
1.360313 0.499926
1.36067 0.50177
1.361028 0.503393
1.361385 0.504942
1.361743 0.50686
1.3621 0.508852
1.362458 0.510106
1.362817 0.510843
1.363175 0.510917
1.363533 0.511876
1.363892 0.51254
1.364251 0.512909
1.36461 0.513647
1.364969 0.514237
1.365329 0.514384
1.365689 0.515196
1.366048 0.515638
1.366408 0.515565
1.366769 0.514015
1.367129 0.511655
1.36749 0.509737
1.367851 0.508261
1.368212 0.506786
1.368573 0.504573
1.368934 0.502065
1.369296 0.499999
1.369658 0.497786
1.37002 0.495647
1.370382 0.493434
1.370744 0.491369
1.371107 0.488639
1.371469 0.486057
1.371832 0.482959
1.372195 0.479049
1.372559 0.475656
1.372922 0.472558
1.373286 0.468427
1.37365 0.463706
1.374014 0.458984
1.374378 0.454632
1.374743 0.449321
1.375107 0.443493
1.375472 0.437665
1.375837 0.432207
1.376202 0.426969
1.376568 0.422396
1.376933 0.417822
1.377299 0.412511
1.377665 0.407126
1.378031 0.401003
1.378398 0.394437
1.378764 0.387946
1.379131 0.381159
1.379498 0.374668
1.379866 0.368619
1.380233 0.363971
1.3806 0.359398
1.380968 0.354972
1.381336 0.352316
1.381704 0.350767
1.382073 0.350177
1.382441 0.350472
1.38281 0.351873
1.383179 0.354381
1.383548 0.357996
1.383917 0.362865
1.384287 0.368619
1.384657 0.374594
1.385027 0.380864
1.385397 0.38743
1.385767 0.394437
1.386137 0.400782
1.386508 0.407347
1.386879 0.413838
1.38725 0.420035
1.387622 0.426158
1.387993 0.432059
1.388365 0.436928
1.388737 0.441428
1.389109 0.44637
1.389481 0.450944
1.389853 0.454706
1.390226 0.458394
1.390599 0.462083
1.390972 0.465624
1.391346 0.468722
1.391719 0.471673
1.392093 0.474107
1.392467 0.476467
1.392841 0.478533
1.393215 0.479935
1.39359 0.481336
1.393965 0.482885
1.394339 0.483918
1.394715 0.484656
1.39509 0.485467
1.395465 0.486279
1.395841 0.4865
1.396217 0.486426
1.396593 0.485984
1.39697 0.485467
1.397346 0.48532
1.397723 0.485025
1.3981 0.484582
1.398477 0.484361
1.398854 0.48377
1.399232 0.482812
1.39961 0.481779
1.399988 0.48082
1.400366 0.479639
1.400744 0.478533
1.401123 0.47691
1.401502 0.474771
1.401881 0.473222
1.40226 0.472041
1.402639 0.470566
1.403019 0.468574
1.403399 0.46614
1.403779 0.463706
1.404159 0.461345
1.404539 0.459058
1.40492 0.456107
1.405301 0.453452
1.405682 0.450796
1.406063 0.446887
1.406444 0.442903
1.406826 0.43892
1.407208 0.434641
1.40759 0.429625
1.407972 0.423871
1.408355 0.418043
1.408737 0.411773
1.40912 0.404839
1.409503 0.39665
1.409887 0.387282
1.41027 0.376512
1.410654 0.364709
1.411038 0.349955
1.411422 0.333062
1.411807 0.313883
1.412191 0.291826
1.412576 0.267557
1.412961 0.241516
1.413346 0.211935
1.413732 0.182871
1.414117 0.167306
1.414503 0.176232
1.414889 0.20596
1.415275 0.243066
1.415662 0.275892
1.416049 0.300457
1.416435 0.317424
1.416823 0.328636
1.41721 0.335792
1.417597 0.340439
1.417985 0.346488
1.418373 0.353349
1.418761 0.360062
1.41915 0.36825
1.419538 0.378799
1.419927 0.389643
1.420316 0.40056
1.420706 0.410814
1.421095 0.420404
1.421485 0.43051
1.421875 0.439952
1.422265 0.449173
1.422655 0.456255
1.423046 0.460902
1.423436 0.465181
1.423827 0.47123
1.424218 0.4775
1.42461 0.482664
1.425001 0.486057
1.425393 0.488861
1.425785 0.492254
1.426177 0.495942
1.42657 0.498819
1.426962 0.501475
1.427355 0.504204
1.427748 0.507081
1.428142 0.509884
1.428535 0.510843
1.428929 0.51136
1.429323 0.513573
1.429717 0.516966
1.430112 0.519105
1.430506 0.518663
1.430901 0.518146
1.431296 0.517778
1.431691 0.519327
1.432087 0.522868
1.432482 0.525154
1.432878 0.525818
1.433275 0.525966
1.433671 0.526851
1.434067 0.528031
1.434464 0.529285
1.434861 0.529654
1.435259 0.531056
1.435656 0.532384
1.436054 0.531203
1.436452 0.531498
1.43685 0.533564
1.437248 0.533711
1.437647 0.533343
1.438046 0.534892
1.438445 0.535924
1.438844 0.534965
1.439243 0.535482
1.439643 0.53622
1.440043 0.535998
1.440443 0.535851
1.440843 0.536441
1.441244 0.536883
1.441645 0.536883
1.442046 0.536957
1.442447 0.5374
1.442848 0.537326
1.44325 0.537031
1.443652 0.537179
1.444054 0.537695
1.444457 0.537621
1.444859 0.537547
1.445262 0.537916
1.445665 0.537916
1.446068 0.537474
1.446472 0.537105
1.446875 0.5374
1.447279 0.537769
1.447683 0.537547
1.448088 0.5374
1.448492 0.538137
1.448897 0.538506
1.449302 0.538801
1.449708 0.538801
1.450113 0.539318
1.450519 0.540056
1.450925 0.540498
1.451331 0.540572
1.451737 0.540941
1.452144 0.541531
1.452551 0.542047
1.452958 0.542047
1.453365 0.541826
1.453773 0.5419
1.454181 0.542195
1.454589 0.542416
1.454997 0.542932
1.455405 0.543301
1.455814 0.543375
1.456223 0.543449
1.456632 0.54426
1.457042 0.544629
1.457451 0.544555
1.457861 0.54426
1.458271 0.544334
1.458682 0.544703
1.459092 0.545146
1.459503 0.545441
1.459914 0.545588
1.460325 0.545588
1.460737 0.545662
1.461148 0.545809
1.46156 0.545588
1.461972 0.545441
1.462385 0.545514
1.462797 0.545662
1.46321 0.545736
1.463623 0.545736
1.464037 0.545662
1.46445 0.545662
1.464864 0.546031
1.465278 0.5464
1.465692 0.5464
1.466107 0.545809
1.466522 0.545736
1.466937 0.545883
1.467352 0.546178
1.467767 0.546104
1.468183 0.546031
1.468599 0.545883
1.469015 0.545662
1.469431 0.545367
1.469848 0.545441
1.470265 0.545883
1.470682 0.546031
1.471099 0.546252
1.471517 0.5464
1.471935 0.546326
1.472353 0.545883
1.472771 0.545588
1.47319 0.545514
1.473608 0.545883
1.474027 0.546473
1.474447 0.546768
1.474866 0.547211
1.475286 0.547285
1.475706 0.546768
1.476126 0.546547
1.476546 0.546547
1.476967 0.546473
1.477388 0.546621
1.477809 0.5464
1.47823 0.546178
1.478652 0.546252
1.479074 0.545883
1.479496 0.545588
1.479918 0.545662
1.480341 0.545736
1.480764 0.546104
1.481187 0.546473
1.48161 0.546473
1.482034 0.5464
1.482458 0.546547
1.482882 0.5464
1.483306 0.546252
1.48373 0.546031
1.484155 0.545957
1.48458 0.545957
1.485006 0.546031
1.485431 0.546031
1.485857 0.546621
1.486283 0.547137
1.486709 0.547211
1.487135 0.546842
1.487562 0.547063
1.487989 0.547063
1.488416 0.547063
1.488844 0.547137
1.489271 0.547063
1.489699 0.547359
1.490128 0.547506
1.490556 0.547727
1.490985 0.547875
1.491414 0.547432
1.491843 0.547506
1.492272 0.547801
1.492702 0.547801
1.493132 0.547801
1.493562 0.547727
1.493993 0.547063
1.494423 0.547063
1.494854 0.547359
1.495285 0.547285
1.495717 0.547359
1.496148 0.547875
1.49658 0.548244
1.497012 0.547949
1.497445 0.548022
1.497877 0.548613
1.49831 0.548686
1.498744 0.548539
1.499177 0.548539
1.499611 0.549055
1.500045 0.549424
1.500479 0.549129
1.500913 0.548686
1.501348 0.549055
1.501783 0.548686
1.502218 0.549719
1.502653 0.54935
1.503089 0.549055
1.503525 0.549276
1.503961 0.549055
1.504398 0.549424
1.504834 0.549203
1.505271 0.549645
1.505709 0.551121
1.506146 0.550235
1.506584 0.54876
1.507022 0.548244
1.50746 0.550088
1.507898 0.55149
1.508337 0.550899
1.508776 0.549645
1.509215 0.549719
1.509655 0.549572
1.510094 0.548908
1.510534 0.550088
1.510975 0.550973
1.511415 0.550973
1.511856 0.551416
1.512297 0.550531
1.512738 0.548465
1.51318 0.547506
1.513622 0.550235
1.514064 0.552965
1.514506 0.55326
1.514948 0.552006
1.515391 0.551858
1.515834 0.551932
1.516278 0.551785
1.516721 0.552965
1.517165 0.553924
1.517609 0.553407
1.518054 0.552891
1.518499 0.552522
1.518944 0.552817
1.519389 0.55326
1.519834 0.553334
1.52028 0.553039
1.520726 0.553555
1.521172 0.554145
1.521619 0.55385
1.522065 0.554514
1.522512 0.555178
1.52296 0.554735
1.523407 0.554514
1.523855 0.554735
1.524303 0.554883
1.524751 0.55503
1.5252 0.555325
1.525649 0.555252
1.526098 0.555473
1.526547 0.555473
1.526997 0.556137
1.527447 0.556801
1.527897 0.556358
1.528347 0.555842
1.528798 0.556211
1.529249 0.557022
1.5297 0.557022
1.530152 0.557096
1.530604 0.55717
1.531055 0.556801
1.531508 0.557096
1.53196 0.557317
1.532413 0.557096
1.532866 0.55717
1.53332 0.557612
1.533773 0.557907
1.534227 0.557907
1.534682 0.557834
1.535136 0.557981
1.535591 0.558202
1.536046 0.558276
1.536501 0.558202
1.536956 0.558645
1.537412 0.558645
1.537868 0.558645
1.538324 0.55894
1.538781 0.559161
1.539238 0.55953
1.539695 0.559456
1.540153 0.559088
1.54061 0.559309
1.541068 0.559604
1.541527 0.559752
1.541985 0.559604
1.542444 0.559899
1.542903 0.56012
1.543363 0.560415
1.543822 0.560268
1.544282 0.560415
1.544742 0.560563
1.545203 0.56071
1.545663 0.56071
1.546124 0.561079
1.546586 0.561079
1.547047 0.561153
1.547509 0.561227
1.547971 0.561153
1.548433 0.561153
1.548896 0.561079
1.549359 0.561227
1.549822 0.561743
1.550285 0.562038
1.550749 0.561743
1.551213 0.561743
1.551677 0.562407
1.552142 0.562702
1.552607 0.562555
1.553072 0.562555
1.553537 0.562702
1.554003 0.562555
1.554469 0.562629
1.554935 0.56285
1.555402 0.563292
1.555868 0.563292
1.556336 0.56344
1.556803 0.563661
1.557271 0.563735
1.557738 0.563587
1.558207 0.563661
1.558675 0.563809
1.559144 0.564546
1.559613 0.564915
1.560082 0.565063
1.560552 0.564842
1.561022 0.564989
1.561492 0.56521
1.561963 0.565432
1.562433 0.565727
1.562905 0.565653
1.563376 0.565505
1.563848 0.566096
1.564319 0.566243
1.564792 0.566464
1.565264 0.566612
1.565737 0.56676
1.56621 0.566833
1.566683 0.567055
1.567156 0.56735
1.56763 0.567645
1.568105 0.567497
1.568579 0.567719
1.569054 0.568087
1.569529 0.568309
1.570004 0.56794
1.57048 0.56794
1.570956 0.568751
1.571432 0.569268
1.571908 0.569341
1.572385 0.56971
1.572862 0.56971
1.57334 0.569563
1.573817 0.569489
1.574295 0.569784
1.574773 0.569858
1.575252 0.5703
1.575731 0.570743
1.57621 0.571038
1.576689 0.570964
1.577169 0.571038
1.577649 0.571333
1.578129 0.571702
1.57861 0.571702
1.57909 0.571997
1.579572 0.572292
1.580053 0.572661
1.580535 0.572808
1.581017 0.573104
1.581499 0.573399
1.581982 0.57362
1.582465 0.573546
1.582948 0.573841
1.583431 0.57421
1.583915 0.574431
1.584399 0.574505
1.584884 0.574579
1.585368 0.5748
1.585853 0.575095
1.586339 0.575169
1.586824 0.575464
1.58731 0.576054
1.587796 0.576497
1.588283 0.576718
1.588769 0.576866
1.589256 0.577087
1.589744 0.577382
1.590231 0.57753
1.590719 0.577677
1.591208 0.578046
1.591696 0.578194
1.592185 0.578046
1.592674 0.578341
1.593163 0.578636
1.593653 0.579005
1.594143 0.579005
1.594634 0.579226
1.595124 0.579448
1.595615 0.579521
1.596107 0.580112
1.596598 0.58048
1.59709 0.580407
1.597582 0.580259
1.598075 0.580112
1.598568 0.580407
1.599061 0.580554
1.599554 0.580849
1.600048 0.581144
1.600542 0.581366
1.601036 0.581439
1.60153 0.581366
1.602025 0.581513
1.602521 0.581734
1.603016 0.582103
1.603512 0.582472
1.604008 0.582472
1.604505 0.582767
1.605001 0.582915
1.605498 0.582915
1.605996 0.582915
1.606493 0.583136
1.606991 0.583283
1.60749 0.583505
1.607988 0.583652
1.608487 0.583874
1.608986 0.583947
1.609486 0.584169
1.609986 0.584169
1.610486 0.584169
1.610986 0.584316
1.611487 0.584316
1.611988 0.584243
1.61249 0.584611
1.612991 0.584833
1.613493 0.584906
1.613996 0.58498
1.614498 0.585128
1.615001 0.585349
1.615505 0.585497
1.616008 0.58557
1.616512 0.585644
1.617016 0.585865
1.617521 0.586087
1.618026 0.585792
1.618531 0.585939
1.619036 0.58616
1.619542 0.586234
1.620048 0.586382
1.620554 0.586529
1.621061 0.586677
1.621568 0.586898
1.622076 0.586751
1.622583 0.586824
1.623091 0.586824
1.6236 0.587193
1.624108 0.587415
1.624617 0.587488
1.625127 0.587415
1.625636 0.587783
1.626146 0.588078
1.626656 0.588078
1.627167 0.587931
1.627678 0.588005
1.628189 0.588226
1.628701 0.588521
1.629212 0.588669
1.629725 0.58889
1.630237 0.588816
1.63075 0.588964
1.631263 0.589259
1.631777 0.589628
1.63229 0.589554
1.632804 0.589701
1.633319 0.589923
1.633834 0.590218
1.634349 0.590291
1.634864 0.590513
1.63538 0.590734
1.635896 0.590734
1.636412 0.59066
1.636929 0.590734
1.637446 0.591029
1.637964 0.591398
1.638481 0.591619
1.638999 0.591914
1.639518 0.591988
1.640036 0.592062
1.640555 0.592357
1.641075 0.592726
1.641594 0.592652
1.642114 0.5928
1.642634 0.592947
1.643155 0.593242
1.643676 0.593464
1.644197 0.593537
1.644719 0.593464
1.645241 0.593537
1.645763 0.593832
1.646286 0.594349
1.646809 0.594791
1.647332 0.59516
1.647856 0.595308
1.64838 0.595308
1.648904 0.595529
1.649429 0.595898
1.649953 0.596414
1.650479 0.596488
1.651004 0.596414
1.651531 0.596488
1.652057 0.596562
1.652583 0.596636
1.65311 0.596931
1.653638 0.597299
1.654165 0.597594
1.654693 0.59789
1.655222 0.598037
1.65575 0.598037
1.656279 0.598111
1.656809 0.598627
1.657338 0.598775
1.657868 0.598922
1.658399 0.59907
1.658929 0.599291
1.65946 0.599439
1.659992 0.59966
1.660523 0.59966
1.661055 0.599955
1.661588 0.600103
1.662121 0.600398
1.662654 0.600693
1.663187 0.60084
1.663721 0.600693
1.664255 0.600988
1.664789 0.601062
1.665324 0.601578
1.665859 0.601799
1.666395 0.601947
1.666931 0.601947
1.667467 0.602094
1.668003 0.602389
1.66854 0.602537
1.669077 0.602537
1.669615 0.602611
1.670153 0.602684
1.670691 0.603201
1.671229 0.603422
1.671769 0.603422
1.672308 0.603496
1.672847 0.603791
1.673387 0.603865
1.673928 0.60357
1.674468 0.603643
1.675009 0.60416
1.675551 0.604234
1.676093 0.604234
1.676635 0.604234
1.677177 0.604529
1.67772 0.60475
1.678263 0.604971
1.678806 0.604971
1.67935 0.605119
1.679894 0.605045
1.680439 0.604971
1.680984 0.605045
1.681529 0.605193
1.682074 0.60534
1.682621 0.605119
1.683167 0.605119
1.683714 0.605709
1.68426 0.605635
1.684808 0.605561
1.685356 0.605635
1.685904 0.605783
1.686452 0.60593
1.687001 0.606225
1.68755 0.606299
1.6881 0.606373
1.68865 0.606152
1.6892 0.606152
1.689751 0.606152
1.690302 0.606078
1.690853 0.606004
1.691405 0.606373
1.691957 0.606668
1.692509 0.606889
1.693061 0.606889
1.693615 0.607111
1.694168 0.606889
1.694722 0.607037
1.695276 0.607111
1.695831 0.607111
1.696385 0.607184
1.696941 0.607184
1.697497 0.607258
1.698053 0.607111
1.698609 0.607111
1.699166 0.607627
1.699723 0.607774
1.70028 0.607479
1.700838 0.607406
1.701396 0.607553
1.701955 0.607627
1.702514 0.60807
1.703073 0.608143
1.703633 0.608143
1.704193 0.608291
1.704753 0.608291
1.705314 0.608365
1.705875 0.608438
1.706436 0.608217
1.706998 0.608512
1.707561 0.608734
1.708123 0.608807
1.708686 0.608807
1.70925 0.608955
1.709813 0.60925
1.710377 0.609545
1.710942 0.609545
1.711507 0.609471
1.712072 0.609545
1.712638 0.609545
1.713204 0.609914
1.71377 0.610135
1.714337 0.610283
1.714904 0.610504
1.715471 0.61043
1.716039 0.610578
1.716607 0.61102
1.717176 0.611168
1.717745 0.611094
1.718314 0.611168
1.718884 0.611315
1.719454 0.611389
1.720024 0.61161
1.720595 0.611832
1.721167 0.611979
1.721738 0.612127
1.72231 0.612127
1.722883 0.612274
1.723455 0.612274
1.724029 0.612422
1.724602 0.612422
1.725176 0.612348
1.72575 0.612717
1.726325 0.613086
1.7269 0.61316
1.727476 0.613455
1.728051 0.613602
1.728628 0.613676
1.729204 0.613528
1.729781 0.613307
1.730358 0.613381
1.730936 0.613381
1.731514 0.613381
1.732093 0.613823
1.732672 0.613823
1.733251 0.613971
1.733831 0.614119
1.734411 0.614119
1.734991 0.614119
1.735572 0.614414
1.736153 0.614635
1.736735 0.614635
1.737317 0.614561
1.7379 0.614561
1.738482 0.614266
1.739066 0.614045
1.739649 0.614119
1.740233 0.614487
1.740817 0.614709
1.741402 0.615151
1.741987 0.615299
1.742573 0.615225
1.743159 0.615151
1.743745 0.615151
1.744332 0.615004
1.744919 0.615004
1.745506 0.615151
1.746094 0.615299
1.746683 0.615594
1.747271 0.615594
1.74786 0.615299
1.74845 0.615668
1.74904 0.615668
1.74963 0.615446
1.750221 0.615594
1.750812 0.615963
1.751403 0.615815
1.751995 0.615594
1.752588 0.615741
1.75318 0.616037
1.753773 0.616184
1.754367 0.61611
1.754961 0.616037
1.755555 0.616184
1.75615 0.61611
1.756745 0.616332
1.75734 0.616332
1.757936 0.616184
1.758533 0.616184
1.759129 0.616258
1.759726 0.616037
1.760324 0.615741
1.760922 0.615815
1.76152 0.616037
1.762119 0.615741
1.762718 0.615594
1.763318 0.61552
1.763918 0.61552
1.764518 0.615225
1.765119 0.615078
1.76572 0.615004
1.766322 0.614856
1.766924 0.614782
1.767526 0.614561
1.768129 0.614266
1.768732 0.614119
1.769336 0.613897
1.76994 0.613676
1.770545 0.613233
1.771149 0.613012
1.771755 0.613012
1.77236 0.612717
1.772967 0.612274
1.773573 0.612274
1.77418 0.612127
1.774787 0.611906
1.775395 0.611537
1.776004 0.611242
1.776612 0.61102
1.777221 0.610873
1.777831 0.610873
1.778441 0.610578
1.779051 0.610135
1.779662 0.60984
1.780273 0.609471
1.780884 0.609176
1.781496 0.60866
1.782109 0.608438
1.782721 0.607922
1.783335 0.607774
1.783948 0.607553
1.784562 0.607037
1.785177 0.60652
1.785792 0.60593
1.786407 0.60534
1.787023 0.604971
1.787639 0.604529
1.788256 0.603865
1.788873 0.603275
1.789491 0.60298
1.790108 0.602537
1.790727 0.602242
1.791346 0.601799
1.791965 0.601504
1.792585 0.601209
1.793205 0.600693
1.793825 0.600103
1.794446 0.599734
1.795067 0.599439
1.795689 0.599291
1.796311 0.598996
1.796934 0.598627
1.797557 0.598185
1.79818 0.598185
1.798804 0.598037
1.799429 0.59789
1.800053 0.598037
1.800679 0.598111
1.801304 0.597742
1.801931 0.597668
1.802557 0.597668
1.803184 0.597963
1.803812 0.597963
1.804439 0.598258
1.805068 0.598922
1.805696 0.599217
1.806326 0.599291
1.806955 0.599808
1.807585 0.600471
1.808216 0.601062
1.808847 0.60143
1.809478 0.602094
1.81011 0.602537
1.810742 0.60298
1.811375 0.603348
1.812008 0.603865
1.812641 0.604234
1.813275 0.604381
1.81391 0.604603
1.814545 0.604824
1.81518 0.604971
1.815816 0.604897
1.816452 0.604897
1.817089 0.605045
1.817726 0.60475
1.818363 0.604603
1.819001 0.604603
1.81964 0.604307
1.820279 0.604012
1.820918 0.603939
1.821558 0.603717
1.822199 0.603422
1.822839 0.60298
1.82348 0.60298
1.824122 0.603053
1.824764 0.602832
1.825406 0.60298
1.826049 0.603422
1.826693 0.60357
1.827337 0.603791
1.827981 0.604012
1.828626 0.604234
1.829271 0.604676
1.829917 0.605119
1.830563 0.605561
1.83121 0.606225
1.831857 0.60652
1.832504 0.606889
1.833152 0.607406
1.833801 0.608143
1.83445 0.608512
1.835099 0.608881
1.835749 0.609397
1.836399 0.609766
1.83705 0.609692
1.837701 0.60984
1.838353 0.609619
1.839005 0.609397
1.839658 0.608734
1.840311 0.60807
1.840964 0.607774
1.841618 0.607922
1.842272 0.60807
1.842927 0.608734
1.843583 0.609766
1.844238 0.611168
1.844895 0.612496
1.845551 0.613971
1.846209 0.61552
1.846867 0.617069
1.847525 0.61825
1.848184 0.619061
1.848843 0.619651
1.849502 0.620463
1.850162 0.620831
1.850823 0.621274
1.851484 0.621864
1.852145 0.622454
1.852807 0.622823
1.853469 0.62334
1.854132 0.62334
1.854796 0.623487
1.855459 0.623782
1.856124 0.624225
1.856789 0.624446
1.857454 0.624446
1.85812 0.624815
1.858786 0.625036
1.859453 0.62511
1.86012 0.625036
1.860788 0.624962
1.861456 0.625257
1.862124 0.625405
1.862794 0.625479
1.863463 0.625405
1.864133 0.625626
1.864804 0.6257
1.865475 0.625848
1.866146 0.625774
1.866818 0.625848
1.867491 0.625921
1.868164 0.625626
1.868837 0.625553
1.869511 0.625626
1.870185 0.625848
1.87086 0.62629
1.871536 0.625995
1.872212 0.625921
1.872888 0.626069
1.873565 0.625921
1.874242 0.625553
1.87492 0.6257
1.875599 0.6257
1.876277 0.625479
1.876957 0.625405
1.877637 0.625405
1.878317 0.6257
1.878998 0.6257
1.879679 0.6257
1.880361 0.625626
1.881043 0.625553
1.881726 0.6257
1.882409 0.625626
1.883093 0.625479
1.883777 0.625257
1.884462 0.625553
1.885147 0.625553
1.885833 0.625331
1.886519 0.625405
1.887206 0.625553
1.887893 0.625184
1.888581 0.624889
1.889269 0.624741
1.889958 0.624815
1.890647 0.625036
1.891337 0.624962
1.892027 0.624889
1.892718 0.624741
1.893409 0.624446
1.894101 0.62452
1.894793 0.624372
1.895486 0.624225
1.896179 0.623856
1.896873 0.623487
1.897568 0.62334
1.898262 0.623487
1.898958 0.623561
1.899654 0.623487
1.90035 0.623192
1.901047 0.622971
1.901744 0.622749
1.902442 0.622602
1.90314 0.622381
1.903839 0.622012
1.904539 0.62179
1.905239 0.62179
1.905939 0.621643
1.90664 0.621717
1.907342 0.621569
1.908044 0.621126
1.908746 0.620831
1.909449 0.620536
1.910153 0.62061
1.910857 0.620758
1.911561 0.62061
1.912266 0.620315
1.912972 0.620167
1.913678 0.620094
1.914385 0.619872
1.915092 0.619577
1.9158 0.61943
1.916508 0.61943
1.917217 0.619209
1.917926 0.618692
1.918636 0.618545
1.919346 0.618471
1.920057 0.61825
1.920768 0.618545
1.92148 0.618323
1.922193 0.618102
1.922906 0.618028
1.92362 0.617954
1.924333 0.617733
1.925048 0.617217
1.925763 0.616995
1.926479 0.616922
1.927195 0.616774
1.927912 0.616774
1.928629 0.6167
1.929346 0.616405
1.930065 0.616037
1.930784 0.615815
1.931503 0.61552
1.932223 0.615373
1.932943 0.61552
1.933664 0.615299
1.934386 0.614782
1.935108 0.614414
1.93583 0.614192
1.936554 0.614119
1.937277 0.61375
1.938002 0.613307
1.938726 0.613233
1.939452 0.613233
1.940177 0.612864
1.940904 0.612717
1.941631 0.612569
1.942358 0.612274
1.943086 0.612127
1.943815 0.612053
1.944544 0.611758
1.945274 0.611684
1.946004 0.61161
1.946735 0.611537
1.947466 0.611537
1.948198 0.611389
1.94893 0.611094
1.949663 0.611094
1.950397 0.610947
1.951131 0.610947
1.951865 0.610799
1.952601 0.610578
1.953336 0.610283
1.954073 0.610283
1.954809 0.61043
1.955547 0.610578
1.956285 0.610578
1.957023 0.610504
1.957762 0.610356
1.958502 0.610209
1.959242 0.61043
1.959983 0.610873
1.960724 0.61102
1.961466 0.611242
1.962208 0.61102
1.962951 0.610947
1.963695 0.61102
1.964439 0.611389
1.965183 0.611389
1.965929 0.611389
1.966674 0.611684
1.967421 0.611832
1.968168 0.611537
1.968915 0.611537
1.969663 0.61161
1.970412 0.611832
1.971161 0.611832
1.971911 0.611832
1.972661 0.611906
1.973413 0.611832
1.974164 0.612053
1.974916 0.612053
1.975669 0.611684
1.976422 0.61161
1.977176 0.611832
1.97793 0.611906
1.978685 0.611832
1.97944 0.611979
1.980196 0.611758
1.980953 0.61161
1.98171 0.611389
1.982468 0.61161
1.983226 0.611758
1.983986 0.611758
1.984745 0.61161
1.985505 0.611463
1.986266 0.611463
1.987027 0.611315
1.987789 0.611315
1.988552 0.611242
1.989315 0.611242
1.990078 0.611389
1.990842 0.611094
1.991607 0.61102
1.992373 0.610947
1.993139 0.610947
1.993905 0.610651
1.994673 0.610504
1.99544 0.610504
1.996209 0.61043
1.996978 0.610209
1.997747 0.610061
1.998517 0.609988
1.999288 0.609914
2.000059 0.609914
2.000831 0.610061
2.001604 0.609914
2.002377 0.609988
2.003151 0.610283
2.003925 0.610283
2.0047 0.609988
2.005476 0.610209
2.006252 0.610356
2.007029 0.610283
2.007806 0.610135
2.008584 0.610283
2.009362 0.610209
2.010141 0.609914
2.010921 0.609692
2.011701 0.609619
2.012482 0.609545
2.013264 0.609545
2.014046 0.609397
2.014829 0.609397
2.015612 0.609102
2.016396 0.608438
2.01718 0.607848
2.017966 0.607774
2.018752 0.607701
2.019538 0.607701
2.020325 0.607479
2.021113 0.606816
2.021901 0.606225
2.02269 0.606004
2.023479 0.605635
2.02427 0.605193
2.02506 0.604897
2.025852 0.604676
2.026644 0.604234
2.027436 0.603865
2.028229 0.603275
2.029023 0.602906
2.029818 0.602537
2.030613 0.602094
2.031409 0.601726
2.032204 0.601209
2.033001 0.600767
2.033799 0.600471
2.034597 0.599881
2.035396 0.599512
2.036195 0.599144
2.036996 0.598849
2.037796 0.598185
2.038598 0.597447
2.0394 0.596783
2.040203 0.59634
2.041006 0.595824
2.04181 0.594939
2.042614 0.594127
2.043419 0.593685
2.044225 0.593242
2.045032 0.592283
2.045839 0.591472
2.046646 0.591103
2.047455 0.590218
2.048264 0.589333
2.049073 0.588669
2.049883 0.587636
2.050694 0.586677
2.051505 0.585423
2.052317 0.584243
2.05313 0.583283
2.053944 0.581808
2.054758 0.580259
2.055573 0.578784
2.056388 0.577899
2.057204 0.577013
2.058021 0.576054
2.058838 0.575095
2.059656 0.574358
2.060475 0.573841
2.061294 0.573989
2.062114 0.573915
2.062935 0.573767
2.063756 0.573472
2.064577 0.573177
2.0654 0.573104
2.066223 0.572956
2.067047 0.572735
2.067871 0.572587
2.068696 0.572071
2.069522 0.571407
2.070349 0.570595
2.071176 0.56971
2.072004 0.568825
2.072833 0.56794
2.073662 0.566464
2.074492 0.564842
2.075322 0.563071
2.076153 0.561596
2.076985 0.560194
2.077817 0.559235
2.07865 0.558793
2.079484 0.558276
2.080319 0.557981
2.081154 0.55776
2.08199 0.557612
2.082826 0.557022
2.083663 0.555989
2.084501 0.555104
2.08534 0.554219
2.086179 0.553112
2.087018 0.551932
2.087859 0.550752
2.0887 0.549498
2.089542 0.548686
2.090385 0.547875
2.091228 0.547137
2.092072 0.546252
2.092917 0.545957
2.093762 0.545662
2.094608 0.545588
2.095454 0.545662
2.096302 0.545588
2.09715 0.545588
2.097999 0.545736
2.098848 0.545367
2.099698 0.544998
2.100549 0.544482
2.1014 0.54367
2.102252 0.542637
2.103105 0.541457
2.103959 0.539687
2.104813 0.537842
2.105668 0.535482
2.106524 0.533121
2.10738 0.530244
2.108237 0.526925
2.109094 0.523236
2.109953 0.519327
2.110812 0.515491
2.111672 0.512614
2.112532 0.51136
2.113394 0.511655
2.114255 0.512983
2.115118 0.515122
2.115981 0.517556
2.116845 0.520212
2.11771 0.522868
2.118576 0.525081
2.119442 0.526408
2.120309 0.527294
2.121176 0.527736
2.122045 0.527515
2.122913 0.526777
2.123783 0.525892
2.124654 0.524712
2.125525 0.523089
2.126396 0.52095
2.127269 0.518515
2.128142 0.516081
2.129016 0.513647
2.129891 0.510843
2.130766 0.507524
2.131642 0.504278
2.132519 0.500885
2.133397 0.497418
2.134275 0.493729
2.135154 0.489819
2.136034 0.48591
2.136914 0.481926
2.137795 0.477943
2.138677 0.474328
2.13956 0.470861
2.140444 0.467247
2.141328 0.463779
2.142213 0.460534
2.143099 0.457435
2.143985 0.45419
2.144872 0.451017
2.14576 0.448362
2.146648 0.446296
2.147537 0.444157
2.148427 0.442092
2.149318 0.439657
2.150209 0.437665
2.151101 0.435748
2.151994 0.433756
2.152888 0.431617
2.153783 0.428813
2.154678 0.425346
2.155574 0.421732
2.15647 0.417379
2.157368 0.412068
2.158266 0.40565
2.159165 0.398421
2.160064 0.39038
2.160964 0.381823
2.161865 0.373119
2.162767 0.364488
2.16367 0.355857
2.164573 0.347816
2.165478 0.340439
2.166383 0.334095
2.167288 0.32871
2.168195 0.324063
2.169102 0.319489
2.17001 0.315727
2.170919 0.312481
2.171828 0.309604
2.172739 0.307022
2.17365 0.304883
2.174561 0.302744
2.175474 0.300383
2.176387 0.298096
2.177301 0.295883
2.178216 0.293449
2.179132 0.291384
2.180048 0.289687
2.180965 0.289097
2.181883 0.289539
2.182801 0.291752
2.183721 0.296178
2.184641 0.302818
2.185562 0.310711
2.186484 0.319415
2.187407 0.328415
2.18833 0.337784
2.189254 0.346636
2.190179 0.354898
2.191105 0.362422
2.192032 0.369061
2.192959 0.374077
2.193887 0.378208
2.194816 0.380717
2.195745 0.381307
2.196676 0.3802
2.197607 0.376659
2.198539 0.370094
2.199472 0.360873
2.200405 0.348923
2.201339 0.334169
2.202275 0.316465
2.203211 0.295515
2.204147 0.272056
2.205085 0.248746
2.206023 0.229345
2.206962 0.219165
2.207902 0.221968
2.208843 0.236426
2.209784 0.256934
2.210727 0.278843
2.21167 0.298982
2.212614 0.31617
2.213559 0.330628
2.214504 0.343169
2.215451 0.354529
2.216398 0.364709
2.217346 0.374004
2.218295 0.383077
2.219244 0.392298
2.220195 0.401519
2.221146 0.41074
2.222098 0.419961
2.223051 0.42874
2.224005 0.43678
2.224959 0.444083
2.225914 0.450796
2.226871 0.456624
2.227827 0.461861
2.228785 0.466066
2.229744 0.469902
2.230703 0.473222
2.231663 0.476099
2.232625 0.478238
2.233587 0.480156
2.234549 0.481779
2.235513 0.483033
2.236477 0.48377
2.237442 0.484287
2.238408 0.484434
2.239375 0.483992
2.240343 0.483697
2.241312 0.483107
2.242281 0.481779
2.243252 0.480156
2.244223 0.478164
2.245195 0.476025
2.246168 0.473443
2.247141 0.470492
2.248116 0.467837
2.249091 0.465107
2.250067 0.46223
2.251044 0.459722
2.252022 0.457362
2.253 0.45537
2.25398 0.453009
2.254961 0.451165
2.255942 0.449468
2.256924 0.448362
2.257907 0.447329
2.258891 0.446665
2.259876 0.446665
2.260861 0.447182
2.261847 0.448214
2.262835 0.449616
2.263823 0.450722
2.264812 0.451681
2.265802 0.452567
2.266792 0.453304
2.267784 0.453304
2.268776 0.453157
2.26977 0.452935
2.270764 0.452419
2.271759 0.451608
2.272755 0.450796
2.273752 0.449837
2.27475 0.448583
2.275748 0.447108
2.276747 0.445632
2.277748 0.44401
2.278749 0.442018
2.279751 0.439805
2.280754 0.437518
2.281758 0.434862
2.282763 0.432059
2.283768 0.428813
2.284775 0.425641
2.285782 0.422617
2.286791 0.419445
2.2878 0.415904
2.28881 0.412068
2.289821 0.40838
2.290832 0.404986
2.291845 0.401298
2.292859 0.397831
2.293873 0.394585
2.294889 0.391339
2.295905 0.388388
2.296922 0.385807
2.29794 0.383446
2.29896 0.381602
2.299979 0.379979
2.301001 0.378799
2.302022 0.377913
2.303045 0.377397
2.304068 0.376881
2.305093 0.376807
2.306118 0.376733
2.307145 0.376807
2.308172 0.376733
2.309201 0.376954
2.31023 0.377618
2.31126 0.378282
2.31229 0.379094
2.313322 0.380053
2.314355 0.381085
2.315388 0.382118
2.316423 0.383372
2.317458 0.384774
2.318495 0.385659
2.319532 0.386175
2.32057 0.386175
2.321609 0.386102
2.32265 0.385585
2.323691 0.38529
2.324733 0.3847
2.325776 0.384036
2.32682 0.383372
2.327865 0.383151
2.32891 0.383225
2.329957 0.38352
2.331005 0.383962
2.332053 0.384626
2.333103 0.384995
2.334153 0.384921
2.335205 0.384848
2.336257 0.384405
2.33731 0.383077
2.338365 0.381159
2.33942 0.378946
2.340476 0.376438
2.341533 0.37334
2.342591 0.369947
2.34365 0.366406
2.34471 0.36316
2.345771 0.359767
2.346833 0.356595
2.347896 0.35357
2.34896 0.350914
2.350024 0.348628
2.35109 0.34671
2.352157 0.344792
2.353225 0.343464
2.354293 0.3428
2.355363 0.342652
2.356434 0.343021
2.357505 0.344497
2.358577 0.346488
2.359651 0.348554
2.360726 0.350472
2.361801 0.352168
2.362878 0.353054
2.363955 0.35357
2.365033 0.353275
2.366114 0.352168
2.367194 0.350103
2.368275 0.347521
2.369358 0.344201
2.370441 0.340366
2.371525 0.336456
2.372611 0.332325
2.373697 0.328563
2.374785 0.325169
2.375873 0.322219
2.376962 0.319489
2.378052 0.316907
2.379144 0.314547
2.380236 0.312334
2.38133 0.310342
2.382424 0.308867
2.383519 0.308719
2.384615 0.309752
2.385713 0.311448
2.386811 0.313514
2.387911 0.315653
2.389011 0.317793
2.390113 0.319784
2.391215 0.321407
2.392318 0.323178
2.393423 0.325391
2.394528 0.328046
2.395635 0.331145
2.396743 0.33439
2.397851 0.337857
2.398961 0.341029
2.400071 0.343611
2.401183 0.345677
2.402296 0.347226
2.40341 0.348554
2.404524 0.349439
2.40564 0.350177
2.406757 0.350693
2.407875 0.350988
2.408994 0.351136
2.410113 0.351136
2.411234 0.351136
2.412356 0.350988
2.413479 0.350767
2.414603 0.350693
2.415729 0.350546
2.416855 0.350546
2.417982 0.350472
2.419111 0.350324
2.42024 0.349882
2.421371 0.349439
2.422502 0.348923
2.423635 0.348111
2.424768 0.347005
2.425903 0.345751
2.427038 0.344201
2.428176 0.342357
2.429314 0.340439
2.430453 0.3383
2.431592 0.335571
2.432734 0.332694
2.433876 0.329448
2.435019 0.32635
2.436163 0.323104
2.437308 0.320301
2.438454 0.318383
2.439602 0.317424
2.44075 0.316612
2.4419 0.316243
2.443051 0.316022
2.444203 0.316022
2.445355 0.316096
2.44651 0.316243
2.447665 0.316538
2.448821 0.316981
2.449978 0.31735
2.451137 0.317645
2.452296 0.317719
2.453457 0.317866
2.454618 0.317645
2.455781 0.317055
2.456945 0.316612
2.45811 0.316317
2.459276 0.316096
2.460443 0.315727
2.461612 0.315284
2.462781 0.314694
2.463952 0.313809
2.465123 0.312998
2.466296 0.31226
2.46747 0.311301
2.468645 0.310194
2.469821 0.309235
2.470998 0.30776
2.472176 0.306358
2.473356 0.304883
2.474536 0.303186
2.475718 0.301195
2.476901 0.299055
2.478085 0.296842
2.47927 0.294334
2.480456 0.291531
2.481644 0.288433
2.482832 0.285335
2.484022 0.282236
2.485213 0.279359
2.486404 0.277515
2.487597 0.277146
2.488792 0.278327
2.489987 0.27995
2.491184 0.281572
2.492381 0.282826
2.493581 0.283785
2.494781 0.284523
2.495982 0.284892
2.497184 0.284671
2.498387 0.284302
2.499592 0.283564
2.500798 0.282605
2.502005 0.281425
2.503213 0.280245
2.504422 0.278917
2.505633 0.277441
2.506844 0.275597
2.508057 0.273753
2.509271 0.27213
2.510486 0.270655
2.511703 0.268737
2.51292 0.266819
2.514138 0.264901
2.515358 0.263204
2.516579 0.261434
2.517802 0.25959
2.519025 0.257598
2.52025 0.256049
2.521476 0.254426
2.522703 0.253098
2.523931 0.251918
2.52516 0.250664
2.526391 0.249115
2.527622 0.247934
2.528856 0.246901
2.53009 0.246385
2.531325 0.245942
2.532562 0.245647
2.5338 0.245205
2.535039 0.244688
2.536279 0.243729
2.53752 0.242697
2.538763 0.24218
2.540007 0.242254
2.541252 0.243066
2.542498 0.24432
2.543746 0.245647
2.544994 0.246828
2.546244 0.247713
2.547495 0.248156
2.548748 0.247713
2.550002 0.246901
2.551256 0.245574
2.552513 0.243582
2.553771 0.240336
2.555029 0.236353
2.556289 0.231705
2.55755 0.226468
2.558813 0.220861
2.560076 0.21555
2.561341 0.210091
2.562607 0.204854
2.563875 0.200059
2.565143 0.195485
2.566413 0.191207
2.567684 0.187961
2.568957 0.185305
2.57023 0.182576
2.571505 0.180068
2.572781 0.178666
2.574058 0.176969
2.575337 0.175199
2.576617 0.173576
2.577898 0.171584
2.579181 0.169445
2.580465 0.167453
2.58175 0.165388
2.583036 0.163544
2.584324 0.161478
2.585613 0.159486
2.586903 0.157863
2.588195 0.156609
2.589488 0.155724
2.590782 0.155282
2.592077 0.155429
2.593373 0.156536
2.594671 0.157937
2.595971 0.158232
2.597271 0.158454
2.598573 0.159191
2.599876 0.160077
2.601181 0.161036
2.602487 0.161773
2.603794 0.162658
2.605102 0.163322
2.606412 0.163396
2.607723 0.163396
2.609035 0.163617
2.610349 0.163765
2.611664 0.163617
2.612981 0.163544
2.614299 0.163101
2.615618 0.162585
2.616938 0.162142
2.61826 0.160962
2.619583 0.16015
2.620907 0.158822
2.622233 0.156905
2.62356 0.155429
2.624888 0.154249
2.626217 0.152921
2.627548 0.150929
2.628881 0.149085
2.630215 0.14761
2.63155 0.145323
2.632886 0.143257
2.634224 0.141413
2.635564 0.139422
2.636904 0.137872
2.638246 0.136618
2.63959 0.135364
2.640934 0.13411
2.64228 0.132856
2.643628 0.131455
2.644976 0.129905
2.646327 0.128283
2.647678 0.126586
2.649031 0.125037
2.650386 0.123266
2.651741 0.12157
2.653098 0.119652
2.654457 0.117586
2.655817 0.115373
2.657177 0.112939
2.65854 0.110578
2.659904 0.108144
2.66127 0.105341
2.662637 0.102538
2.664005 0.100029
2.665375 0.097005
2.666745 0.093464
2.668118 0.089776
2.669492 0.086604
2.670867 0.083063
2.672244 0.078932
2.673622 0.07517
2.675002 0.071334
2.676383 0.067424
2.677765 0.062998
2.67915 0.058498
2.680535 0.053851
2.681922 0.049277
2.68331 0.044777
2.6847 0.040277
2.68609 0.035925
2.687483 0.031868
2.688877 0.028106
2.690272 0.025302
2.691669 0.023384
2.693067 0.022057
2.694467 0.021466
2.695868 0.021762
2.69727 0.022352
2.698674 0.023237
2.70008 0.024196
2.701487 0.025081
2.702896 0.025819
2.704306 0.026704
2.705717 0.027442
2.70713 0.028253
2.708544 0.028991
2.70996 0.030319
2.711378 0.031646
2.712797 0.032753
2.714217 0.033933
2.715639 0.035114
2.717062 0.036294
2.718487 0.037105
2.719913 0.0374
2.721341 0.036884
2.72277 0.035777
2.7242 0.034228
2.725633 0.032089
2.727067 0.02995
2.728502 0.027589
2.729939 0.025524
2.731377 0.023975
2.732817 0.023753
2.734258 0.024934
2.735701 0.027294
2.737146 0.029876
2.738592 0.032901
2.740039 0.035556
2.741488 0.037179
2.742939 0.0374
2.744391 0.036515
2.745844 0.034376
2.747299 0.031646
2.748756 0.028843
2.750214 0.026409
2.751674 0.024122
2.753135 0.022204
2.754598 0.020434
2.756062 0.019475
2.757528 0.020065
2.758996 0.024491
2.760465 0.029212
2.761936 0.02936
2.763408 0.027737
2.764882 0.027589
2.766357 0.028622
2.767834 0.03054
2.769313 0.033269
2.770793 0.036589
2.772275 0.040277
2.773758 0.044187
2.775243 0.048023
2.77673 0.051564
2.778218 0.055178
2.779707 0.059605
2.781199 0.063588
2.782691 0.06735
2.784185 0.07067
2.785681 0.073916
2.787179 0.076866
2.788678 0.079448
2.790179 0.081882
2.791682 0.084391
2.793186 0.086604
2.794692 0.088595
2.7962 0.090366
2.797709 0.092136
2.799219 0.093759
2.800731 0.095382
2.802245 0.097005
2.803761 0.098185
2.805278 0.098923
2.806797 0.099587
2.808318 0.100103
2.80984 0.100472
2.811363 0.100988
2.812889 0.102316
2.814416 0.103865
2.815945 0.105414
2.817475 0.106964
2.819007 0.108586
2.82054 0.110062
2.822076 0.111537
2.823613 0.113013
2.825152 0.114562
2.826692 0.116037
2.828234 0.117512
2.829778 0.118766
2.831324 0.120094
2.832871 0.121496
2.83442 0.123045
2.835971 0.124152
2.837523 0.125258
2.839077 0.126512
2.840632 0.127987
2.84219 0.129168
2.843749 0.130127
2.84531 0.131086
2.846872 0.132045
2.848437 0.132782
2.850003 0.133668
2.85157 0.134405
2.85314 0.135364
2.854711 0.136397
2.856283 0.137504
2.857857 0.138758
2.859434 0.140233
2.861012 0.141635
2.862592 0.142815
2.864173 0.143479
2.865757 0.144216
2.867342 0.14488
2.868929 0.145618
2.870517 0.146208
2.872108 0.146872
2.873699 0.147388
2.875293 0.148052
2.876889 0.149011
2.878486 0.149675
2.880085 0.150118
2.881686 0.150782
2.883289 0.151446
2.884893 0.152036
2.886499 0.152626
2.888107 0.15329
2.889717 0.153733
2.891329 0.154396
2.892942 0.155208
2.894558 0.156683
2.896175 0.158527
2.897794 0.161109
2.899415 0.164281
2.901037 0.167822
2.902662 0.170994
2.904288 0.17424
2.905916 0.176969
2.907546 0.178887
2.909178 0.180289
2.910811 0.182871
2.912446 0.186633
2.914083 0.191133
2.915722 0.195338
2.917363 0.198731
2.919006 0.201755
2.92065 0.205223
2.922296 0.208837
2.923944 0.212599
2.925594 0.216435
2.927246 0.220197
2.9289 0.223369
2.930556 0.22632
2.932213 0.228681
2.933873 0.230377
2.935534 0.231558
2.937198 0.232369
2.938863 0.232886
2.94053 0.233402
2.942199 0.233476
2.943869 0.233697
2.945542 0.23414
2.947217 0.234656
2.948893 0.235025
2.950572 0.235615
2.952252 0.236648
2.953934 0.237828
2.955618 0.238861
2.957304 0.240041
2.958992 0.241074
2.960681 0.24218
2.962373 0.243656
2.964067 0.245574
2.965763 0.247565
2.96746 0.249631
2.96916 0.251401
2.970861 0.253319
2.972565 0.254942
2.974271 0.256491
2.975978 0.258114
2.977687 0.260401
2.979398 0.262835
2.981112 0.265417
2.982827 0.267999
2.984544 0.270212
2.986264 0.272204
2.987985 0.274343
2.989709 0.276704
2.991434 0.278991
2.993161 0.281277
2.99489 0.283712
2.996621 0.285851
2.998354 0.287843
3.000089 0.289539
3.001826 0.29072
3.003565 0.291384
3.005306 0.292121
3.00705 0.292711
3.008795 0.29308
3.010542 0.293228
3.012291 0.293006
3.014043 0.292195
3.015796 0.291457
3.017552 0.291015
3.019309 0.291384
3.021069 0.292269
3.02283 0.294113
3.024594 0.296326
3.02636 0.298539
3.028127 0.299941
3.029897 0.300752
3.031669 0.3009
3.033443 0.301195
3.035219 0.301785
3.036998 0.303039
3.038778 0.304736
3.04056 0.306358
3.042344 0.30776
3.04413 0.309235
3.045919 0.310563
3.047709 0.311891
3.049502 0.313219
3.051297 0.31462
3.053094 0.316096
3.054893 0.31735
3.056694 0.318383
3.058498 0.319489
3.060303 0.320669
3.062111 0.32185
3.063921 0.322883
3.065733 0.323694
3.067547 0.324284
3.069363 0.325169
3.071181 0.325538
3.073001 0.325686
3.074824 0.325759
3.076649 0.325833
3.078476 0.325464
3.080305 0.325317
3.082136 0.325464
3.08397 0.325612
3.085805 0.325464
3.087644 0.325464
3.089484 0.325686
3.091326 0.32635
3.093171 0.326866
3.095017 0.327604
3.096866 0.32871
3.098717 0.330481
3.10057 0.33262
3.102426 0.335276
3.104284 0.337784
3.106144 0.340366
3.108006 0.342726
3.109871 0.344792
3.111737 0.346562
3.113606 0.348259
3.115477 0.349808
3.11735 0.351136
3.119226 0.35239
3.121104 0.353718
3.122984 0.35475
3.124866 0.355857
3.126751 0.357111
3.128638 0.358365
3.130527 0.35984
3.132419 0.361611
3.134313 0.363234
3.136209 0.36493
3.138108 0.366553
3.140008 0.368324
3.141912 0.370168
3.143817 0.371938
3.145725 0.373635
3.147635 0.375405
3.149547 0.37725
3.151462 0.379094
3.153378 0.380495
3.155298 0.382044
3.157219 0.38352
3.159143 0.384774
3.16107 0.385733
3.162998 0.386692
3.164929 0.387725
3.166862 0.388905
3.168798 0.390085
3.170736 0.391265
3.172677 0.39252
3.174619 0.393847
3.176565 0.39488
3.178513 0.395839
3.180463 0.396798
3.182415 0.397905
3.18437 0.398937
3.186327 0.399896
3.188287 0.400486
3.190248 0.401003
3.192213 0.401445
3.19418 0.401888
3.196149 0.402478
3.198121 0.403068
3.200095 0.403511
3.202072 0.404175
3.204051 0.404691
3.206032 0.405429
3.208016 0.406093
3.210002 0.406757
3.211991 0.407273
3.213982 0.408158
3.215976 0.408822
3.217972 0.40956
3.219971 0.410445
3.221972 0.411478
3.223976 0.41192
3.225982 0.412437
3.227991 0.412953
3.230002 0.41347
3.232016 0.413912
3.234032 0.41406
3.236051 0.414207
3.238072 0.414355
3.240096 0.414134
3.242123 0.414355
3.244152 0.414576
3.246183 0.41465
3.248217 0.41465
3.250253 0.414871
3.252293 0.414797
3.254334 0.415019
3.256378 0.41524
3.258425 0.415978
3.260474 0.416715
3.262526 0.417527
3.26458 0.418265
3.266638 0.419002
3.268697 0.419887
3.27076 0.420773
3.272825 0.421437
3.274892 0.422543
3.276962 0.42365
3.279035 0.424609
3.28111 0.425568
3.283188 0.426674
3.285269 0.427854
3.287352 0.429108
3.289438 0.430067
3.291526 0.431321
3.293617 0.432723
3.295711 0.433903
3.297807 0.434936
3.299906 0.436116
3.302008 0.437297
3.304113 0.438329
3.30622 0.439141
3.30833 0.439805
3.310443 0.440395
3.312558 0.440985
3.314676 0.441354
3.316797 0.441723
3.31892 0.442313
3.321046 0.442977
3.323175 0.443419
3.325307 0.444157
3.327442 0.444895
3.329579 0.445632
3.331719 0.446591
3.333861 0.447624
3.336007 0.448362
3.338155 0.449173
3.340306 0.449911
3.342458 0.450649
3.344615 0.451386
3.346774 0.452198
3.348936 0.452567
3.351101 0.453009
3.353268 0.453599
3.355439 0.454116
3.357612 0.454411
3.359789 0.454632
3.361968 0.45478
3.364149 0.45478
3.366334 0.454558
3.368521 0.454263
3.370711 0.454116
3.372904 0.454263
3.3751 0.454485
3.3773 0.455001
3.379501 0.455812
3.381706 0.456919
3.383913 0.457878
3.386123 0.458763
3.388336 0.459132
3.390553 0.459427
3.392771 0.459501
3.394992 0.459427
3.397217 0.459058
3.399445 0.458321
3.401675 0.457435
3.403909 0.456698
3.406146 0.455739
3.408385 0.454853
3.410627 0.454042
3.412873 0.453452
3.415121 0.453157
3.417372 0.453599
3.419626 0.454632
3.421884 0.456181
3.424144 0.457878
3.426407 0.459648
3.428673 0.461566
3.430943 0.463484
3.433215 0.465107
3.43549 0.466214
3.437768 0.467099
3.440049 0.468205
3.442333 0.469238
3.444621 0.470123
3.446911 0.470935
3.449204 0.471894
3.4515 0.472779
3.4538 0.473738
3.456102 0.474623
3.458408 0.475509
3.460716 0.476172
3.463028 0.47691
3.465343 0.477648
3.467662 0.478238
3.469983 0.478385
3.472307 0.478754
3.474634 0.479197
3.476965 0.479935
3.479298 0.480598
3.481635 0.481262
3.483975 0.481557
3.486317 0.481705
3.488663 0.481779
3.491012 0.481484
3.493365 0.481041
3.49572 0.480598
3.498079 0.480156
3.500441 0.480156
3.502806 0.480598
3.505175 0.481484
3.507547 0.482738
3.509921 0.484434
3.512299 0.485836
3.514681 0.486869
3.517065 0.487533
3.519453 0.487754
3.521844 0.48768
3.524238 0.487385
3.526636 0.486721
3.529036 0.485984
3.53144 0.485025
3.533848 0.484066
3.536258 0.483033
3.538672 0.482295
3.541089 0.481779
3.543509 0.481705
3.545932 0.481853
3.548359 0.48259
3.55079 0.483697
3.553223 0.485172
3.55566 0.486721
3.558101 0.488418
3.560545 0.490041
3.562992 0.492032
3.565443 0.493877
3.567896 0.495795
3.570354 0.497491
3.572814 0.499188
3.575278 0.500811
3.577746 0.50236
3.580216 0.503319
3.582691 0.504352
3.585169 0.505237
3.58765 0.50627
3.590135 0.506934
3.592623 0.50745
3.595114 0.507893
3.597609 0.508483
3.600107 0.508925
3.602608 0.50922
3.605114 0.509368
3.607622 0.509589
3.610135 0.509663
3.61265 0.509737
3.61517 0.509368
3.617692 0.508999
3.620219 0.508483
3.622749 0.507745
3.625283 0.507007
3.627819 0.506565
3.63036 0.506122
3.632904 0.505753
3.635452 0.50568
3.638003 0.505827
3.640558 0.505901
3.643116 0.506196
3.645679 0.506344
3.648244 0.50627
3.650813 0.505753
3.653386 0.504794
3.655962 0.503393
3.658543 0.502876
3.661126 0.503835
3.663713 0.505532
3.666304 0.507007
3.668898 0.507819
3.671497 0.507893
3.674099 0.507376
3.676705 0.506122
3.679314 0.504057
3.681927 0.500737
3.684544 0.495942
3.687165 0.489451
3.689789 0.482221
3.692417 0.475287
3.695049 0.47064
3.697685 0.470271
3.700324 0.474992
3.702967 0.483033
3.705615 0.491516
3.708265 0.498598
3.71092 0.503688
3.713578 0.505311
3.71624 0.502729
3.718906 0.495647
3.721576 0.491074
3.724249 0.493877
3.726926 0.497122
3.729607 0.494541
3.732292 0.491295
3.734981 0.493287
3.737674 0.495057
3.740371 0.49336
3.743071 0.501475
3.745776 0.511581
3.748485 0.515048
3.751197 0.516007
3.753913 0.516228
3.756634 0.516523
3.759358 0.516745
3.762086 0.51704
3.764818 0.517556
3.767554 0.51822
3.770293 0.518589
3.773037 0.519179
3.775785 0.519917
3.778537 0.520654
3.781293 0.521318
3.784053 0.522056
3.786817 0.522868
3.789586 0.523827
3.792358 0.525007
3.795134 0.525966
3.797915 0.526925
3.800699 0.527958
3.803488 0.529064
3.80628 0.530171
3.809077 0.530982
3.811877 0.531867
3.814683 0.5329
3.817492 0.533416
3.820305 0.534154
3.823123 0.534965
3.825944 0.535408
3.82877 0.535629
3.8316 0.536072
3.834434 0.536441
3.837271 0.537031
3.840113 0.537326
3.84296 0.537474
3.845811 0.537916
3.848666 0.538506
3.851525 0.538875
3.854389 0.539096
3.857257 0.539318
3.86013 0.539834
3.863006 0.539982
3.865887 0.540203
3.868772 0.540424
3.871661 0.540572
3.874554 0.540351
3.877452 0.540129
3.880355 0.540277
3.883262 0.540646
3.886173 0.540572
3.889088 0.540793
3.892008 0.541088
3.894932 0.541236
3.897861 0.541162
3.900793 0.541162
3.903731 0.541088
3.906672 0.540793
3.909618 0.540719
3.912569 0.541088
3.915524 0.540867
3.918483 0.540867
3.921447 0.540867
3.924416 0.540793
3.927389 0.540498
3.930367 0.540498
3.933349 0.540498
3.936336 0.540351
3.939327 0.540424
3.942322 0.540351
3.945323 0.539908
3.948327 0.539465
3.951337 0.538875
3.954351 0.539023
3.95737 0.539392
3.960393 0.539023
3.963421 0.538801
3.966453 0.538949
3.96949 0.538506
3.972532 0.538211
3.975579 0.538064
3.978629 0.537916
3.981685 0.537769
3.984745 0.537547
3.98781 0.537326
3.99088 0.536883
3.993955 0.53681
3.997034 0.53681
4.000118 0.536441
4.003208 0.536146
4.006302 0.535703
4.0094 0.535334
4.012504 0.534892
4.015612 0.534744
4.018724 0.534523
4.021842 0.534228
4.024965 0.53408
4.028091 0.533711
4.031223 0.533195
4.03436 0.533269
4.037502 0.533048
4.040649 0.532679
4.043801 0.532531
4.046958 0.532605
4.050119 0.532531
4.053287 0.53231
4.056458 0.532236
4.059635 0.532384
4.062816 0.532384
4.066003 0.532605
4.069194 0.532605
4.072391 0.532384
4.075593 0.532089
4.078799 0.532162
4.082011 0.53231
4.085227 0.532162
4.088449 0.532089
4.091676 0.53231
4.094908 0.53231
4.098145 0.532457
4.101388 0.532605
4.104634 0.532679
4.107887 0.532531
4.111144 0.532457
4.114407 0.532752
4.117675 0.5329
4.120948 0.532679
4.124227 0.532531
4.12751 0.532531
4.130799 0.532605
4.134094 0.532752
4.137393 0.532974
4.140697 0.532826
4.144008 0.5329
4.147323 0.532679
4.150643 0.532457
4.153969 0.532531
4.157301 0.5329
4.160638 0.532826
4.16398 0.532457
4.167327 0.532236
4.17068 0.532384
4.174038 0.532384
4.177401 0.53231
4.18077 0.532236
4.184143 0.532236
4.187523 0.532162
4.190908 0.532384
4.194299 0.532384
4.197695 0.532384
4.201097 0.532236
4.204504 0.532015
4.207917 0.532015
4.211336 0.532384
4.214759 0.53231
4.218189 0.532162
4.221624 0.532384
4.225064 0.532531
4.22851 0.532236
4.231962 0.532089
4.23542 0.532015
4.238883 0.531867
4.242352 0.531277
4.245827 0.530834
4.249307 0.530392
4.252793 0.530097
4.256284 0.529359
4.259782 0.529212
4.263285 0.529212
4.266792 0.528769
4.270307 0.528253
4.273828 0.528253
4.277354 0.527958
4.280886 0.527515
4.284424 0.526851
4.287968 0.526261
4.291517 0.525302
4.295074 0.524417
4.298635 0.523531
4.302202 0.522941
4.305776 0.521761
4.309355 0.520286
4.31294 0.519179
4.316531 0.518441
4.320128 0.517556
4.323732 0.516671
4.327342 0.515638
4.330956 0.514679
4.334578 0.513499
4.338205 0.512688
4.341838 0.511729
4.345478 0.510991
4.349123 0.510548
4.352774 0.510401
4.356431 0.509884
4.360096 0.509811
4.363765 0.509737
4.367442 0.509589
4.371124 0.509147
4.374813 0.508999
4.378508 0.508778
4.38221 0.508114
4.385918 0.507303
4.389631 0.506491
4.393351 0.505532
4.397078 0.504573
4.40081 0.50354
4.404549 0.502803
4.408295 0.502065
4.412045 0.50177
4.415803 0.501253
4.419568 0.501106
4.423338 0.501401
4.427116 0.501253
4.4309 0.500516
4.43469 0.500295
4.438487 0.500147
4.442291 0.499852
4.446101 0.499336
4.449917 0.498672
4.45374 0.497196
4.45757 0.495647
4.461406 0.493729
4.465249 0.491442
4.469098 0.488713
4.472954 0.486057
4.476817 0.482959
4.480686 0.480451
4.484562 0.478459
4.488445 0.476467
4.492334 0.474476
4.496231 0.472705
4.500134 0.471304
4.504043 0.47064
4.507959 0.469755
4.511883 0.468869
4.515813 0.468427
4.51975 0.468648
4.523694 0.468353
4.527645 0.468869
4.531602 0.469164
4.535568 0.469681
4.539539 0.47005
4.543518 0.470345
4.547503 0.469828
4.551496 0.468869
4.555496 0.467615
4.559502 0.466361
4.563516 0.464738
4.567537 0.462894
4.571565 0.460755
4.5756 0.458689
4.579642 0.456329
4.583691 0.453894
4.587747 0.45087
4.591811 0.447845
4.595881 0.444526
4.599958 0.441206
4.604044 0.437444
4.608136 0.433239
4.612236 0.428371
4.616343 0.423723
4.620458 0.418928
4.624579 0.413396
4.628708 0.407347
4.632845 0.402036
4.636989 0.396872
4.64114 0.391561
4.645299 0.386913
4.649466 0.383372
4.653639 0.380569
4.65782 0.378504
4.662009 0.377545
4.666206 0.377028
4.67041 0.376586
4.674621 0.376807
4.67884 0.376512
4.683066 0.376586
4.687301 0.376733
4.691543 0.376881
4.695792 0.377028
4.700048 0.37784
4.704313 0.37843
4.708586 0.379094
4.712867 0.37961
4.717155 0.3802
4.721451 0.379758
4.725755 0.379536
4.730067 0.37902
4.734388 0.379167
4.738715 0.379094
4.743051 0.378651
4.747394 0.377766
4.751746 0.376659
4.756105 0.375774
4.760472 0.374594
4.764848 0.372528
4.769232 0.371201
4.773623 0.369578
4.778023 0.366922
4.782431 0.364266
4.786847 0.36198
4.791271 0.359398
4.795703 0.356521
4.800144 0.352095
4.804591 0.34907
4.809048 0.346488
4.813513 0.34457
4.817986 0.341915
4.822468 0.340292
4.826958 0.33889
4.831457 0.336972
4.835964 0.334612
4.84048 0.332546
4.845004 0.330628
4.849536 0.328636
4.854077 0.325686
4.858626 0.323915
4.863184 0.321481
4.867751 0.318235
4.872326 0.314473
4.876908 0.311301
4.8815 0.308129
4.886101 0.305473
4.89071 0.303039
4.895329 0.300457
4.899956 0.297875
4.904591 0.296474
4.909236 0.294556
4.91389 0.293302
4.918552 0.291162
4.923223 0.289023
4.927903 0.286736
4.932591 0.284228
4.937289 0.281204
4.941996 0.278253
4.946712 0.274933
4.951437 0.272425
4.956171 0.268884
4.960914 0.265565
4.965665 0.262098
4.970426 0.258483
4.975196 0.253983
4.979976 0.248893
4.984764 0.244098
4.989561 0.23923
4.994367 0.234582
4.999184 0.230377
5.004009 0.225435
5.008844 0.221452
5.013688 0.217689
5.018541 0.214222
5.023404 0.209649
5.028277 0.205223
5.033159 0.200354
5.038051 0.194748
5.042951 0.189362
5.047862 0.184936
5.052782 0.180879
5.057711 0.176748
5.06265 0.171658
5.0676 0.167158
5.072558 0.162953
5.077527 0.159781
5.082504 0.156019
5.087492 0.152405
5.09249 0.148569
5.097497 0.145249
5.102514 0.142151
5.10754 0.140085
5.112577 0.137872
5.117624 0.136249
5.122681 0.134479
5.127748 0.133373
5.132825 0.132118
5.137912 0.13175
5.143009 0.131086
5.148117 0.130053
5.153234 0.128799
5.158362 0.128356
5.1635 0.127766
5.168648 0.126733
5.173806 0.125479
5.178975 0.125258
5.184154 0.125332
5.189344 0.125996
5.194544 0.126512
5.199754 0.127914
5.204975 0.128725
5.210206 0.130053
5.215447 0.131676
5.2207 0.133151
5.225963 0.133889
5.231235 0.136176
5.236519 0.13861
5.241814 0.140897
5.247119 0.142225
5.252435 0.144143
5.257762 0.146061
5.2631 0.147905
5.268449 0.14938
5.273809 0.151741
5.27918 0.152921
5.284561 0.154101
5.289953 0.154618
5.295357 0.154618
5.300771 0.154396
