0.2211 0.011651
0.2291 0.008839
0.2361 0.010419
0.2421 0.01077
0.2481 0.010189
0.2536 0.010702
0.2586 0.010133
0.2636 0.010491
0.2686 0.010572
0.2731 0.01009
0.2771 0.010468
0.2811 0.010216
0.2851 0.010953
0.2891 0.01133
0.2931 0.011146
0.2971 0.011143
0.3011 0.011769
0.3051 0.012182
0.3091 0.012793
0.3131 0.012228
0.3171 0.012583
0.3211 0.012345
0.3251 0.012671
0.3291 0.013346
0.3331 0.012766
0.3371 0.013014
0.3411 0.013153
0.3451 0.013434
0.3491 0.013225
0.3531 0.012992
0.3571 0.013656
0.3606 0.013497
0.3636 0.013549
0.3666 0.013928
0.3696 0.014096
0.3726 0.013658
0.3756 0.013881
0.3786 0.01412
0.3811 0.014717
0.3831 0.013844
0.3851 0.013521
0.3871 0.014289
0.3891 0.014641
0.3911 0.014897
0.3931 0.014
0.3951 0.01449
0.3971 0.014667
0.3991 0.015094
0.4011 0.014645
0.4031 0.014743
0.4051 0.014625
0.4071 0.014791
0.4091 0.014807
0.4111 0.01533
0.4128 0.014675
0.4158 0.015271
0.4188 0.015287
0.4218 0.015546
0.4248 0.015329
0.4278 0.01568
0.4308 0.015112
0.4338 0.015664
0.4368 0.015821
0.4398 0.015842
0.4428 0.01627
0.4458 0.016263
0.4488 0.016093
0.4513 0.016545
0.4533 0.017317
0.4553 0.016637
0.4573 0.016719
0.4593 0.015996
0.4613 0.017347
0.4633 0.017714
0.4653 0.016817
0.4673 0.017531
0.4693 0.017173
0.4713 0.01762
0.4733 0.018096
0.4753 0.018863
0.4773 0.017623
0.4793 0.017984
0.4813 0.018389
0.4833 0.018589
0.4853 0.019087
0.4873 0.018583
0.4893 0.018264
0.4913 0.019117
0.4933 0.019623
0.4953 0.019711
0.4973 0.019336
0.4993 0.019866
0.5013 0.020171
0.5033 0.02077
0.5053 0.020674
0.5073 0.020321
0.5093 0.021293
0.5113 0.021801
0.5133 0.02144
0.5153 0.021861
0.5173 0.022775
0.5193 0.022637
0.5213 0.023349
0.5233 0.024241
0.5253 0.023984
0.5273 0.024851
0.5293 0.024237
0.5313 0.025568
0.5333 0.025441
0.5353 0.026339
0.5373 0.028656
0.5393 0.027234
0.5413 0.028835
0.5433 0.029182
0.5453 0.028663
0.5473 0.02955
0.5493 0.030812
0.5513 0.030545
0.5533 0.031655
0.5553 0.03246
0.5573 0.032872
0.5593 0.033655
0.5613 0.034594
0.5633 0.035416
0.5653 0.035656
0.5673 0.037505
0.5693 0.037919
0.5713 0.038187
0.5733 0.039305
0.5753 0.041027
0.5773 0.042016
0.5793 0.043035
0.5813 0.043869
0.5833 0.045346
0.5853 0.046379
0.5873 0.047121
0.5893 0.048624
0.5913 0.05014
0.5933 0.05092
0.5953 0.052716
0.5973 0.053939
0.5993 0.055299
0.6011 0.056411
0.6027 0.056971
0.6043 0.058631
0.6059 0.059895
0.6075 0.06151
0.6091 0.061889
0.6107 0.063452
0.6123 0.064463
0.6139 0.065684
0.6155 0.067204
0.6171 0.068328
0.6187 0.069624
0.6203 0.071094
0.6219 0.071913
0.6235 0.073143
0.6251 0.074945
0.6267 0.076149
0.6283 0.076735
0.6299 0.079295
0.6317 0.079402
0.6337 0.081433
0.6357 0.082654
0.6377 0.084933
0.6397 0.086286
0.6417 0.087947
0.6437 0.089815
0.6457 0.091375
0.6477 0.09263
0.6497 0.09416
0.6517 0.096242
0.6537 0.098056
0.6557 0.098985
0.6577 0.100334
0.6597 0.102898
0.6617 0.104158
0.6637 0.105463
0.6657 0.106818
0.6677 0.108708
0.6702 0.110555
0.6732 0.113544
0.6762 0.116607
0.6792 0.118221
0.6822 0.12136
0.6852 0.123998
0.6882 0.125913
0.6912 0.129242
0.6942 0.131095
0.6972 0.133897
0.7002 0.137118
0.702 0.138635
0.704 0.140187
0.706 0.142233
0.708 0.144149
0.71 0.146567
0.712 0.147568
0.714 0.149355
0.716 0.151282
0.718 0.152632
0.72 0.15478
0.722 0.157156
0.724 0.158774
0.726 0.159534
0.728 0.161855
0.73 0.16355
0.732 0.165957
0.734 0.167097
0.736 0.168195
0.738 0.169414
0.74 0.171758
0.742 0.173772
0.744 0.174443
0.746 0.175833
0.748 0.176884
0.7505 0.178068
0.7535 0.180754
0.7565 0.181764
0.7595 0.183454
0.7625 0.184612
0.7655 0.186528
0.7685 0.186604
0.7715 0.188764
0.7745 0.189415
0.7775 0.190042
0.781 0.191249
0.785 0.191496
0.789 0.192132
0.793 0.191962
0.797 0.192507
0.8015 0.192247
0.8065 0.191438
0.8115 0.19201
0.8165 0.191913
0.822 0.190298
0.828 0.189773
0.835 0.188972
0.843 0.188414
0.851 0.186495
0.859 0.185793
0.871 0.184135
0.883 0.18072
0.894 0.181834
0.904 0.178717
0.914 0.17708
0.924 0.178529
0.933 0.177984
0.941 0.178451
0.949 0.175385
0.957 0.178881
0.964 0.179313
0.97 0.179683
0.976 0.180707
0.982 0.181701
0.988 0.183716
0.994 0.18384
1.0 0.183841
1.006 0.184535
1.012 0.186219
1.018 0.187758
1.0235 0.191557
1.0285 0.19218
1.0335 0.195179
1.0385 0.195955
1.0435 0.196072
1.0485 0.199592
1.0535 0.202155
1.0585 0.203598
1.0635 0.204188
1.0685 0.20911
1.0735 0.20953
1.0785 0.213089
1.0835 0.216704
1.0885 0.219132
1.0935 0.22027
1.0985 0.223179
1.1035 0.225596
1.1085 0.22975
1.1135 0.233573
1.1185 0.235711
1.1235 0.239971
1.1285 0.242425
1.1335 0.247532
1.1385 0.250823
1.1435 0.254568
1.1485 0.258754
1.1535 0.262794
1.1585 0.265537
1.1635 0.271231
1.1685 0.275514
1.1735 0.279606
1.1785 0.283983
1.1835 0.289896
1.1885 0.295108
1.1935 0.300758
1.1985 0.306089
1.2035 0.310197
1.2085 0.316176
1.2135 0.320128
1.2185 0.328079
1.2235 0.331366
1.2285 0.338091
1.2335 0.343837
1.2385 0.349753
1.2435 0.355608
1.2485 0.361662
1.2535 0.368422
1.2585 0.372833
1.2635 0.381906
1.2685 0.386962
1.2735 0.392775
1.2785 0.40021
1.2835 0.406048
1.2885 0.413755
1.2935 0.420215
1.2985 0.426812
1.3035 0.433845
1.3085 0.439659
1.3135 0.445185
1.3185 0.452502
1.3235 0.458351
1.3285 0.466903
1.3335 0.472978
1.3385 0.477732
1.3435 0.484792
1.3485 0.491371
1.3535 0.497597
1.3585 0.503952
1.3635 0.510915
1.3685 0.515563
1.3735 0.51932
1.3785 0.521847
1.3835 0.517732
1.3885 0.520487
1.3935 0.518452
1.3985 0.513223
1.4035 0.510975
1.4085 0.505532
1.4135 0.501292
1.4185 0.493377
1.4235 0.492788
1.4285 0.493282
1.4335 0.495713
1.4385 0.499314
1.4435 0.502867
1.4485 0.506105
1.4535 0.510253
1.4585 0.513409
1.4635 0.518708
1.4685 0.521352
1.4735 0.526851
1.4785 0.531213
1.4835 0.536464
1.4885 0.54255
1.4935 0.547609
1.4985 0.554269
1.5035 0.559177
1.5085 0.563006
1.5135 0.568739
1.5185 0.57308
1.5235 0.579795
1.5285 0.585214
1.534 0.587043
1.54 0.592755
1.546 0.598481
1.552 0.603245
1.558 0.608275
1.564 0.611737
1.5705 0.615507
1.5775 0.617616
1.5845 0.622273
1.5915 0.624706
1.5985 0.627869
1.6055 0.628729
1.6125 0.630011
1.6195 0.63177
1.6265 0.632293
1.6335 0.633165
1.6405 0.633664
1.6475 0.633715
1.6545 0.633868
1.6615 0.631846
1.6685 0.631715
1.676 0.628468
1.684 0.62721
1.692 0.627912
1.7 0.625619
1.708 0.623436
1.716 0.618626
1.724 0.614373
1.732 0.610839
1.74 0.610794
1.748 0.605486
1.756 0.605909
1.764 0.602646
1.772 0.59536
1.78 0.59394
1.788 0.595964
1.796 0.589517
1.805 0.586784
1.815 0.584368
1.825 0.581506
1.835 0.580448
1.845 0.576893
1.855 0.567848
1.865 0.556155
1.875 0.52408
1.885 0.480701
1.895 0.454104
1.905 0.427422
1.915 0.403933
1.925 0.388189
1.935 0.384907
1.945 0.385769
1.955 0.386412
1.965 0.393747
1.975 0.400459
1.985 0.409814
1.995 0.414369
2.005 0.420379
2.015 0.42772
2.025 0.434133
2.035 0.442298
2.045 0.443535
2.055 0.451915
2.065 0.457398
2.075 0.460191
2.085 0.466354
2.095 0.468967
2.105 0.473317
2.115 0.476232
2.125 0.478686
2.135 0.481446
2.145 0.483607
2.155 0.484128
2.165 0.484086
2.175 0.481591
2.185 0.479216
2.195 0.475303
2.205 0.472878
2.215 0.467053
2.225 0.465127
2.235 0.452442
2.245 0.443898
2.255 0.441349
2.265 0.43013
2.275 0.426808
2.285 0.423232
2.295 0.412739
2.305 0.407242
2.315 0.400847
2.325 0.398996
2.335 0.395507
2.345 0.387069
2.355 0.376942
2.365 0.374115
2.375 0.364029
2.386 0.359895
2.4 0.352142
2.418 0.341348
2.44 0.330979
2.466 0.31944
2.496 0.306591
2.528 0.296141
2.56 0.289648
2.592 0.277674
2.624 0.25866
2.656 0.234089
2.688 0.182915
2.72 0.113537
2.752 0.061012
2.784 0.018134
2.816 0.021645
2.848 0.020193
2.88 0.01532
2.912 0.021906
2.944 0.019739
2.976 0.014562
