1.464037 0.173183
1.46445 0.173475
1.464864 0.173524
1.465278 0.17367
1.465692 0.174012
1.466107 0.174158
1.466522 0.174499
1.466937 0.174792
1.467352 0.175035
1.467767 0.174889
1.468183 0.174207
1.468599 0.174353
1.469015 0.174402
1.469431 0.175328
1.469848 0.175864
1.470265 0.175133
1.470682 0.173914
1.471099 0.173768
1.471517 0.174012
1.471935 0.173768
1.472353 0.174012
1.472771 0.173622
1.47319 0.173524
1.473608 0.173085
1.474027 0.172451
1.474447 0.172598
1.474866 0.1725
1.475286 0.172159
1.475706 0.172549
1.476126 0.172744
1.476546 0.1725
1.476967 0.171281
1.477388 0.170501
1.477809 0.170452
1.47823 0.170647
1.478652 0.170209
1.479074 0.169867
1.479496 0.169916
1.479918 0.169526
1.480341 0.169428
1.480764 0.169185
1.481187 0.168405
1.48161 0.168161
1.482034 0.168746
1.482458 0.167966
1.482882 0.167819
1.483306 0.16821
1.48373 0.167576
1.484155 0.166454
1.48458 0.166844
1.485006 0.166942
1.485431 0.166601
1.485857 0.166454
1.486283 0.166162
1.486709 0.165382
1.487135 0.165479
1.487562 0.164699
1.487989 0.163821
1.488416 0.16387
1.488844 0.163773
1.489271 0.16348
1.489699 0.163578
1.490128 0.16387
1.490556 0.163383
1.490985 0.162749
1.491414 0.161579
1.491843 0.160311
1.492272 0.16075
1.492702 0.162017
1.493132 0.161822
1.493562 0.161432
1.493993 0.161042
1.494423 0.16075
1.494854 0.160116
1.495285 0.15958
1.495717 0.159336
1.496148 0.158702
1.49658 0.157922
1.497012 0.157873
1.497445 0.158702
1.497877 0.158995
1.49831 0.158556
1.498744 0.157727
1.499177 0.157239
1.499611 0.156801
1.500045 0.155728
1.500479 0.156264
1.500913 0.156606
1.501348 0.155582
1.501783 0.155045
1.502218 0.155094
1.502653 0.15485
1.503089 0.15407
1.503525 0.153485
1.503961 0.1529
1.504398 0.152412
1.504834 0.151632
1.505271 0.151437
1.505709 0.151389
1.506146 0.151096
1.506584 0.150608
1.507022 0.150072
1.50746 0.15017
1.507898 0.149828
1.508337 0.149438
1.508776 0.149
1.509215 0.148171
1.509655 0.147537
1.510094 0.147342
1.510534 0.146854
1.510975 0.146415
1.511415 0.146025
1.511856 0.146025
1.512297 0.14622
1.512738 0.14622
1.51318 0.146123
1.513622 0.145245
1.514064 0.144319
1.514506 0.143831
1.514948 0.143539
1.515391 0.143002
1.515834 0.142954
1.516278 0.143149
1.516721 0.143295
1.517165 0.142759
1.517609 0.143051
1.518054 0.143198
1.518499 0.143734
1.518944 0.143636
1.519389 0.142905
1.519834 0.142856
1.52028 0.1431
1.520726 0.1431
1.521172 0.143246
1.521619 0.143295
1.522065 0.143636
1.522512 0.143734
1.52296 0.143929
1.523407 0.144709
1.523855 0.144953
1.524303 0.14466
1.524751 0.144709
1.5252 0.145099
1.525649 0.145782
1.526098 0.146269
1.526547 0.146757
1.526997 0.146562
1.527447 0.146367
1.527897 0.146269
1.528347 0.146757
1.528798 0.146903
1.529249 0.147001
1.5297 0.147244
1.530152 0.147244
1.530604 0.147244
1.531055 0.147683
1.531508 0.147683
1.53196 0.148171
1.532413 0.148219
1.532866 0.147878
1.53332 0.148024
1.533773 0.148512
1.534227 0.148658
1.534682 0.14861
1.535136 0.148171
1.535591 0.148122
1.536046 0.148024
1.536501 0.148219
1.536956 0.147732
1.537412 0.147683
1.537868 0.147537
1.538324 0.148024
1.538781 0.148268
1.539238 0.148219
1.539695 0.147781
1.540153 0.148122
1.54061 0.148561
1.541068 0.148902
1.541527 0.148951
1.541985 0.148902
1.542444 0.148561
1.542903 0.14861
1.543363 0.148463
1.543822 0.148463
1.544282 0.148561
1.544742 0.148658
1.545203 0.149
1.545663 0.149146
1.546124 0.148707
1.546586 0.148853
1.547047 0.149243
1.547509 0.149975
1.547971 0.150023
1.548433 0.149877
1.548896 0.150121
1.549359 0.150804
1.549822 0.151291
1.550285 0.151632
1.550749 0.151974
1.551213 0.152754
1.551677 0.153193
1.552142 0.154168
1.552607 0.154607
1.553072 0.155192
1.553537 0.155533
1.554003 0.155972
1.554469 0.157044
1.554935 0.157776
1.555402 0.158312
1.555868 0.158751
1.556336 0.159385
1.556803 0.160067
1.557271 0.159872
1.557738 0.160799
1.558207 0.162359
1.558675 0.163431
1.559144 0.163724
1.559613 0.16426
1.560082 0.165382
1.560552 0.166211
1.561022 0.166406
1.561492 0.167332
1.561963 0.168112
1.562433 0.16899
1.562905 0.169477
1.563376 0.169819
1.563848 0.170842
1.564319 0.171915
1.564792 0.172305
1.565264 0.172841
1.565737 0.173378
1.56621 0.174158
1.566683 0.17484
1.567156 0.175718
1.56763 0.176596
1.568105 0.177425
1.568579 0.177961
1.569054 0.178643
1.569529 0.179131
1.570004 0.179862
1.57048 0.180399
1.570956 0.181228
1.571432 0.181813
1.571908 0.182788
1.572385 0.183422
1.572862 0.183958
1.57334 0.184397
1.573817 0.185177
1.574295 0.185323
1.574773 0.185518
1.575252 0.186054
1.575731 0.186981
1.57621 0.187858
1.576689 0.188395
1.577169 0.188736
1.577649 0.189419
1.578129 0.190052
1.57861 0.190833
1.57909 0.191223
1.579572 0.191613
1.580053 0.192003
1.580535 0.192588
1.581017 0.193222
1.581499 0.19405
1.581982 0.194294
1.582465 0.194587
1.582948 0.195026
1.583431 0.195172
1.583915 0.195806
1.584399 0.19683
1.584884 0.197805
1.585368 0.198536
1.585853 0.198731
1.586339 0.198975
1.586824 0.199511
1.58731 0.200438
1.587796 0.20073
1.588283 0.200779
1.588769 0.201071
1.589256 0.201949
1.589744 0.202485
1.590231 0.203119
1.590719 0.203607
1.591208 0.204046
1.591696 0.204533
1.592185 0.205021
1.592674 0.205508
1.593163 0.206093
1.593653 0.206581
1.594143 0.207263
1.594634 0.207361
1.595124 0.207995
1.595615 0.20897
1.596107 0.209604
1.596598 0.20975
1.59709 0.210091
1.597582 0.210433
1.598075 0.211018
1.598568 0.211554
1.599061 0.212188
1.599554 0.212822
1.600048 0.213114
1.600542 0.213407
1.601036 0.213748
1.60153 0.214236
1.602025 0.215162
1.602521 0.215796
1.603016 0.216283
1.603512 0.216527
1.604008 0.217015
1.604505 0.217356
1.605001 0.217892
1.605498 0.218429
1.605996 0.218624
1.606493 0.219014
1.606991 0.219599
1.60749 0.21994
1.607988 0.22033
1.608487 0.220866
1.608986 0.2215
1.609486 0.221744
1.609986 0.221842
1.610486 0.222329
1.610986 0.222963
1.611487 0.223304
1.611988 0.223743
1.61249 0.224036
1.612991 0.224377
1.613493 0.224572
1.613996 0.224816
1.614498 0.225352
1.615001 0.225888
1.615505 0.226278
1.616008 0.226425
1.616512 0.226376
1.617016 0.226717
1.617521 0.226912
1.618026 0.227546
1.618531 0.22779
1.619036 0.228326
1.619542 0.228619
1.620048 0.229009
1.620554 0.229545
1.621061 0.230179
1.621568 0.230276
1.622076 0.230471
1.622583 0.230715
1.623091 0.231203
1.6236 0.231447
1.624108 0.231837
1.624617 0.231885
1.625127 0.232178
1.625636 0.23247
1.626146 0.232666
1.626656 0.232958
1.627167 0.233153
1.627678 0.233446
1.628189 0.234031
1.628701 0.233884
1.629212 0.234079
1.629725 0.234274
1.630237 0.234713
1.63075 0.234908
1.631263 0.23525
1.631777 0.235445
1.63229 0.235883
1.632804 0.236225
1.633319 0.236664
1.633834 0.23681
1.634349 0.236956
1.634864 0.237005
1.63538 0.2372
1.635896 0.237297
1.636412 0.237687
1.636929 0.238077
1.637446 0.238419
1.637964 0.238468
1.638481 0.238273
1.638999 0.23837
1.639518 0.238906
1.640036 0.23915
1.640555 0.239443
1.641075 0.239491
1.641594 0.239881
1.642114 0.239979
1.642634 0.24032
1.643155 0.240613
1.643676 0.240418
1.644197 0.240223
1.644719 0.240515
1.645241 0.240613
1.645763 0.240954
1.646286 0.241295
1.646809 0.241393
1.647332 0.241393
1.647856 0.24188
1.64838 0.242222
1.648904 0.242466
1.649429 0.242563
1.649953 0.242953
1.650479 0.243343
1.651004 0.243489
1.651531 0.243392
1.652057 0.243587
1.652583 0.243782
1.65311 0.243879
1.653638 0.243684
1.654165 0.244075
1.654693 0.244172
1.655222 0.244172
1.65575 0.244416
1.656279 0.244757
1.656809 0.24505
1.657338 0.245342
1.657868 0.245196
1.658399 0.245488
1.658929 0.245537
1.65946 0.245683
1.659992 0.246025
1.660523 0.246122
1.661055 0.246269
1.661588 0.246707
1.662121 0.247
1.662654 0.247049
1.663187 0.247097
1.663721 0.247487
1.664255 0.247585
1.664789 0.247682
1.665324 0.247585
1.665859 0.247634
1.666395 0.247878
1.666931 0.24817
1.667467 0.248511
1.668003 0.248755
1.66854 0.248463
1.669077 0.248706
1.669615 0.248999
1.670153 0.249048
1.670691 0.249145
1.671229 0.249291
1.671769 0.249194
1.672308 0.249243
1.672847 0.249389
1.673387 0.249828
1.673928 0.250072
1.674468 0.250023
1.675009 0.250023
1.675551 0.250218
1.676093 0.250267
1.676635 0.250559
1.677177 0.250803
1.67772 0.2509
1.678263 0.250949
1.678806 0.251095
1.67935 0.251193
1.679894 0.25129
1.680439 0.251242
1.680984 0.251681
1.681529 0.251778
1.682074 0.251729
1.682621 0.251681
1.683167 0.251583
1.683714 0.251583
1.68426 0.251827
1.684808 0.251973
1.685356 0.252119
1.685904 0.252071
1.686452 0.251973
1.687001 0.252266
1.68755 0.252363
1.6881 0.252412
1.68865 0.252607
1.6892 0.252851
1.689751 0.253094
1.690302 0.253241
1.690853 0.253046
1.691405 0.252802
1.691957 0.253094
1.692509 0.253387
1.693061 0.253387
1.693615 0.253436
1.694168 0.253436
1.694722 0.253728
1.695276 0.253875
1.695831 0.253387
1.696385 0.253436
1.696941 0.253631
1.697497 0.253582
1.698053 0.253826
1.698609 0.25407
1.699166 0.254216
1.699723 0.254167
1.70028 0.254021
1.700838 0.25407
1.701396 0.254313
1.701955 0.254557
1.702514 0.254313
1.703073 0.254313
1.703633 0.254265
1.704193 0.254118
1.704753 0.254021
1.705314 0.254021
1.705875 0.254265
1.706436 0.254606
1.706998 0.254508
1.707561 0.25446
1.708123 0.254557
1.708686 0.254655
1.70925 0.254508
1.709813 0.254557
1.710377 0.254655
1.710942 0.254801
1.711507 0.254898
1.712072 0.255045
1.712638 0.255045
1.713204 0.254947
1.71377 0.25485
1.714337 0.254947
1.714904 0.255191
1.715471 0.255386
1.716039 0.255386
1.716607 0.255435
1.717176 0.255484
1.717745 0.255581
1.718314 0.255484
1.718884 0.255337
1.719454 0.255386
1.720024 0.255532
1.720595 0.255435
1.721167 0.255484
1.721738 0.255337
1.72231 0.255435
1.722883 0.255435
1.723455 0.255289
1.724029 0.255289
1.724602 0.255289
1.725176 0.255484
1.72575 0.255581
1.726325 0.255532
1.7269 0.255386
1.727476 0.255484
1.728051 0.255581
1.728628 0.255679
1.729204 0.255727
1.729781 0.255727
1.730358 0.255874
1.730936 0.25563
1.731514 0.255386
1.732093 0.255191
1.732672 0.255289
1.733251 0.255337
1.733831 0.255386
1.734411 0.255484
1.734991 0.255386
1.735572 0.255581
1.736153 0.255874
1.736735 0.255825
1.737317 0.255727
1.7379 0.255532
1.738482 0.255581
1.739066 0.255679
1.739649 0.255727
1.740233 0.255727
1.740817 0.255776
1.741402 0.255825
1.741987 0.25563
1.742573 0.255484
1.743159 0.255532
1.743745 0.255337
1.744332 0.255581
1.744919 0.255776
1.745506 0.255776
1.746094 0.255679
1.746683 0.255776
1.747271 0.255679
1.74786 0.255581
1.74845 0.255484
1.74904 0.255484
1.74963 0.255337
1.750221 0.255289
1.750812 0.255191
1.751403 0.255337
1.751995 0.255289
1.752588 0.255386
1.75318 0.255191
1.753773 0.25485
1.754367 0.254752
1.754961 0.254752
1.755555 0.254801
1.75615 0.254606
1.756745 0.25446
1.75734 0.254606
1.757936 0.254752
1.758533 0.254752
1.759129 0.254411
1.759726 0.254021
1.760324 0.253923
1.760922 0.254118
1.76152 0.254021
1.762119 0.253826
1.762718 0.25368
1.763318 0.253533
1.763918 0.253387
1.764518 0.253241
1.765119 0.252851
1.76572 0.252802
1.766322 0.252607
1.766924 0.252461
1.767526 0.252461
1.768129 0.252558
1.768732 0.252314
1.769336 0.252022
1.76994 0.251827
1.770545 0.251583
1.771149 0.251047
1.771755 0.250754
1.77236 0.250413
1.772967 0.250218
1.773573 0.25012
1.77418 0.249828
1.774787 0.249243
1.775395 0.248804
1.776004 0.248706
1.776612 0.248511
1.777221 0.248024
1.777831 0.247731
1.778441 0.247487
1.779051 0.247244
1.779662 0.246659
1.780273 0.246269
1.780884 0.245927
1.781496 0.245488
1.782109 0.245196
1.782721 0.244806
1.783335 0.244611
1.783948 0.244708
1.784562 0.244465
1.785177 0.243782
1.785792 0.243343
1.786407 0.243294
1.787023 0.243148
1.787639 0.243002
1.788256 0.242661
1.788873 0.242417
1.789491 0.242076
1.790108 0.241783
1.790727 0.241539
1.791346 0.241539
1.791965 0.241295
1.792585 0.241052
1.793205 0.240954
1.793825 0.240857
1.794446 0.240564
1.795067 0.240272
1.795689 0.240223
1.796311 0.240174
1.796934 0.239979
1.797557 0.239833
1.79818 0.239686
1.798804 0.239686
1.799429 0.239686
1.800053 0.23954
1.800679 0.239248
1.801304 0.239053
1.801931 0.239004
1.802557 0.238906
1.803184 0.238565
1.803812 0.238419
1.804439 0.23837
1.805068 0.238273
1.805696 0.237931
1.806326 0.237882
1.806955 0.237687
1.807585 0.237151
1.808216 0.237005
1.808847 0.236859
1.809478 0.236469
1.81011 0.236176
1.810742 0.235981
1.811375 0.235883
1.812008 0.235542
1.812641 0.235201
1.813275 0.234957
1.81391 0.234616
1.814545 0.234128
1.81518 0.233446
1.815816 0.233202
1.816452 0.233104
1.817089 0.232666
1.817726 0.232422
1.818363 0.232129
1.819001 0.231885
1.81964 0.231447
1.820279 0.231105
1.820918 0.23091
1.821558 0.230667
1.822199 0.230618
1.822839 0.230618
1.82348 0.230569
1.824122 0.23052
1.824764 0.230276
1.825406 0.229643
1.826049 0.229106
1.826693 0.229253
1.827337 0.229399
1.827981 0.229448
1.828626 0.229301
1.829271 0.229301
1.829917 0.229301
1.830563 0.229155
1.83121 0.229058
1.831857 0.229204
1.832504 0.229106
1.833152 0.229106
1.833801 0.229058
1.83445 0.228911
1.835099 0.228911
1.835749 0.228765
1.836399 0.228911
1.83705 0.229058
1.837701 0.228765
1.838353 0.229253
1.839005 0.229155
1.839658 0.228619
1.840311 0.228668
1.840964 0.228619
1.841618 0.22818
1.842272 0.228521
1.842927 0.228765
1.843583 0.228668
1.844238 0.228668
1.844895 0.228814
1.845551 0.22857
1.846209 0.227936
1.846867 0.227156
1.847525 0.227107
1.848184 0.227205
1.848843 0.227644
1.849502 0.227644
1.850162 0.227302
1.850823 0.227205
1.851484 0.227107
1.852145 0.226864
1.852807 0.226571
1.853469 0.226132
1.854132 0.226181
1.854796 0.226522
1.855459 0.226425
1.856124 0.22584
1.856789 0.226035
1.857454 0.226522
1.85812 0.226571
1.858786 0.22623
1.859453 0.22584
1.86012 0.225937
1.860788 0.226278
1.861456 0.226425
1.862124 0.226376
1.862794 0.226327
1.863463 0.22623
1.864133 0.225937
1.864804 0.226035
1.865475 0.225888
1.866146 0.225645
1.866818 0.225206
1.867491 0.224621
1.868164 0.224572
1.868837 0.224913
1.869511 0.224572
1.870185 0.224036
1.87086 0.223499
1.871536 0.223743
1.872212 0.223353
1.872888 0.222475
1.873565 0.222573
1.874242 0.222817
1.87492 0.222427
1.875599 0.222232
1.876277 0.221793
1.876957 0.221061
1.877637 0.221013
1.878317 0.220915
1.878998 0.220574
1.879679 0.220233
1.880361 0.219745
1.881043 0.219258
1.881726 0.218916
1.882409 0.218624
1.883093 0.218039
1.883777 0.217161
1.884462 0.216868
1.885147 0.216673
1.885833 0.21604
1.886519 0.215552
1.887206 0.215162
1.887893 0.214577
1.888581 0.214041
1.889269 0.213358
1.889958 0.212627
1.890647 0.212432
1.891337 0.211895
1.892027 0.211359
1.892718 0.211066
1.893409 0.210481
1.894101 0.210043
1.894793 0.209799
1.895486 0.209311
1.896179 0.208775
1.896873 0.208239
1.897568 0.207556
1.898262 0.206873
1.898958 0.206288
1.899654 0.205606
1.90035 0.205264
1.901047 0.205167
1.901744 0.204777
1.902442 0.203948
1.90314 0.203558
1.903839 0.203363
1.904539 0.202729
1.905239 0.201949
1.905939 0.201608
1.90664 0.201218
1.907342 0.201071
1.908044 0.20073
1.908746 0.20034
1.909449 0.199852
1.910153 0.199365
1.910857 0.198877
1.911561 0.198536
1.912266 0.198341
1.912972 0.197853
1.913678 0.197463
1.914385 0.197415
1.915092 0.19722
1.9158 0.196878
1.916508 0.196537
1.917217 0.19644
1.917926 0.196049
1.918636 0.195757
1.919346 0.195172
1.920057 0.194587
1.920768 0.194489
1.92148 0.194831
1.922193 0.194782
1.922906 0.194636
1.92362 0.194245
1.924333 0.194099
1.925048 0.194002
1.925763 0.193612
1.926479 0.19327
1.927195 0.19327
1.927912 0.193124
1.928629 0.193173
1.929346 0.193222
1.930065 0.193173
1.930784 0.192978
1.931503 0.192637
1.932223 0.19249
1.932943 0.192539
1.933664 0.192344
1.934386 0.192295
1.935108 0.192295
1.93583 0.1921
1.936554 0.191905
1.937277 0.192051
1.938002 0.192051
1.938726 0.191759
1.939452 0.191613
1.940177 0.191759
1.940904 0.191613
1.941631 0.191661
1.942358 0.191564
1.943086 0.191564
1.943815 0.191564
1.944544 0.191271
1.945274 0.191028
1.946004 0.191271
1.946735 0.191223
1.947466 0.191028
1.948198 0.19093
1.94893 0.19093
1.949663 0.19093
1.950397 0.190979
1.951131 0.190784
1.951865 0.190735
1.952601 0.19054
1.953336 0.19054
1.954073 0.19054
1.954809 0.190394
1.955547 0.190296
1.956285 0.190247
1.957023 0.190004
1.957762 0.189857
1.958502 0.189711
1.959242 0.18976
1.959983 0.189614
1.960724 0.189662
1.961466 0.189662
1.962208 0.189614
1.962951 0.189467
1.963695 0.189419
1.964439 0.189272
1.965183 0.18937
1.965929 0.189321
1.966674 0.189272
1.967421 0.189175
1.968168 0.189224
1.968915 0.189126
1.969663 0.189126
1.970412 0.189029
1.971161 0.189029
1.971911 0.189029
1.972661 0.189175
1.973413 0.189029
1.974164 0.189029
1.974916 0.188882
1.975669 0.188638
1.976422 0.188687
1.977176 0.188785
1.97793 0.188687
1.978685 0.188687
1.97944 0.188687
1.980196 0.188541
1.980953 0.188346
1.98171 0.188297
1.982468 0.188151
1.983226 0.188395
1.983986 0.18859
1.984745 0.188492
1.985505 0.188346
1.986266 0.188151
1.987027 0.187956
1.987789 0.18781
1.988552 0.187858
1.989315 0.187956
1.990078 0.188005
1.990842 0.188102
1.991607 0.187907
1.992373 0.187907
1.993139 0.187907
1.993905 0.187858
1.994673 0.187761
1.99544 0.187761
1.996209 0.187663
1.996978 0.187566
1.997747 0.187663
1.998517 0.187712
1.999288 0.187517
2.000059 0.187517
2.000831 0.187566
2.001604 0.187517
2.002377 0.187468
2.003151 0.187468
2.003925 0.187517
2.0047 0.187517
2.005476 0.187273
2.006252 0.187176
2.007029 0.187078
2.007806 0.187273
2.008584 0.187273
2.009362 0.187127
2.010141 0.187078
2.010921 0.18703
2.011701 0.18703
2.012482 0.187078
2.013264 0.186932
2.014046 0.186834
2.014829 0.186737
2.015612 0.186737
2.016396 0.186639
2.01718 0.186688
2.017966 0.186688
2.018752 0.186591
2.019538 0.186591
2.020325 0.186347
2.021113 0.186249
2.021901 0.186493
2.02269 0.186444
2.023479 0.186347
2.02427 0.186249
2.02506 0.186444
2.025852 0.186347
2.026644 0.186249
2.027436 0.186103
2.028229 0.186006
2.029023 0.185957
2.029818 0.186201
2.030613 0.186201
2.031409 0.186103
2.032204 0.186103
2.033001 0.186103
2.033799 0.185908
2.034597 0.185957
2.035396 0.186006
2.036195 0.185908
2.036996 0.185811
2.037796 0.185908
2.038598 0.185811
2.0394 0.185713
2.040203 0.185567
2.041006 0.185469
2.04181 0.185518
2.042614 0.185518
2.043419 0.185421
2.044225 0.185226
2.045032 0.185031
2.045839 0.185128
2.046646 0.185226
2.047455 0.185274
2.048264 0.185226
2.049073 0.185226
2.049883 0.185079
2.050694 0.185177
2.051505 0.184982
2.052317 0.184738
2.05313 0.184592
2.053944 0.18464
2.054758 0.184543
2.055573 0.184348
2.056388 0.18425
2.057204 0.184445
2.058021 0.184445
2.058838 0.184299
2.059656 0.184299
2.060475 0.184202
2.061294 0.183909
2.062114 0.183665
2.062935 0.183665
2.063756 0.183665
2.064577 0.183422
2.0654 0.183227
2.066223 0.183129
2.067047 0.183129
2.067871 0.182983
2.068696 0.182934
2.069522 0.182836
2.070349 0.182641
2.071176 0.182593
2.072004 0.182446
2.072833 0.182203
2.073662 0.182251
2.074492 0.182251
2.075322 0.182105
2.076153 0.181813
2.076985 0.181715
2.077817 0.181618
2.07865 0.181618
2.079484 0.18152
2.080319 0.18152
2.081154 0.181569
2.08199 0.181471
2.082826 0.181374
2.083663 0.181423
2.084501 0.181423
2.08534 0.181325
2.086179 0.181179
2.087018 0.18113
2.087859 0.180984
2.0887 0.181032
2.089542 0.181228
2.090385 0.181325
2.091228 0.181228
2.092072 0.181179
2.092917 0.181032
2.093762 0.180984
2.094608 0.180886
2.095454 0.180935
2.096302 0.180935
2.09715 0.180935
2.097999 0.180886
2.098848 0.180789
2.099698 0.180594
2.100549 0.180496
2.1014 0.180447
2.102252 0.180447
2.103105 0.180496
2.103959 0.180496
2.104813 0.18035
2.105668 0.180252
2.106524 0.180009
2.10738 0.179765
2.108237 0.17957
2.109094 0.179521
2.109953 0.179424
2.110812 0.179277
2.111672 0.179082
2.112532 0.178887
2.113394 0.178692
2.114255 0.178448
2.115118 0.17801
2.115981 0.177717
2.116845 0.177181
2.11771 0.176644
2.118576 0.176108
2.119442 0.175669
2.120309 0.175133
2.121176 0.174548
2.122045 0.173914
2.122913 0.17328
2.123783 0.172403
2.124654 0.171769
2.125525 0.171135
2.126396 0.170599
2.127269 0.169965
2.128142 0.16938
2.129016 0.168843
2.129891 0.168356
2.130766 0.167819
2.131642 0.167429
2.132519 0.166942
2.133397 0.166601
2.134275 0.166259
2.135154 0.165967
2.136034 0.165625
2.136914 0.165089
2.137795 0.164699
2.138677 0.164407
2.13956 0.164114
2.140444 0.163821
2.141328 0.16348
2.142213 0.162993
2.143099 0.162359
2.143985 0.161774
2.144872 0.16114
2.14576 0.160604
2.146648 0.159921
2.147537 0.158995
2.148427 0.158215
2.149318 0.157581
2.150209 0.156654
2.151101 0.155582
2.151994 0.15446
2.152888 0.153339
2.153783 0.152266
2.154678 0.151242
2.155574 0.149877
2.15647 0.148561
2.157368 0.147391
2.158266 0.146123
2.159165 0.144758
2.160064 0.14349
2.160964 0.142174
2.161865 0.141101
2.162767 0.140028
2.16367 0.138712
2.164573 0.137298
2.165478 0.136177
2.166383 0.13525
2.167288 0.134129
2.168195 0.132861
2.169102 0.131789
2.17001 0.130716
2.170919 0.12979
2.171828 0.128863
2.172739 0.127888
2.17365 0.126718
2.174561 0.125499
2.175474 0.124475
2.176387 0.123549
2.177301 0.122622
2.178216 0.121745
2.179132 0.120818
2.180048 0.119941
2.180965 0.119161
2.181883 0.118478
2.182801 0.117893
2.183721 0.117503
2.184641 0.117113
2.185562 0.116869
2.186484 0.116479
2.187407 0.116089
2.18833 0.115553
2.189254 0.114968
2.190179 0.114334
2.191105 0.1137
2.192032 0.112871
2.192959 0.112091
2.193887 0.111213
2.194816 0.110238
2.195745 0.109166
2.196676 0.107995
2.197607 0.106874
2.198539 0.105655
2.199472 0.104436
2.200405 0.103364
2.201339 0.102193
2.202275 0.100974
2.203211 0.099804
2.204147 0.098829
2.205085 0.097903
2.206023 0.097123
2.206962 0.09644
2.207902 0.095953
2.208843 0.095465
2.209784 0.095075
2.210727 0.094782
2.21167 0.094539
2.212614 0.094392
2.213559 0.0941
2.214504 0.093661
2.215451 0.093417
2.216398 0.093027
2.217346 0.092783
2.218295 0.092247
2.219244 0.091662
2.220195 0.091223
2.221146 0.090687
2.222098 0.090199
2.223051 0.089614
2.224005 0.088883
2.224959 0.088444
2.225914 0.087957
2.226871 0.087323
2.227827 0.086543
2.228785 0.085909
2.229744 0.085177
2.230703 0.084495
2.231663 0.083763
2.232625 0.082935
2.233587 0.082008
2.234549 0.081082
2.235513 0.079912
2.236477 0.078742
2.237442 0.077571
2.238408 0.076353
2.239375 0.075036
2.240343 0.073768
2.241312 0.072257
2.242281 0.070746
2.243252 0.069234
2.244223 0.067723
2.245195 0.066114
2.246168 0.064553
2.247141 0.06314
2.248116 0.061969
2.249091 0.06075
2.250067 0.059727
2.251044 0.058898
2.252022 0.058459
2.253 0.057923
2.25398 0.057533
2.254961 0.057289
2.255942 0.056947
2.256924 0.056509
2.257907 0.056314
2.258891 0.05607
2.259876 0.055729
2.260861 0.055143
2.261847 0.05451
2.262835 0.053876
2.263823 0.053291
2.264812 0.052462
2.265802 0.051731
2.266792 0.051243
2.267784 0.05095
2.268776 0.050755
2.26977 0.050999
2.270764 0.051292
2.271759 0.051974
2.272755 0.052754
2.273752 0.053583
2.27475 0.054315
2.275748 0.055387
2.276747 0.056362
2.277748 0.057386
2.278749 0.058313
2.279751 0.059288
2.280754 0.060165
2.281758 0.061092
2.282763 0.061823
2.283768 0.062506
2.284775 0.063091
2.285782 0.063676
2.286791 0.064115
2.2878 0.0647
2.28881 0.065236
2.289821 0.065626
2.290832 0.065967
2.291845 0.066406
2.292859 0.066748
2.293873 0.067089
2.294889 0.06743
2.295905 0.067918
2.296922 0.068259
2.29794 0.068649
2.29896 0.068844
2.299979 0.068942
2.301001 0.069137
2.302022 0.069478
2.303045 0.069527
2.304068 0.069429
2.305093 0.069478
2.306118 0.069624
2.307145 0.069527
2.308172 0.069429
2.309201 0.069332
2.31023 0.069464
2.31126 0.069332
2.31229 0.069155
2.313322 0.069243
2.314355 0.069288
2.315388 0.069508
2.316423 0.069816
2.317458 0.070081
2.318495 0.070125
2.319532 0.070213
2.32057 0.070742
2.321609 0.071271
2.32265 0.071491
2.323691 0.071579
2.324733 0.071932
2.325776 0.072373
2.32682 0.072681
2.327865 0.072946
2.32891 0.07321
2.329957 0.073607
2.331005 0.073871
2.332053 0.074048
2.333103 0.074312
2.334153 0.0744
2.335205 0.074444
2.336257 0.07418
2.33731 0.074092
2.338365 0.074268
2.33942 0.074356
2.340476 0.0744
2.341533 0.074092
2.342591 0.073607
2.34365 0.07321
2.34471 0.072858
2.345771 0.072505
2.346833 0.072241
2.347896 0.0718
2.34896 0.071447
2.350024 0.071139
2.35109 0.07083
2.352157 0.070478
2.353225 0.070213
2.354293 0.070169
2.355363 0.070081
2.356434 0.070081
2.357505 0.070037
2.358577 0.069993
2.359651 0.069949
2.360726 0.069993
2.361801 0.069949
2.362878 0.069772
2.363955 0.069728
2.365033 0.06964
2.366114 0.069772
2.367194 0.069949
2.368275 0.069949
2.369358 0.069993
2.370441 0.070213
2.371525 0.070213
2.372611 0.070257
2.373697 0.070566
2.374785 0.070654
2.375873 0.070478
2.376962 0.070566
2.378052 0.070742
2.379144 0.07061
2.380236 0.07061
2.38133 0.07083
2.382424 0.070874
2.383519 0.07083
2.384615 0.070962
2.385713 0.070918
2.386811 0.070654
2.387911 0.070654
2.389011 0.070742
2.390113 0.070698
2.391215 0.070786
2.392318 0.070742
2.393423 0.070698
2.394528 0.07083
2.395635 0.070874
2.396743 0.070698
2.397851 0.070742
2.398961 0.070874
2.400071 0.071006
2.401183 0.071095
2.402296 0.071139
2.40341 0.071139
2.404524 0.071271
2.40564 0.071403
2.406757 0.071624
2.407875 0.071579
2.408994 0.071668
2.410113 0.072064
2.411234 0.072505
2.412356 0.072725
2.413479 0.072725
2.414603 0.072814
2.415729 0.073034
2.416855 0.073166
2.417982 0.073166
2.419111 0.073298
2.42024 0.073563
2.421371 0.073783
2.422502 0.073915
2.423635 0.074092
2.424768 0.074312
2.425903 0.074268
2.427038 0.074312
2.428176 0.074444
2.429314 0.074621
2.430453 0.074885
2.431592 0.075282
2.432734 0.07537
2.433876 0.075326
2.435019 0.075546
2.436163 0.075855
2.437308 0.076031
2.438454 0.076163
2.439602 0.076472
2.44075 0.076736
2.4419 0.077001
2.443051 0.077265
2.444203 0.077442
2.445355 0.077706
2.44651 0.078235
2.447665 0.078411
2.448821 0.078367
2.449978 0.078367
2.451137 0.078411
2.452296 0.078588
2.453457 0.078764
2.454618 0.078764
2.455781 0.078588
2.456945 0.078499
2.45811 0.078323
2.459276 0.078411
2.460443 0.078588
2.461612 0.078632
2.462781 0.078323
2.463952 0.078059
2.465123 0.077926
2.466296 0.077838
2.46747 0.07753
2.468645 0.077177
2.469821 0.077001
2.470998 0.07678
2.472176 0.076384
2.473356 0.076075
2.474536 0.075899
2.475718 0.075723
2.476901 0.075502
2.478085 0.075194
2.47927 0.074753
2.480456 0.074312
2.481644 0.07396
2.482832 0.073519
2.484022 0.07299
2.485213 0.072637
2.486404 0.072417
2.487597 0.072329
2.488792 0.072108
2.489987 0.071976
2.491184 0.071624
2.492381 0.071227
2.493581 0.070874
2.494781 0.070566
2.495982 0.070169
2.497184 0.069905
2.498387 0.069772
2.499592 0.06964
2.500798 0.069376
2.502005 0.069067
2.503213 0.069067
2.504422 0.069155
2.505633 0.069023
2.506844 0.069023
2.508057 0.069199
2.509271 0.069155
2.510486 0.069067
2.511703 0.068847
2.51292 0.06867
2.514138 0.068582
2.515358 0.06845
2.516579 0.068318
2.517802 0.068274
2.519025 0.06823
2.52025 0.068009
2.521476 0.068009
2.522703 0.068053
2.523931 0.067921
2.52516 0.067745
2.526391 0.067569
2.527622 0.06748
2.528856 0.067304
2.53009 0.066907
2.531325 0.066687
2.532562 0.066599
2.5338 0.066467
2.535039 0.065717
2.536279 0.064924
2.53752 0.064483
2.538763 0.063954
2.540007 0.063073
2.541252 0.061927
2.542498 0.060913
2.543746 0.060252
2.544994 0.059591
2.546244 0.058886
2.547495 0.058048
2.548748 0.05774
2.550002 0.057255
2.551256 0.05655
2.552513 0.056065
2.553771 0.056285
2.555029 0.056329
2.556289 0.056021
2.55755 0.055668
2.558813 0.055051
2.560076 0.053861
2.561341 0.052803
2.562607 0.05245
2.563875 0.052318
2.565143 0.05245
2.566413 0.052495
2.567684 0.051877
2.568957 0.050952
2.57023 0.050996
2.571505 0.051305
2.572781 0.050335
2.574058 0.050467
2.575337 0.050643
2.576617 0.050026
2.577898 0.05007
2.579181 0.05007
2.580465 0.049321
2.58175 0.048792
2.583036 0.04769
2.584324 0.047514
2.585613 0.047911
2.586903 0.047161
2.588195 0.046897
2.589488 0.047073
2.590782 0.047161
2.592077 0.046588
2.593373 0.044429
2.594671 0.042666
2.595971 0.04434
2.597271 0.046412
2.598573 0.047161
2.599876 0.046897
2.601181 0.046368
2.602487 0.046192
2.603794 0.045619
2.605102 0.044605
2.606412 0.044913
2.607723 0.045486
2.609035 0.045531
2.610349 0.045619
2.611664 0.045751
2.612981 0.045663
2.614299 0.045663
2.615618 0.044693
2.616938 0.04412
2.61826 0.044913
2.619583 0.044252
2.620907 0.04434
2.622233 0.045486
2.62356 0.045619
2.624888 0.045002
2.626217 0.043988
2.627548 0.044252
2.628881 0.043856
2.630215 0.042533
2.63155 0.043195
2.632886 0.043635
2.634224 0.043283
2.635564 0.043327
2.636904 0.043327
2.638246 0.043283
2.63959 0.043018
2.640934 0.042622
2.64228 0.042357
2.643628 0.042049
2.644976 0.041255
2.646327 0.040947
2.647678 0.040858
2.649031 0.040638
2.650386 0.040241
2.651741 0.039404
2.653098 0.039095
2.654457 0.038919
2.655817 0.038478
2.657177 0.03839
2.65854 0.037773
2.659904 0.0372
2.66127 0.036936
2.662637 0.036451
2.664005 0.035217
2.665375 0.034027
2.666745 0.033762
2.668118 0.034335
2.669492 0.033057
2.670867 0.032484
2.672244 0.033718
2.673622 0.033586
2.675002 0.032396
2.676383 0.031294
2.677765 0.030985
2.67915 0.030589
2.680535 0.030589
2.681922 0.030148
2.68331 0.029443
2.6847 0.028693
2.68609 0.027944
2.687483 0.027283
2.688877 0.026798
2.690272 0.026225
2.691669 0.025564
2.693067 0.024418
2.694467 0.023757
2.695868 0.023404
2.69727 0.02314
2.698674 0.022875
2.70008 0.022214
2.701487 0.021641
2.702896 0.021421
2.704306 0.021156
2.705717 0.020804
2.70713 0.020363
2.708544 0.019834
2.70996 0.019129
2.711378 0.01882
2.712797 0.018953
2.714217 0.018688
2.715639 0.018247
2.717062 0.017763
2.718487 0.01719
2.719913 0.016264
2.721341 0.016
2.72277 0.015823
2.7242 0.015206
2.725633 0.01503
2.727067 0.014986
2.728502 0.014677
2.729939 0.014148
2.731377 0.013796
2.732817 0.013267
2.734258 0.01265
2.735701 0.012341
2.737146 0.011812
2.738592 0.010887
2.740039 0.010314
2.741488 0.010137
2.742939 0.010093
2.744391 0.009741
2.745844 0.009344
2.747299 0.008992
2.748756 0.008551
2.750214 0.008154
2.751674 0.007801
2.753135 0.007493
2.754598 0.007184
2.756062 0.007625
2.757528 0.008815
2.758996 0.009785
2.760465 0.010534
2.761936 0.010843
2.763408 0.010975
2.764882 0.011151
2.766357 0.011239
2.767834 0.011195
2.769313 0.011107
2.770793 0.010931
2.772275 0.011107
2.773758 0.011195
2.775243 0.011063
2.77673 0.011063
2.778218 0.011151
2.779707 0.011063
2.781199 0.010931
2.782691 0.010887
2.784185 0.010799
2.785681 0.01049
2.787179 0.010314
2.788678 0.010358
2.790179 0.010182
2.791682 0.009917
2.793186 0.009829
2.794692 0.009697
2.7962 0.009344
2.797709 0.008859
2.799219 0.008683
2.800731 0.008419
2.802245 0.008066
2.803761 0.007846
2.805278 0.007537
2.806797 0.00714
2.808318 0.00692
2.80984 0.006655
2.811363 0.006347
2.812889 0.006038
2.814416 0.00573
2.815945 0.00551
2.817475 0.005333
2.819007 0.005201
2.82054 0.005201
2.822076 0.005245
2.823613 0.005554
2.825152 0.006259
2.826692 0.007361
2.828234 0.008859
2.829778 0.010755
2.831324 0.01287
2.832871 0.014721
2.83442 0.016088
2.835971 0.016837
2.837523 0.017057
2.839077 0.017057
2.840632 0.017101
2.84219 0.017101
2.843749 0.017146
2.84531 0.017278
2.846872 0.017278
2.848437 0.01741
2.850003 0.017807
2.85157 0.018115
2.85314 0.018336
2.854711 0.018776
2.856283 0.019261
2.857857 0.01979
2.859434 0.020539
2.861012 0.021333
2.862592 0.022082
2.864173 0.022787
2.865757 0.023625
2.867342 0.024374
2.868929 0.024947
2.870517 0.025564
2.872108 0.026225
2.873699 0.026886
2.875293 0.027415
2.876889 0.027944
2.878486 0.028429
2.880085 0.028738
2.881686 0.029046
2.883289 0.029399
2.884893 0.029619
2.886499 0.029751
2.888107 0.029795
2.889717 0.029619
2.891329 0.029619
2.892942 0.029707
2.894558 0.029531
2.896175 0.029311
2.897794 0.028958
2.899415 0.028517
2.901037 0.028121
2.902662 0.027812
2.904288 0.027415
2.905916 0.026842
2.907546 0.026225
2.909178 0.025696
2.910811 0.025211
2.912446 0.024683
2.914083 0.024198
2.915722 0.023669
2.917363 0.02314
2.919006 0.022787
2.92065 0.022435
2.922296 0.022082
2.923944 0.021774
2.925594 0.021421
2.927246 0.021068
2.9289 0.020848
2.930556 0.020539
2.932213 0.020363
2.933873 0.020187
2.935534 0.020099
2.937198 0.020055
2.938863 0.020143
2.94053 0.020275
2.942199 0.020451
2.943869 0.020672
2.945542 0.020716
2.947217 0.020672
2.948893 0.02076
2.950572 0.02076
2.952252 0.020892
2.953934 0.021068
2.955618 0.021245
2.957304 0.021421
2.958992 0.021641
2.960681 0.021818
2.962373 0.021994
2.964067 0.022082
2.965763 0.022082
2.96746 0.021994
2.96916 0.021994
2.970861 0.022082
2.972565 0.022126
2.974271 0.021994
2.975978 0.022038
2.977687 0.022214
2.979398 0.022302
2.981112 0.022258
2.982827 0.022258
2.984544 0.022258
2.986264 0.022258
2.987985 0.022214
2.989709 0.02217
2.991434 0.022214
2.993161 0.022302
2.99489 0.022302
2.996621 0.022391
2.998354 0.022479
3.000089 0.022479
3.001826 0.022435
3.003565 0.022479
3.005306 0.022479
3.00705 0.022435
3.008795 0.022258
3.010542 0.022258
3.012291 0.022391
3.014043 0.022391
3.015796 0.022391
3.017552 0.022523
3.019309 0.022435
3.021069 0.022347
3.02283 0.022391
3.024594 0.022391
3.02636 0.022479
3.028127 0.022567
3.029897 0.022479
3.031669 0.022435
3.033443 0.022523
3.035219 0.022567
3.036998 0.022523
3.038778 0.022567
3.04056 0.022523
3.042344 0.022523
3.04413 0.022479
3.045919 0.022435
3.047709 0.022391
3.049502 0.022391
3.051297 0.022391
3.053094 0.022435
3.054893 0.022479
3.056694 0.022523
3.058498 0.022523
3.060303 0.022435
3.062111 0.022479
3.063921 0.022611
3.065733 0.022655
3.067547 0.022567
3.069363 0.022523
3.071181 0.022523
3.073001 0.022523
3.074824 0.022611
3.076649 0.022567
3.078476 0.022611
3.080305 0.022655
3.082136 0.022567
3.08397 0.022655
3.085805 0.022787
3.087644 0.022743
3.089484 0.022699
3.091326 0.022699
3.093171 0.022743
3.095017 0.022787
3.096866 0.022831
3.098717 0.022831
3.10057 0.022875
3.102426 0.02292
3.104284 0.022964
3.106144 0.022964
3.108006 0.023008
3.109871 0.023052
3.111737 0.023096
3.113606 0.023096
3.115477 0.02314
3.11735 0.02314
3.119226 0.02314
3.121104 0.02314
3.122984 0.023184
3.124866 0.023184
3.126751 0.023228
3.128638 0.023228
3.130527 0.023228
3.132419 0.023316
3.134313 0.023493
3.136209 0.023448
3.138108 0.02336
3.140008 0.023404
3.141912 0.023493
3.143817 0.023493
3.145725 0.023493
3.147635 0.023581
3.149547 0.023625
3.151462 0.023581
3.153378 0.023625
3.155298 0.023757
3.157219 0.023757
3.159143 0.023669
3.16107 0.023713
3.162998 0.023757
3.164929 0.023757
3.166862 0.023801
3.168798 0.023757
3.170736 0.023801
3.172677 0.023933
3.174619 0.023977
3.176565 0.023933
3.178513 0.023933
3.180463 0.023933
3.182415 0.023889
3.18437 0.023977
3.186327 0.023933
3.188287 0.023933
3.190248 0.023889
3.192213 0.023889
3.19418 0.023933
3.196149 0.02411
3.198121 0.02411
3.200095 0.024066
3.202072 0.024066
3.204051 0.024021
3.206032 0.024066
3.208016 0.024198
3.210002 0.024286
3.211991 0.024286
3.213982 0.024198
3.215976 0.024198
3.217972 0.024242
3.219971 0.024242
3.221972 0.024286
3.223976 0.024286
3.225982 0.024242
3.227991 0.024242
3.230002 0.024198
3.232016 0.02433
3.234032 0.024418
3.236051 0.024418
3.238072 0.024374
3.240096 0.02433
3.242123 0.024462
3.244152 0.024506
3.246183 0.024506
3.248217 0.024462
3.250253 0.024462
3.252293 0.024506
3.254334 0.02455
3.256378 0.024638
3.258425 0.024683
3.260474 0.024683
3.262526 0.024506
3.26458 0.024506
3.266638 0.024638
3.268697 0.024594
3.27076 0.02455
3.272825 0.024638
3.274892 0.024727
3.276962 0.024815
3.279035 0.024771
3.28111 0.024771
3.283188 0.024815
3.285269 0.024771
3.287352 0.024771
3.289438 0.024771
3.291526 0.024727
3.293617 0.024683
3.295711 0.024771
3.297807 0.024859
3.299906 0.024815
3.302008 0.024727
3.304113 0.024771
3.30622 0.024815
3.30833 0.024815
3.310443 0.024947
3.312558 0.025035
3.314676 0.024903
3.316797 0.024815
3.31892 0.024815
3.321046 0.024859
3.323175 0.024815
3.325307 0.024771
3.327442 0.024815
3.329579 0.024815
3.331719 0.024859
3.333861 0.024859
3.336007 0.024815
3.338155 0.024859
3.340306 0.024903
3.342458 0.024859
3.344615 0.024903
3.346774 0.024947
3.348936 0.024903
3.351101 0.024947
3.353268 0.024991
3.355439 0.024991
3.357612 0.025035
3.359789 0.025123
3.361968 0.025123
3.364149 0.025079
3.366334 0.025167
3.368521 0.025256
3.370711 0.025256
3.372904 0.025211
3.3751 0.025256
3.3773 0.025344
3.379501 0.025388
3.381706 0.025344
3.383913 0.025344
3.386123 0.025388
3.388336 0.025432
3.390553 0.025476
3.392771 0.025476
3.394992 0.025564
3.397217 0.02552
3.399445 0.025432
3.401675 0.025564
3.403909 0.025608
3.406146 0.025564
3.408385 0.025608
3.410627 0.025652
3.412873 0.025696
3.415121 0.025696
3.417372 0.02574
3.419626 0.025784
3.421884 0.025873
3.424144 0.025873
3.426407 0.025961
3.428673 0.025961
3.430943 0.026005
3.433215 0.026137
3.43549 0.026225
3.437768 0.026269
3.440049 0.026225
3.442333 0.026093
3.444621 0.026005
3.446911 0.026093
3.449204 0.026225
3.4515 0.026313
3.4538 0.026357
3.456102 0.026446
3.458408 0.026534
3.460716 0.02649
3.463028 0.026578
3.465343 0.026666
3.467662 0.026578
3.469983 0.026578
3.472307 0.02671
3.474634 0.026754
3.476965 0.026842
3.479298 0.026886
3.481635 0.026798
3.483975 0.026798
3.486317 0.02693
3.488663 0.027019
3.491012 0.027019
3.493365 0.027019
3.49572 0.027063
3.498079 0.027063
3.500441 0.027107
3.502806 0.027195
3.505175 0.027195
3.507547 0.027151
3.509921 0.027283
3.512299 0.027371
3.514681 0.027371
3.517065 0.027371
3.519453 0.027459
3.521844 0.027459
3.524238 0.027548
3.526636 0.027636
3.529036 0.027768
3.53144 0.027768
3.533848 0.027724
3.536258 0.027724
3.538672 0.027768
3.541089 0.0279
3.543509 0.027944
3.545932 0.027988
3.548359 0.027988
3.55079 0.028121
3.553223 0.028165
3.55566 0.028165
3.558101 0.028297
3.560545 0.028385
3.562992 0.028429
3.565443 0.028473
3.567896 0.028561
3.570354 0.028561
3.572814 0.028561
3.575278 0.028605
3.577746 0.028693
3.580216 0.028782
3.582691 0.028826
3.585169 0.028914
3.58765 0.029002
3.590135 0.029046
3.592623 0.02909
3.595114 0.029178
3.597609 0.029178
3.600107 0.029222
3.602608 0.029311
3.605114 0.029355
3.607622 0.029399
3.610135 0.029487
3.61265 0.029487
3.61517 0.029575
3.617692 0.029663
3.620219 0.029707
3.622749 0.029751
3.625283 0.029795
3.627819 0.029884
3.63036 0.029928
3.632904 0.029972
3.635452 0.030016
3.638003 0.030104
3.640558 0.030148
3.643116 0.03028
3.645679 0.030457
3.648244 0.030457
3.650813 0.030368
3.653386 0.030368
3.655962 0.030501
3.658543 0.030589
3.661126 0.030589
3.663713 0.030589
3.666304 0.030721
3.668898 0.030809
3.671497 0.030809
3.674099 0.030853
3.676705 0.030985
3.679314 0.03103
3.681927 0.031118
3.684544 0.031162
3.687165 0.031206
3.689789 0.031294
3.692417 0.031338
3.695049 0.031338
3.697685 0.031382
3.700324 0.03147
3.702967 0.03147
3.705615 0.031514
3.708265 0.031603
3.71092 0.031603
3.713578 0.031647
3.71624 0.031735
3.718906 0.031779
3.721576 0.031779
3.724249 0.031867
3.726926 0.031911
3.729607 0.031955
3.732292 0.032043
3.734981 0.032087
3.737674 0.032043
3.740371 0.031999
3.743071 0.031999
3.745776 0.032043
3.748485 0.032131
3.751197 0.032175
3.753913 0.03222
3.756634 0.032352
3.759358 0.032484
3.762086 0.03244
3.764818 0.03244
3.767554 0.032484
3.770293 0.032528
3.773037 0.032572
3.775785 0.032572
3.778537 0.032572
3.781293 0.032616
3.784053 0.032616
3.786817 0.03266
3.789586 0.032748
3.792358 0.032837
3.795134 0.032925
3.797915 0.032925
3.800699 0.032969
3.803488 0.032925
3.80628 0.032925
3.809077 0.032969
3.811877 0.033057
3.814683 0.033145
3.817492 0.033189
3.820305 0.033145
3.823123 0.033145
3.825944 0.033101
3.82877 0.033057
3.8316 0.032925
3.834434 0.032881
3.837271 0.032837
3.840113 0.032881
3.84296 0.033013
3.845811 0.033145
3.848666 0.033233
3.851525 0.033321
3.854389 0.03341
3.857257 0.033498
3.86013 0.033542
3.863006 0.033586
3.865887 0.03363
3.868772 0.033674
3.871661 0.033718
3.874554 0.03385
3.877452 0.03385
3.880355 0.033806
3.883262 0.033806
3.886173 0.03385
3.889088 0.033894
3.892008 0.03385
3.894932 0.033894
3.897861 0.033939
3.900793 0.033939
3.903731 0.033939
3.906672 0.033894
3.909618 0.03385
3.912569 0.03385
3.915524 0.033894
3.918483 0.03385
3.921447 0.03385
3.924416 0.033894
3.927389 0.033939
3.930367 0.033939
3.933349 0.033894
3.936336 0.033894
3.939327 0.033939
3.942322 0.034071
3.945323 0.034071
3.948327 0.033983
3.951337 0.033939
3.954351 0.033939
3.95737 0.033894
3.960393 0.033894
3.963421 0.033894
3.966453 0.03385
3.96949 0.03385
3.972532 0.033894
3.975579 0.033939
3.978629 0.033894
3.981685 0.03385
3.984745 0.03385
3.98781 0.033939
3.99088 0.033939
3.993955 0.033939
3.997034 0.033939
4.000118 0.033983
4.003208 0.033983
4.006302 0.033983
4.0094 0.034071
4.012504 0.034115
4.015612 0.034115
4.018724 0.034203
4.021842 0.034203
4.024965 0.034203
4.028091 0.034159
4.031223 0.034159
4.03436 0.034071
4.037502 0.034027
4.040649 0.034115
4.043801 0.034159
4.046958 0.034115
4.050119 0.034115
4.053287 0.034115
4.056458 0.034159
4.059635 0.034115
4.062816 0.034115
4.066003 0.034115
4.069194 0.034071
4.072391 0.034071
4.075593 0.034115
4.078799 0.034159
4.082011 0.034159
4.085227 0.034159
4.088449 0.034203
4.091676 0.034159
4.094908 0.034115
4.098145 0.034115
4.101388 0.034115
4.104634 0.034159
4.107887 0.034115
4.111144 0.034071
4.114407 0.034115
4.117675 0.034159
4.120948 0.034203
4.124227 0.034203
4.12751 0.034159
4.130799 0.034159
4.134094 0.034203
4.137393 0.034159
4.140697 0.034159
4.144008 0.034203
4.147323 0.034247
4.150643 0.034247
4.153969 0.034247
4.157301 0.034203
4.160638 0.034203
4.16398 0.034247
4.167327 0.034291
4.17068 0.034247
4.174038 0.034203
4.177401 0.034247
4.18077 0.034159
4.184143 0.034203
4.187523 0.034291
4.190908 0.034291
4.194299 0.034291
4.197695 0.034291
4.201097 0.034291
4.204504 0.034247
4.207917 0.034071
4.211336 0.033983
4.214759 0.03385
4.218189 0.033674
4.221624 0.033542
4.225064 0.033454
4.22851 0.033454
4.231962 0.033321
4.23542 0.033233
4.238883 0.033233
4.242352 0.033189
4.245827 0.033057
4.249307 0.032969
4.252793 0.032704
4.256284 0.032131
4.259782 0.03125
4.263285 0.030457
4.266792 0.030104
4.270307 0.030501
4.273828 0.031338
4.277354 0.032087
4.280886 0.03266
4.284424 0.033013
4.287968 0.033233
4.291517 0.033454
4.295074 0.033542
4.298635 0.03363
4.302202 0.033718
4.305776 0.033894
4.309355 0.033983
4.31294 0.034027
4.316531 0.034071
4.320128 0.034115
4.323732 0.034115
4.327342 0.034115
4.330956 0.034115
4.334578 0.034203
4.338205 0.034247
4.341838 0.034203
4.345478 0.034203
4.349123 0.034203
4.352774 0.034159
4.356431 0.034071
4.360096 0.034027
4.363765 0.033983
4.367442 0.033939
4.371124 0.033939
4.374813 0.033939
4.378508 0.033939
4.38221 0.033894
4.385918 0.033894
4.389631 0.033806
4.393351 0.033806
4.397078 0.033806
4.40081 0.033718
4.404549 0.033718
4.408295 0.033718
4.412045 0.033674
4.415803 0.033586
4.419568 0.033542
4.423338 0.033542
4.427116 0.033498
4.4309 0.033366
4.43469 0.033277
4.438487 0.033277
4.442291 0.033321
4.446101 0.033189
4.449917 0.032969
4.45374 0.032881
4.45757 0.032881
4.461406 0.032837
4.465249 0.032793
4.469098 0.032748
4.472954 0.03266
4.476817 0.032528
4.480686 0.032484
4.484562 0.032396
4.488445 0.032308
4.492334 0.032264
4.496231 0.032131
4.500134 0.032043
4.504043 0.031955
4.507959 0.031823
4.511883 0.031735
4.515813 0.031603
4.51975 0.03147
4.523694 0.031382
4.527645 0.031294
4.531602 0.031162
4.535568 0.03103
4.539539 0.030897
4.543518 0.030677
4.547503 0.030501
4.551496 0.030457
4.555496 0.030324
4.559502 0.03006
4.563516 0.029795
4.567537 0.029663
4.571565 0.029575
4.5756 0.029311
4.579642 0.029134
4.583691 0.028914
4.587747 0.028649
4.591811 0.028429
4.595881 0.028253
4.599958 0.028032
4.604044 0.027812
4.608136 0.027548
4.612236 0.027327
4.616343 0.027151
4.620458 0.026975
4.624579 0.02671
4.628708 0.026578
4.632845 0.02649
4.636989 0.026357
4.64114 0.026313
4.645299 0.026269
4.649466 0.026181
4.653639 0.026093
4.65782 0.026049
4.662009 0.026049
4.666206 0.026005
4.67041 0.025829
4.674621 0.02574
4.67884 0.025696
4.683066 0.025608
4.687301 0.02552
4.691543 0.025344
4.695792 0.025167
4.700048 0.025079
4.704313 0.024991
4.708586 0.024859
4.712867 0.024683
4.717155 0.024594
4.721451 0.02455
4.725755 0.024418
4.730067 0.02433
4.734388 0.024198
4.738715 0.02411
4.743051 0.024066
4.747394 0.023977
4.751746 0.023889
4.756105 0.023801
4.760472 0.023757
4.764848 0.023669
4.769232 0.023581
4.773623 0.023493
4.778023 0.023404
4.782431 0.023404
4.786847 0.02336
4.791271 0.023316
4.795703 0.02336
4.800144 0.023272
4.804591 0.023228
4.809048 0.02314
4.813513 0.023096
4.817986 0.023052
4.822468 0.022964
4.826958 0.022875
4.831457 0.022787
4.835964 0.022831
4.84048 0.022831
4.845004 0.022787
4.849536 0.022743
4.854077 0.022655
4.858626 0.022523
4.863184 0.022435
4.867751 0.022435
4.872326 0.022435
4.876908 0.022347
4.8815 0.022302
4.886101 0.022214
4.89071 0.022214
4.895329 0.022214
4.899956 0.02217
4.904591 0.022038
4.909236 0.021994
4.91389 0.02195
4.918552 0.02195
4.923223 0.021818
4.927903 0.021685
4.932591 0.021641
4.937289 0.021553
4.941996 0.021421
4.946712 0.021333
4.951437 0.021289
4.956171 0.021112
4.960914 0.021024
4.965665 0.02098
4.970426 0.020892
4.975196 0.020848
4.979976 0.020848
4.984764 0.020892
4.989561 0.020936
4.994367 0.020936
4.999184 0.020892
5.004009 0.020936
5.008844 0.021024
5.013688 0.021112
5.018541 0.021068
5.023404 0.021112
5.028277 0.021245
5.033159 0.021377
5.038051 0.021421
5.042951 0.021421
5.047862 0.021465
5.052782 0.021553
5.057711 0.021597
5.06265 0.021641
5.0676 0.021641
5.072558 0.021641
5.077527 0.021641
5.082504 0.021597
5.087492 0.021685
5.09249 0.021729
5.097497 0.021729
5.102514 0.021818
5.10754 0.021818
5.112577 0.021818
5.117624 0.021774
5.122681 0.021774
5.127748 0.021729
5.132825 0.021685
5.137912 0.021685
5.143009 0.021685
5.148117 0.021685
5.153234 0.021729
5.158362 0.021774
5.1635 0.021818
5.168648 0.021818
5.173806 0.021862
5.178975 0.021862
5.184154 0.021906
5.189344 0.021818
5.194544 0.021729
5.199754 0.021729
5.204975 0.021774
5.210206 0.021641
5.215447 0.021641
5.2207 0.021685
5.225963 0.021641
5.231235 0.021509
5.236519 0.021377
5.241814 0.021421
5.247119 0.021465
5.252435 0.021421
5.257762 0.021333
5.2631 0.021289
5.268449 0.021245
5.273809 0.021156
5.27918 0.021024
5.284561 0.020936
5.289953 0.020804
5.295357 0.020848
5.300771 0.020936
5.306197 0.020892
5.311634 0.02098
5.31708 0.02098
5.322538 0.020892
5.328009 0.020804
5.33349 0.020804
5.338983 0.020848
5.344487 0.020672
5.350003 0.020451
5.355529 0.020584
5.361069 0.020716
5.366619 0.02076
5.37218 0.020672
5.377753 0.020672
5.383337 0.020584
5.388933 0.020539
5.394541 0.020451
5.40016 0.020407
5.405792 0.020275
5.411435 0.020187
5.417089 0.019878
5.422756 0.019614
5.428434 0.019878
5.434124 0.019922
5.439826 0.019834
5.44554 0.019834
5.451264 0.019834
5.457003 0.019658
5.462753 0.019438
5.468515 0.019393
5.47429 0.019349
5.480077 0.019261
5.485876 0.019349
5.491687 0.019305
5.497512 0.019173
5.503348 0.019085
5.509196 0.018997
5.515058 0.018865
5.520931 0.018688
5.526816 0.0186
5.532715 0.018644
5.538626 0.018644
5.544551 0.018512
5.550487 0.01838
5.556436 0.018292
5.562398 0.018292
5.568373 0.018292
5.57436 0.018027
5.58036 0.017895
5.586374 0.018203
5.592398 0.018424
5.598437 0.018336
5.604489 0.018247
5.610555 0.018203
5.616633 0.018115
5.622725 0.018115
5.62883 0.018115
5.634949 0.017851
5.641082 0.017454
5.647227 0.017586
5.653385 0.017719
5.659557 0.017807
5.665742 0.017807
5.671941 0.017542
5.678154 0.017454
5.68438 0.017542
5.69062 0.01741
5.696874 0.01741
5.703141 0.017278
5.709422 0.016881
5.715717 0.016969
5.722026 0.017101
5.728348 0.017101
5.734685 0.017057
5.741033 0.016925
5.747398 0.016705
5.753777 0.016749
5.76017 0.016308
5.766577 0.015779
5.772999 0.016176
5.779435 0.01644
5.785885 0.016529
5.792351 0.016484
5.798831 0.016396
5.805324 0.016264
5.811832 0.016
5.818355 0.015427
5.824893 0.01525
5.831445 0.015515
5.838012 0.015735
5.844594 0.015779
5.851191 0.015603
5.857803 0.015383
5.864429 0.015206
5.871071 0.015074
5.877727 0.014369
5.884399 0.014325
5.891086 0.014413
5.897785 0.014325
5.904502 0.014898
5.911235 0.01503
5.917983 0.014854
5.924747 0.014677
5.931525 0.013972
5.93832 0.013752
5.94513 0.014369
5.951957 0.014545
5.958798 0.014457
5.965655 0.014104
5.972528 0.014148
5.979417 0.014237
5.986322 0.013972
5.993242 0.013928
6.000179 0.014192
6.00713 0.01406
6.014098 0.013928
6.021083 0.014016
6.028085 0.01406
6.035102 0.013884
6.042136 0.013135
6.049186 0.012562
6.056253 0.013311
6.063337 0.013619
6.070437 0.013223
6.077554 0.013311
6.084687 0.013752
6.091837 0.01384
6.099004 0.013708
6.106188 0.013311
6.113389 0.013002
6.120608 0.013399
6.127842 0.013708
6.135094 0.013619
6.142364 0.013487
6.14965 0.013487
6.156953 0.013355
6.164274 0.013443
6.171613 0.013575
6.178967 0.013223
6.18634 0.013091
6.193731 0.013531
6.201139 0.013619
6.208566 0.013487
6.216011 0.013487
6.223473 0.013531
6.230953 0.013487
6.238452 0.013487
6.245968 0.013487
6.253502 0.013487
6.261055 0.013355
6.268626 0.013355
6.276215 0.013355
6.283823 0.013311
6.291449 0.013223
6.299095 0.013223
6.306758 0.013179
6.31444 0.013179
6.32214 0.013179
6.32986 0.013135
6.337598 0.012694
6.345355 0.012474
6.353131 0.012914
6.360924 0.012914
6.368739 0.012606
6.376572 0.012738
6.384425 0.01287
6.392297 0.012782
6.400189 0.012474
6.4081 0.011636
6.416031 0.011416
6.423983 0.012033
6.431953 0.012341
6.439943 0.012474
6.447953 0.012474
6.455982 0.012429
6.464032 0.012385
6.472102 0.012165
6.480192 0.011856
6.488305 0.01146
6.496436 0.01146
6.504587 0.012121
6.512758 0.012297
6.52095 0.012165
6.529163 0.012385
6.537397 0.012474
6.545651 0.012341
6.553923 0.012253
6.562219 0.012165
6.570536 0.011812
6.578875 0.011945
6.587234 0.012165
6.595614 0.012297
6.604017 0.012429
6.61244 0.012385
6.620886 0.012297
6.629353 0.011856
6.637841 0.011592
6.646351 0.012165
6.654883 0.012474
6.663437 0.012341
6.672013 0.012121
6.680611 0.011945
6.689233 0.012165
6.697875 0.012297
6.70654 0.012077
6.715228 0.012077
6.723937 0.012121
6.73267 0.012209
6.741425 0.012209
6.750203 0.012165
6.759001 0.012121
6.767824 0.011945
6.776671 0.011812
6.785541 0.011592
6.794435 0.011548
6.803351 0.011856
6.812291 0.011812
6.821255 0.01168
6.830244 0.01168
6.839254 0.01168
6.848289 0.011504
6.857347 0.011063
6.86643 0.011019
6.875537 0.011504
6.884668 0.011592
6.893823 0.011548
6.902999 0.011416
6.912203 0.011504
6.921432 0.011548
6.930685 0.01146
6.939963 0.011416
6.949265 0.011283
6.958593 0.010975
6.967947 0.011151
6.977327 0.011283
6.98673 0.011283
6.996159 0.011239
7.005613 0.011239
7.015093 0.011151
7.024599 0.011195
7.03413 0.011107
7.043687 0.010843
7.053272 0.010887
7.062882 0.011063
7.072517 0.011107
7.082179 0.011063
7.091867 0.011019
7.101583 0.011063
7.111324 0.010975
7.121092 0.010931
7.130883 0.010931
7.140706 0.010799
7.150555 0.010755
7.160431 0.01071
7.170335 0.010622
7.180266 0.010666
7.190225 0.010666
7.200211 0.010578
7.210228 0.01049
7.22027 0.010666
7.23034 0.010622
7.240438 0.010446
7.250565 0.010402
7.26072 0.010446
7.270903 0.010402
7.281115 0.010358
7.291358 0.010402
7.301627 0.010358
7.311926 0.010358
7.322253 0.010314
7.33261 0.010182
7.342996 0.010137
7.353412 0.010226
7.363857 0.01027
7.374328 0.010226
7.384833 0.010182
7.395367 0.010137
7.405932 0.010182
7.416527 0.010093
7.427153 0.010049
7.437809 0.010137
7.448495 0.010182
7.459215 0.010049
7.469963 0.010049
7.480742 0.010137
7.491552 0.010182
7.502394 0.010049
7.513267 0.009961
7.524172 0.009961
7.535108 0.010005
7.546078 0.009917
7.557078 0.009917
7.56811 0.009961
7.579175 0.009917
7.590272 0.009829
7.601401 0.009785
7.612564 0.009785
7.623759 0.009785
7.634982 0.009741
7.646243 0.009697
7.657537 0.009653
7.668865 0.009609
7.680227 0.009564
7.691622 0.009476
7.703051 0.009432
7.714513 0.009388
7.726013 0.0093
7.737544 0.009256
7.74911 0.009212
7.76071 0.009212
7.772346 0.009212
7.784016 0.00908
7.795721 0.008947
7.807461 0.008903
7.819234 0.008815
7.831045 0.008727
7.842893 0.008727
7.854775 0.008683
7.866695 0.008595
7.87865 0.008507
7.890642 0.008419
7.90267 0.00833
7.914737 0.008242
7.926839 0.008198
7.938978 0.008154
7.951155 0.008154
7.963368 0.007978
7.97562 0.00789
7.987909 0.007757
8.000236 0.007625
8.012604 0.007625
8.025007 0.007625
8.03745 0.007493
8.04993 0.007361
8.062449 0.007317
8.075007 0.007228
8.087605 0.007184
8.100242 0.00714
8.112914 0.006964
8.12563 0.006788
8.138387 0.006744
8.151183 0.006788
8.16402 0.0067
8.176896 0.006523
8.189815 0.006435
8.202773 0.006435
8.215774 0.006347
8.228815 0.006215
8.241898 0.006127
8.255021 0.006038
8.268188 0.005906
8.281395 0.005774
8.294645 0.005686
8.307939 0.005642
8.321277 0.005598
8.334655 0.00551
8.348077 0.005421
8.361541 0.005333
8.37505 0.005157
8.388601 0.005069
8.402197 0.004937
8.415837 0.004848
8.429516 0.004804
8.443245 0.00476
8.457019 0.004672
8.470837 0.004584
8.484701 0.004496
8.49861 0.004452
8.512566 0.004408
8.526567 0.004364
8.540616 0.004187
8.554709 0.004099
8.56885 0.004143
8.583036 0.004055
8.59727 0.003967
8.611551 0.003879
8.62588 0.003835
8.640257 0.003835
8.654684 0.003835
8.669156 0.003923
8.683678 0.003923
8.698248 0.003835
8.712867 0.003835
8.727534 0.003923
8.742252 0.003967
8.75702 0.004011
8.771832 0.004099
8.786699 0.004187
8.801618 0.004319
8.816586 0.004452
8.831606 0.004628
8.846677 0.004804
8.861799 0.004981
8.876974 0.005245
8.892203 0.005642
8.907482 0.005994
8.922813 0.006435
8.938197 0.007008
8.953634 0.007625
8.969126 0.008286
8.98467 0.009124
9.000268 0.010137
9.015924 0.011151
9.031631 0.012385
9.047393 0.013708
9.06321 0.015338
9.079082 0.017057
9.095011 0.0186
9.110995 0.020143
9.127035 0.021641
9.143127 0.023404
9.159282 0.025652
9.175492 0.028253
9.191761 0.031294
9.208088 0.034556
9.224472 0.03817
9.240915 0.042004
9.257417 0.045663
9.27398 0.049453
9.290601 0.0532
9.307281 0.056902
9.32402 0.060208
9.34082 0.063117
9.35768 0.065806
9.374602 0.068053
9.391585 0.069949
9.408624 0.071403
9.42573 0.072461
9.442899 0.073078
9.460131 0.073387
9.477425 0.073387
9.494783 0.073166
9.512204 0.072725
9.52969 0.072329
9.547244 0.072064
9.564858 0.071624
9.582539 0.071051
9.600284 0.070345
9.618095 0.069508
9.635973 0.068494
9.653916 0.067304
9.671927 0.06607
9.690009 0.064748
9.708156 0.063205
9.72637 0.061574
9.744653 0.059767
9.763004 0.05796
9.781425 0.056021
9.799915 0.053773
9.818476 0.051393
9.837101 0.048924
9.855803 0.046192
9.874576 0.043371
9.89342 0.040462
9.912336 0.037641
9.931326 0.03504
9.950388 0.032704
9.969523 0.030457
9.988736 0.028341
10.008019 0.026446
10.027377 0.024859
10.04681 0.023448
10.066319 0.02217
10.085902 0.020936
10.105563 0.019834
10.1253 0.018909
10.145119 0.018247
10.165011 0.017851
10.184982 0.017719
10.205031 0.017807
10.22516 0.017983
10.245367 0.018203
10.265656 0.018468
10.286023 0.018688
10.306466 0.018644
10.326997 0.018468
10.34761 0.018115
10.368304 0.017674
10.389083 0.017101
10.409945 0.016529
10.43089 0.015867
10.45192 0.01525
10.473039 0.014633
10.49424 0.01406
10.515526 0.013531
10.536899 0.013091
10.558359 0.01287
10.579906 0.012782
10.601542 0.012606
10.623267 0.012385
10.645084 0.012253
10.666988 0.012077
10.688982 0.011901
10.711066 0.01168
10.733243 0.011372
10.755511 0.010975
10.777872 0.010755
10.800325 0.010578
10.822865 0.010226
10.845508 0.010005
10.868244 0.010049
10.891077 0.010226
10.914005 0.010402
10.937031 0.010534
10.960154 0.010534
10.983374 0.01027
11.006698 0.009917
11.030116 0.009609
11.053635 0.009212
11.077253 0.008859
11.100973 0.008639
11.124795 0.008507
11.14872 0.008374
11.172747 0.00833
11.196871 0.008286
11.221107 0.008419
11.245447 0.008815
11.269894 0.00908
11.294447 0.0093
11.319107 0.009785
11.343875 0.010446
11.368752 0.011107
11.393744 0.011768
11.418839 0.012562
11.444047 0.013443
11.469365 0.014413
11.494797 0.015383
11.52034 0.016396
11.545999 0.017366
11.571771 0.018336
11.597663 0.019173
11.623667 0.019922
11.649787 0.020539
11.676025 0.021245
11.702382 0.022082
11.728858 0.022743
11.755454 0.023272
11.782171 0.023845
11.809002 0.024506
11.835962 0.025035
11.863048 0.025476
11.890256 0.025917
11.91759 0.026269
11.94505 0.026666
11.972636 0.02693
12.000351 0.027063
12.028198 0.027239
12.056171 0.027636
12.084274 0.028032
12.112508 0.028693
12.140875 0.029575
12.169374 0.030457
12.198009 0.031603
12.226777 0.033057
12.255688 0.034776
12.28473 0.036451
12.31391 0.038126
12.343228 0.039933
12.372687 0.041784
12.402287 0.043459
12.432029 0.045046
12.461913 0.04628
12.491931 0.047117
12.522105 0.047778
12.552425 0.048307
12.582892 0.048748
12.613507 0.049057
12.644272 0.049321
12.675187 0.049497
12.706254 0.049586
12.737479 0.049497
12.768852 0.049409
12.80038 0.049453
12.832064 0.049674
12.863906 0.049806
12.895905 0.049806
12.928064 0.04985
12.960384 0.050159
12.992874 0.050423
13.025519 0.050555
13.05833 0.050687
13.091305 0.050599
13.124448 0.050379
13.157759 0.050114
13.191238 0.049894
13.22489 0.049453
13.258701 0.04888
13.292698 0.048395
13.326869 0.047778
13.361217 0.047117
13.395742 0.046368
13.430446 0.045531
13.46533 0.044605
13.500397 0.043503
13.535651 0.042577
13.571085 0.041652
13.606705 0.04055
13.642511 0.039668
13.678508 0.038743
13.714694 0.037861
13.751073 0.037024
13.787644 0.036054
13.82442 0.035085
13.861383 0.034159
13.898545 0.033366
13.935907 0.032793
13.97347 0.032308
14.011236 0.031955
14.049208 0.031823
14.087384 0.031691
14.125755 0.03147
14.16435 0.031294
14.203156 0.031162
14.242176 0.030853
14.281411 0.030457
14.320862 0.030192
14.360532 0.029751
14.400422 0.029399
14.440542 0.029487
14.48088 0.029487
14.521442 0.029751
14.562233 0.030412
14.603253 0.031206
14.644506 0.032131
14.685991 0.033321
14.727713 0.03504
14.76966 0.036583
14.811859 0.037773
14.8543 0.038919
14.896984 0.039668
14.939916 0.03958
14.983094 0.03958
15.026524 0.039713
15.070205 0.039228
15.11415 0.038346
15.158343 0.037465
15.202796 0.036539
15.24751 0.035658
15.292488 0.034776
15.337732 0.034379
15.383245 0.034291
15.429028 0.034159
15.475092 0.034071
15.521424 0.034512
15.568036 0.035129
15.614927 0.03601
15.662103 0.037112
15.709563 0.038258
15.757313 0.03958
15.805353 0.040726
15.853672 0.041652
15.902304 0.042666
15.951234 0.04315
16.000465 0.043327
16.050003 0.043591
16.099848 0.043856
16.150003 0.043944
16.200472 0.043767
16.251265 0.044164
16.30237 0.044737
16.353796 0.04531
16.405548 0.046544
16.45763 0.04866
16.510042 0.050952
16.56279 0.053332
16.615877 0.056461
16.669313 0.05937
16.723085 0.06153
16.777206 0.063337
16.831676 0.064704
16.886503 0.065453
16.941689 0.065717
16.997234 0.065894
17.053146 0.066158
17.109409 0.066819
17.166063 0.067701
17.223093 0.068626
17.280504 0.070433
17.338299 0.072505
17.396481 0.075061
17.455055 0.07775
17.514025 0.079645
17.573404 0.08207
17.633179 0.084582
17.693359 0.086257
17.753954 0.087226
17.814964 0.087888
17.876394 0.087006
17.938251 0.084009
18.000536 0.079645
18.063269 0.075546
18.126427 0.071624
18.190027 0.068891
18.254078 0.067613
18.318579 0.067084
18.383539 0.067348
18.448961 0.068582
18.514851 0.06942
18.58119 0.07061
18.648029 0.072108
18.715351 0.073739
18.783159 0.07537
18.851461 0.075899
18.920263 0.076472
18.989569 0.076825
19.059383 0.077486
19.129725 0.077926
19.200575 0.077398
19.271952 0.076648
19.343863 0.075723
19.416311 0.074885
19.489305 0.073915
19.562849 0.073607
19.636951 0.073915
19.711594 0.074885
19.786827 0.076648
19.862638 0.077398
19.939034 0.07797
20.016018 0.078323
20.093599 0.077001
20.171785 0.074797
20.250582 0.072549
20.330009 0.070874
20.410049 0.070213
20.490723 0.069508
20.572035 0.069243
20.653994 0.068494
20.73661 0.067304
20.819889 0.066334
20.903841 0.065188
20.988487 0.063293
21.073807 0.061574
21.159821 0.059282
21.246542 0.057872
21.333977 0.056946
21.422132 0.054963
21.511023 0.052891
21.600651 0.051084
21.691 0.050335
21.782139 0.049101
21.874046 0.048484
21.966734 0.051525
22.060209 0.055007
22.154484 0.056946
22.249567 0.056594
22.34547 0.055359
22.442221 0.054196
22.539797 0.052022
22.638224 0.052445
22.737514 0.051626
22.837679 0.05044
22.93873 0.04996
23.04068 0.048492
23.143541 0.044509
23.247343 0.0416
23.35206 0.042052
23.457727 0.041996
23.564352 0.043182
23.671953 0.043775
23.78054 0.043126
23.890127 0.043549
24.000731 0.043973
24.112324 0.045131
24.224998 0.046543
24.338732 0.045865
24.453537 0.046034
24.569429 0.047164
24.686426 0.046204
24.804543 0.04434
24.923796 0.042081
25.044222 0.039595
25.165796 0.039087
25.288555 0.036828
25.412519 0.036404
25.537704 0.038127
25.664127 0.041205
25.791811 0.047531
25.920769 0.054196
26.051052 0.057331
26.182623 0.059704
26.315529 0.062923
26.449793 0.067611
26.585432 0.073006
26.722471 0.080772
26.860929 0.089245
27.00083 0.095486
27.142149 0.099497
27.285002 0.101784
27.429367 0.102942
27.575268 0.102151
27.722729 0.099045
27.871777 0.094244
28.022434 0.089612
28.17473 0.085065
28.328716 0.080546
28.484369 0.077072
28.641743 0.075802
28.800863 0.075802
28.961761 0.075491
29.124468 0.075321
29.289013 0.071311
29.455427 0.068035
29.623777 0.067837
29.794029 0.067527
29.966249 0.06586
30.140471 0.065889
30.316732 0.065578
30.495066 0.063262
30.67551 0.062641
30.858103 0.061878
31.04282 0.063093
31.229824 0.065211
31.419096 0.064194
31.610676 0.061539
31.804607 0.060918
32.000931 0.061709
32.199696 0.060155
32.400944 0.058687
32.604759 0.060155
32.811115 0.059986
33.020103 0.057105
33.231773 0.057924
33.446171 0.056682
33.663353 0.054846
33.883377 0.054338
34.106293 0.052558
34.332088 0.050892
34.560966 0.050694
34.792919 0.052078
35.028008 0.056004
35.266293 0.058715
35.507843 0.061681
35.752724 0.06329
36.001007 0.060974
36.252811 0.060805
36.508114 0.062302
36.767036 0.062358
37.029659 0.060014
37.296059 0.057868
37.566319 0.054902
37.840527 0.053067
38.118767 0.051739
38.40118 0.049621
38.687756 0.051429
38.978642 0.054309
39.273933 0.056286
39.573734 0.065154
39.878147 0.072328
40.187283 0.073514
40.501244 0.075124
40.820042 0.078174
41.144012 0.077553
41.473164 0.073768
41.807625 0.072949
42.147522 0.073542
42.492992 0.071791
42.844173 0.071
43.20121 0.07052
43.564312 0.066595
43.933502 0.063149
44.309002 0.065889
44.690975 0.066284
45.079594 0.065267
45.475029 0.065747
45.87746 0.065041
46.287083 0.06812
46.704159 0.068402
47.128742 0.063968
47.561119 0.063008
48.001499 0.064533
48.450111 0.064448
48.907188 0.060071
49.372971 0.059675
49.847713 0.061963
50.331509 0.06041
50.824955 0.059534
51.328171 0.060099
51.841454 0.064759
52.365105 0.068854
52.899441 0.068204
53.444794 0.069842
54.001511 0.068628
54.570061 0.066143
55.150593 0.066849
55.74361 0.066482
56.349518 0.066115
56.968742 0.063375
57.60173 0.061935
58.24894 0.060212
58.910862 0.062217
59.588123 0.065719
60.28101 0.066623
60.9902 0.06843
61.716274 0.068346
62.459846 0.063855
63.221554 0.062161
64.002068 0.06346
64.802094 0.062161
65.622093 0.064872
66.463402 0.063319
67.326561 0.064985
68.21244 0.066143
69.121933 0.068176
70.056015 0.067583
71.015686 0.065663
72.002014 0.066736
73.016319 0.070068
74.05941 0.068402
75.132736 0.066566
76.237625 0.07213
77.375504 0.074389
78.547859 0.069842
79.756294 0.069588
81.002487 0.070068
82.28849 0.068656
83.61573 0.068402
84.986481 0.070492
86.402931 0.078033
87.867393 0.081055
89.382355 0.074728
90.95047 0.068826
92.574593 0.078993
94.25721 0.086901
96.002708 0.083031
97.814079 0.082241
99.695114 0.078654
101.649918 0.082354
103.682915 0.086138
105.798889 0.083201
108.003029 0.080998
110.301392 0.078823
112.699249 0.080546
115.203682 0.081591
117.821953 0.089075
120.562004 0.095882
123.432541 0.090798
126.443092 0.08145
129.604187 0.089838
132.926254 0.10088
136.424286 0.101728
140.11142 0.103535
144.003372 0.112855
148.117722 0.117628
152.474106 0.12675
157.094498 0.134404
162.003662 0.119916
167.230545 0.110059
172.804886 0.107659
178.763672 0.105343
185.148087 0.109184
192.005402 0.116301
199.390213 0.107969
207.365814 0.105117
216.006042 0.122937
