1.602521 0.324256
1.603016 0.324885
1.603512 0.326054
1.604008 0.326683
1.604505 0.326773
1.605001 0.327402
1.605498 0.327762
1.605996 0.328481
1.606493 0.328751
1.606991 0.328661
1.60749 0.328661
1.607988 0.32929
1.608487 0.330279
1.608986 0.331088
1.609486 0.330998
1.609986 0.331268
1.610486 0.331627
1.610986 0.332526
1.611487 0.332796
1.611988 0.333245
1.61249 0.334414
1.612991 0.334774
1.613493 0.334414
1.613996 0.335673
1.614498 0.336032
1.615001 0.335673
1.615505 0.335583
1.616008 0.336212
1.616512 0.336572
1.617016 0.337111
1.617521 0.33792
1.618026 0.338549
1.618531 0.338819
1.619036 0.339628
1.619542 0.340527
1.620048 0.340527
1.620554 0.340077
1.621061 0.340707
1.621568 0.340707
1.622076 0.340797
1.622583 0.341156
1.623091 0.341696
1.6236 0.342055
1.624108 0.343134
1.624617 0.343673
1.625127 0.343673
1.625636 0.344033
1.626146 0.344752
1.626656 0.345202
1.627167 0.345561
1.627678 0.345651
1.628189 0.345561
1.628701 0.345921
1.629212 0.34682
1.629725 0.347359
1.630237 0.347809
1.63075 0.348258
1.631263 0.349157
1.631777 0.349157
1.63229 0.349157
1.632804 0.349606
1.633319 0.350056
1.633834 0.349786
1.634349 0.350146
1.634864 0.350775
1.63538 0.351135
1.635896 0.351584
1.636412 0.351674
1.636929 0.351584
1.637446 0.352034
1.637964 0.352483
1.638481 0.353292
1.638999 0.353202
1.639518 0.353202
1.640036 0.353832
1.640555 0.354641
1.641075 0.354191
1.641594 0.353922
1.642114 0.354101
1.642634 0.355
1.643155 0.35536
1.643676 0.355899
1.644197 0.356528
1.644719 0.356798
1.645241 0.356798
1.645763 0.357158
1.646286 0.357697
1.646809 0.357607
1.647332 0.357697
1.647856 0.358686
1.64838 0.359046
1.648904 0.359225
1.649429 0.358956
1.649953 0.359495
1.650479 0.360214
1.651004 0.360664
1.651531 0.360933
1.652057 0.360844
1.652583 0.360933
1.65311 0.361203
1.653638 0.361023
1.654165 0.361563
1.654693 0.362372
1.655222 0.362821
1.65575 0.363001
1.656279 0.363271
1.656809 0.363091
1.657338 0.36363
1.657868 0.36408
1.658399 0.36417
1.658929 0.36417
1.65946 0.364889
1.659992 0.365698
1.660523 0.365968
1.661055 0.366147
1.661588 0.366687
1.662121 0.367136
1.662654 0.367136
1.663187 0.366867
1.663721 0.367586
1.664255 0.368035
1.664789 0.368035
1.665324 0.368125
1.665859 0.368395
1.666395 0.368934
1.666931 0.368934
1.667467 0.368665
1.668003 0.369204
1.66854 0.369923
1.669077 0.370732
1.669615 0.370642
1.670153 0.371002
1.670691 0.371182
1.671229 0.371631
1.671769 0.371721
1.672308 0.37226
1.672847 0.37271
1.673387 0.37235
1.673928 0.37235
1.674468 0.373249
1.675009 0.373429
1.675551 0.373249
1.676093 0.373878
1.676635 0.374508
1.677177 0.374688
1.67772 0.375137
1.678263 0.375047
1.678806 0.374777
1.67935 0.374867
1.679894 0.375497
1.680439 0.376126
1.680984 0.376396
1.681529 0.376755
1.682074 0.377564
1.682621 0.377744
1.683167 0.377924
1.683714 0.378193
1.68426 0.378283
1.684808 0.378193
1.685356 0.378014
1.685904 0.378373
1.686452 0.378823
1.687001 0.378913
1.68755 0.379452
1.6881 0.379902
1.68865 0.380171
1.6892 0.380621
1.689751 0.380621
1.690302 0.38098
1.690853 0.38125
1.691405 0.38134
1.691957 0.38152
1.692509 0.381969
1.693061 0.382239
1.693615 0.382419
1.694168 0.382598
1.694722 0.382329
1.695276 0.382778
1.695831 0.383497
1.696385 0.383767
1.696941 0.383677
1.697497 0.383497
1.698053 0.383677
1.698609 0.384217
1.699166 0.384306
1.699723 0.384576
1.70028 0.384846
1.700838 0.384756
1.701396 0.384936
1.701955 0.385745
1.702514 0.385745
1.703073 0.385116
1.703633 0.385026
1.704193 0.385745
1.704753 0.386374
1.705314 0.387003
1.705875 0.387183
1.706436 0.387093
1.706998 0.387363
1.707561 0.387902
1.708123 0.387902
1.708686 0.388262
1.70925 0.388891
1.709813 0.388981
1.710377 0.389071
1.710942 0.389341
1.711507 0.3897
1.712072 0.38979
1.712638 0.39006
1.713204 0.390419
1.71377 0.390689
1.714337 0.390779
1.714904 0.391049
1.715471 0.391139
1.716039 0.391049
1.716607 0.391228
1.717176 0.391408
1.717745 0.391858
1.718314 0.392127
1.718884 0.392487
1.719454 0.392667
1.720024 0.392847
1.720595 0.393206
1.721167 0.393566
1.721738 0.393656
1.72231 0.393476
1.722883 0.393746
1.723455 0.394195
1.724029 0.394375
1.724602 0.394914
1.725176 0.395274
1.72575 0.394914
1.726325 0.395274
1.7269 0.395993
1.727476 0.395633
1.728051 0.395813
1.728628 0.396263
1.729204 0.396892
1.729781 0.397251
1.730358 0.397251
1.730936 0.397341
1.731514 0.397521
1.732093 0.397701
1.732672 0.39815
1.733251 0.39851
1.733831 0.39833
1.734411 0.398061
1.734991 0.39851
1.735572 0.399139
1.736153 0.399589
1.736735 0.399769
1.737317 0.399679
1.7379 0.399769
1.738482 0.400128
1.739066 0.400308
1.739649 0.400398
1.740233 0.400578
1.740817 0.400937
1.741402 0.401297
1.741987 0.401656
1.742573 0.402016
1.743159 0.402376
1.743745 0.402465
1.744332 0.402555
1.744919 0.402825
1.745506 0.403095
1.746094 0.403275
1.746683 0.403634
1.747271 0.403544
1.74786 0.403724
1.74845 0.403814
1.74904 0.404353
1.74963 0.404803
1.750221 0.404533
1.750812 0.404084
1.751403 0.404084
1.751995 0.404893
1.752588 0.405612
1.75318 0.405702
1.753773 0.405342
1.754367 0.405522
1.754961 0.406331
1.755555 0.40705
1.75615 0.40732
1.756745 0.40696
1.75734 0.40732
1.757936 0.407679
1.758533 0.4075
1.759129 0.407679
1.759726 0.407859
1.760324 0.408309
1.760922 0.408399
1.76152 0.408668
1.762119 0.408848
1.762718 0.408938
1.763318 0.409208
1.763918 0.409477
1.764518 0.409927
1.765119 0.410017
1.76572 0.410017
1.766322 0.410197
1.766924 0.410466
1.767526 0.410826
1.768129 0.410736
1.768732 0.410466
1.769336 0.410376
1.76994 0.410736
1.770545 0.411096
1.771149 0.411545
1.771755 0.411725
1.77236 0.411455
1.772967 0.411455
1.773573 0.411725
1.77418 0.412354
1.774787 0.412804
1.775395 0.412714
1.776004 0.412084
1.776612 0.412354
1.777221 0.412804
1.777831 0.412893
1.778441 0.413253
1.779051 0.413792
1.779662 0.413613
1.780273 0.413703
1.780884 0.413792
1.781496 0.413613
1.782109 0.413613
1.782721 0.413882
1.783335 0.414152
1.783948 0.414242
1.784562 0.414691
1.785177 0.414961
1.785792 0.415231
1.786407 0.415141
1.787023 0.414961
1.787639 0.415051
1.788256 0.415321
1.788873 0.41568
1.789491 0.41595
1.790108 0.41577
1.790727 0.4155
1.791346 0.4155
1.791965 0.41595
1.792585 0.41613
1.793205 0.416579
1.793825 0.417298
1.794446 0.417119
1.795067 0.416759
1.795689 0.416849
1.796311 0.416939
1.796934 0.417029
1.797557 0.417658
1.79818 0.418018
1.798804 0.418018
1.799429 0.418018
1.800053 0.418018
1.800679 0.417928
1.801304 0.418107
1.801931 0.418287
1.802557 0.418917
1.803184 0.419096
1.803812 0.419096
1.804439 0.419366
1.805068 0.419815
1.805696 0.419636
1.806326 0.419456
1.806955 0.419726
1.807585 0.420175
1.808216 0.419995
1.808847 0.419995
1.809478 0.420355
1.81011 0.420624
1.810742 0.421074
1.811375 0.421074
1.812008 0.420984
1.812641 0.420894
1.813275 0.421344
1.81391 0.421613
1.814545 0.421434
1.81518 0.421434
1.815816 0.421703
1.816452 0.422153
1.817089 0.422333
1.817726 0.422333
1.818363 0.422512
1.819001 0.422692
1.81964 0.422962
1.820279 0.423232
1.820918 0.423142
1.821558 0.423321
1.822199 0.423321
1.822839 0.423501
1.82348 0.423501
1.824122 0.423501
1.824764 0.423951
1.825406 0.42431
1.826049 0.42422
1.826693 0.42431
1.827337 0.42449
1.827981 0.425119
1.828626 0.425209
1.829271 0.425209
1.829917 0.425119
1.830563 0.425029
1.83121 0.425029
1.831857 0.425299
1.832504 0.425569
1.833152 0.426018
1.833801 0.426288
1.83445 0.426288
1.835099 0.426198
1.835749 0.425928
1.836399 0.426018
1.83705 0.426468
1.837701 0.426558
1.838353 0.426648
1.839005 0.426648
1.839658 0.426827
1.840311 0.426917
1.840964 0.427187
1.841618 0.427277
1.842272 0.427007
1.842927 0.426917
1.843583 0.427457
1.844238 0.427726
1.844895 0.427636
1.845551 0.427457
1.846209 0.427547
1.846867 0.427367
1.847525 0.427367
1.848184 0.427367
1.848843 0.427277
1.849502 0.427277
1.850162 0.427457
1.850823 0.427636
1.851484 0.427906
1.852145 0.428176
1.852807 0.428356
1.853469 0.428086
1.854132 0.427906
1.854796 0.427996
1.855459 0.427816
1.856124 0.427726
1.856789 0.427996
1.857454 0.427816
1.85812 0.427816
1.858786 0.427816
1.859453 0.428086
1.86012 0.427996
1.860788 0.427636
1.861456 0.427636
1.862124 0.427636
1.862794 0.427906
1.863463 0.427996
1.864133 0.427996
1.864804 0.428086
1.865475 0.427636
1.866146 0.427457
1.866818 0.427367
1.867491 0.427187
1.868164 0.427367
1.868837 0.427457
1.869511 0.427277
1.870185 0.427277
1.87086 0.427187
1.871536 0.427007
1.872212 0.427097
1.872888 0.427097
1.873565 0.426827
1.874242 0.426468
1.87492 0.426558
1.875599 0.426737
1.876277 0.426468
1.876957 0.426198
1.877637 0.426198
1.878317 0.425839
1.878998 0.425479
1.879679 0.425119
1.880361 0.42485
1.881043 0.42458
1.881726 0.42458
1.882409 0.42467
1.883093 0.4244
1.883777 0.423951
1.884462 0.423232
1.885147 0.423052
1.885833 0.422782
1.886519 0.422602
1.887206 0.421973
1.887893 0.421703
1.888581 0.421434
1.889269 0.421344
1.889958 0.420624
1.890647 0.420085
1.891337 0.420175
1.892027 0.420175
1.892718 0.420265
1.893409 0.420445
1.894101 0.420175
1.894793 0.420265
1.895486 0.420085
1.896179 0.419905
1.896873 0.419815
1.897568 0.419726
1.898262 0.419546
1.898958 0.419366
1.899654 0.419276
1.90035 0.419186
1.901047 0.419006
1.901744 0.418647
1.902442 0.417928
1.90314 0.417478
1.903839 0.417298
1.904539 0.417208
1.905239 0.417208
1.905939 0.416939
1.90664 0.416489
1.907342 0.416399
1.908044 0.416489
1.908746 0.416399
1.909449 0.41586
1.910153 0.4155
1.910857 0.415051
1.911561 0.414601
1.912266 0.413972
1.912972 0.413613
1.913678 0.413703
1.914385 0.413433
1.915092 0.412983
1.9158 0.413163
1.916508 0.412714
1.917217 0.412174
1.917926 0.411725
1.918636 0.411635
1.919346 0.411455
1.920057 0.411096
1.920768 0.410466
1.92148 0.410107
1.922193 0.409747
1.922906 0.409657
1.92362 0.409477
1.924333 0.409387
1.925048 0.409298
1.925763 0.409028
1.926479 0.408848
1.927195 0.408578
1.927912 0.408219
1.928629 0.407949
1.929346 0.407679
1.930065 0.40723
1.930784 0.406691
1.931503 0.406691
1.932223 0.406421
1.932943 0.406061
1.933664 0.406151
1.934386 0.405971
1.935108 0.405882
1.93583 0.405971
1.936554 0.405882
1.937277 0.405882
1.938002 0.405792
1.938726 0.405882
1.939452 0.405702
1.940177 0.405072
1.940904 0.405072
1.941631 0.405432
1.942358 0.405522
1.943086 0.405342
1.943815 0.404983
1.944544 0.404983
1.945274 0.405252
1.946004 0.405252
1.946735 0.405252
1.947466 0.405612
1.948198 0.405612
1.94893 0.405612
1.949663 0.405702
1.950397 0.405882
1.951131 0.406241
1.951865 0.406421
1.952601 0.406421
1.953336 0.406241
1.954073 0.406241
1.954809 0.406601
1.955547 0.40696
1.956285 0.40696
1.957023 0.40723
1.957762 0.4075
1.958502 0.40732
1.959242 0.4075
1.959983 0.408039
1.960724 0.408039
1.961466 0.407859
1.962208 0.407949
1.962951 0.408399
1.963695 0.408938
1.964439 0.408758
1.965183 0.408578
1.965929 0.408848
1.966674 0.409298
1.967421 0.409657
1.968168 0.409747
1.968915 0.409657
1.969663 0.409837
1.970412 0.410017
1.971161 0.409927
1.971911 0.410107
1.972661 0.410556
1.973413 0.410826
1.974164 0.410826
1.974916 0.410826
1.975669 0.411006
1.976422 0.411096
1.977176 0.411275
1.97793 0.411365
1.978685 0.411365
1.97944 0.411455
1.980196 0.411635
1.980953 0.412084
1.98171 0.412264
1.982468 0.411905
1.983226 0.411905
1.983986 0.411905
1.984745 0.411994
1.985505 0.412084
1.986266 0.412084
1.987027 0.412084
1.987789 0.411994
1.988552 0.411815
1.989315 0.412084
1.990078 0.412354
1.990842 0.412354
1.991607 0.412264
1.992373 0.412534
1.993139 0.412804
1.993905 0.412893
1.994673 0.412804
1.99544 0.412893
1.996209 0.412804
1.996978 0.412534
1.997747 0.412893
1.998517 0.413343
1.999288 0.413163
2.000059 0.413253
2.000831 0.413343
2.001604 0.413253
2.002377 0.413163
2.003151 0.413613
2.003925 0.413972
2.0047 0.414062
2.005476 0.414062
2.006252 0.414332
2.007029 0.414332
2.007806 0.414422
2.008584 0.414422
2.009362 0.414871
2.010141 0.415141
2.010921 0.415231
2.011701 0.415141
2.012482 0.415411
2.013264 0.41586
2.014046 0.41622
2.014829 0.416759
2.015612 0.417208
2.016396 0.417388
2.01718 0.417568
2.017966 0.417568
2.018752 0.417388
2.019538 0.417388
2.020325 0.418197
2.021113 0.418467
2.021901 0.418287
2.02269 0.418827
2.023479 0.419456
2.02427 0.419636
2.02506 0.419726
2.025852 0.420085
2.026644 0.420445
2.027436 0.420714
2.028229 0.421074
2.029023 0.421074
2.029818 0.421344
2.030613 0.421613
2.031409 0.422153
2.032204 0.422512
2.033001 0.422602
2.033799 0.422512
2.034597 0.422602
2.035396 0.422962
2.036195 0.423591
2.036996 0.423681
2.037796 0.423681
2.038598 0.42413
2.0394 0.42431
2.040203 0.423951
2.041006 0.424041
2.04181 0.42467
2.042614 0.42485
2.043419 0.42494
2.044225 0.425299
2.045032 0.425119
2.045839 0.425119
2.046646 0.425209
2.047455 0.425209
2.048264 0.425299
2.049073 0.425659
2.049883 0.426018
2.050694 0.426018
2.051505 0.426108
2.052317 0.426198
2.05313 0.426018
2.053944 0.426198
2.054758 0.426468
2.055573 0.426558
2.056388 0.426558
2.057204 0.426737
2.058021 0.427187
2.058838 0.427277
2.059656 0.427097
2.060475 0.427277
2.061294 0.427457
2.062114 0.427636
2.062935 0.427726
2.063756 0.427726
2.064577 0.428086
2.0654 0.428356
2.066223 0.428446
2.067047 0.429075
2.067871 0.428895
2.068696 0.428625
2.069522 0.428625
2.070349 0.428805
2.071176 0.428805
2.072004 0.428985
2.072833 0.428895
2.073662 0.428805
2.074492 0.429075
2.075322 0.429344
2.076153 0.428985
2.076985 0.428895
2.077817 0.429344
2.07865 0.429255
2.079484 0.429165
2.080319 0.429075
2.081154 0.428895
2.08199 0.428985
2.082826 0.429075
2.083663 0.428985
2.084501 0.428985
2.08534 0.429075
2.086179 0.429165
2.087018 0.428805
2.087859 0.428715
2.0887 0.428895
2.089542 0.428895
2.090385 0.428715
2.091228 0.428266
2.092072 0.428535
2.092917 0.428715
2.093762 0.428446
2.094608 0.428176
2.095454 0.427906
2.096302 0.427906
2.09715 0.427816
2.097999 0.427636
2.098848 0.427457
2.099698 0.427187
2.100549 0.426917
2.1014 0.426558
2.102252 0.426468
2.103105 0.426468
2.103959 0.426288
2.104813 0.426018
2.105668 0.425569
2.106524 0.425029
2.10738 0.42467
2.108237 0.42449
2.109094 0.42458
2.109953 0.4244
2.110812 0.42422
2.111672 0.42413
2.112532 0.423951
2.113394 0.423501
2.114255 0.423142
2.115118 0.422872
2.115981 0.422782
2.116845 0.422422
2.11771 0.422153
2.118576 0.422243
2.119442 0.422333
2.120309 0.421973
2.121176 0.421793
2.122045 0.421883
2.122913 0.421793
2.123783 0.421344
2.124654 0.421164
2.125525 0.420984
2.126396 0.420984
2.127269 0.420984
2.128142 0.420804
2.129016 0.420624
2.129891 0.420535
2.130766 0.420624
2.131642 0.420714
2.132519 0.420535
2.133397 0.420535
2.134275 0.420265
2.135154 0.420175
2.136034 0.420445
2.136914 0.420445
2.137795 0.419995
2.138677 0.420085
2.13956 0.420085
2.140444 0.420085
2.141328 0.419995
2.142213 0.419815
2.143099 0.419276
2.143985 0.418917
2.144872 0.418647
2.14576 0.418467
2.146648 0.418287
2.147537 0.417748
2.148427 0.417208
2.149318 0.416669
2.150209 0.41622
2.151101 0.4155
2.151994 0.415231
2.152888 0.414961
2.153783 0.414062
2.154678 0.413253
2.155574 0.412624
2.15647 0.412084
2.157368 0.411455
2.158266 0.410826
2.159165 0.410107
2.160064 0.409477
2.160964 0.408848
2.161865 0.408129
2.162767 0.407769
2.16367 0.40723
2.164573 0.406511
2.165478 0.405792
2.166383 0.405162
2.167288 0.404533
2.168195 0.404173
2.169102 0.403724
2.17001 0.403095
2.170919 0.402555
2.171828 0.402196
2.172739 0.401926
2.17365 0.401297
2.174561 0.400847
2.175474 0.400488
2.176387 0.400218
2.177301 0.399769
2.178216 0.399319
2.179132 0.39887
2.180048 0.3986
2.180965 0.39833
2.181883 0.39815
2.182801 0.397881
2.183721 0.397431
2.184641 0.397162
2.185562 0.396802
2.186484 0.396442
2.187407 0.396173
2.18833 0.395723
2.189254 0.395543
2.190179 0.395094
2.191105 0.394555
2.192032 0.394105
2.192959 0.393656
2.193887 0.393116
2.194816 0.392577
2.195745 0.392038
2.196676 0.391588
2.197607 0.390959
2.198539 0.390419
2.199472 0.39015
2.200405 0.38979
2.201339 0.389431
2.202275 0.388891
2.203211 0.388352
2.204147 0.387992
2.205085 0.387992
2.206023 0.387992
2.206962 0.387812
2.207902 0.387273
2.208843 0.386824
2.209784 0.386374
2.210727 0.385835
2.21167 0.385385
2.212614 0.384936
2.213559 0.384217
2.214504 0.383497
2.215451 0.382778
2.216398 0.382149
2.217346 0.38143
2.218295 0.380621
2.219244 0.379632
2.220195 0.378733
2.221146 0.377924
2.222098 0.377295
2.223051 0.376306
2.224005 0.374867
2.224959 0.373789
2.225914 0.3728
2.226871 0.371721
2.227827 0.370462
2.228785 0.369024
2.229744 0.367766
2.230703 0.366597
2.231663 0.365159
2.232625 0.36372
2.233587 0.362282
2.234549 0.360844
2.235513 0.359405
2.236477 0.357697
2.237442 0.355989
2.238408 0.354191
2.239375 0.352573
2.240343 0.351045
2.241312 0.349067
2.242281 0.347089
2.243252 0.345112
2.244223 0.343134
2.245195 0.341516
2.246168 0.339898
2.247141 0.33792
2.248116 0.336212
2.249091 0.334684
2.250067 0.333066
2.251044 0.331537
2.252022 0.330279
2.253 0.328661
2.25398 0.327312
2.254961 0.325964
2.255942 0.324705
2.256924 0.323986
2.257907 0.323177
2.258891 0.322368
2.259876 0.321649
2.260861 0.32075
2.261847 0.319941
2.262835 0.318952
2.263823 0.317963
2.264812 0.317064
2.265802 0.316075
2.266792 0.314637
2.267784 0.313019
2.268776 0.31158
2.26977 0.310052
2.270764 0.308254
2.271759 0.306071
2.272755 0.30413
2.273752 0.302028
2.27475 0.299763
2.275748 0.297742
2.276747 0.295558
2.277748 0.293133
2.278749 0.291273
2.279751 0.289413
2.280754 0.286906
2.281758 0.284238
2.282763 0.282054
2.283768 0.280194
2.284775 0.278011
2.285782 0.275989
2.286791 0.273725
2.2878 0.271299
2.28881 0.268954
2.289821 0.266286
2.290832 0.263051
2.291845 0.259736
2.292859 0.256178
2.293873 0.252134
2.294889 0.247606
2.295905 0.242916
2.296922 0.238145
2.29794 0.234506
2.29896 0.231514
2.299979 0.22828
2.301001 0.22553
2.302022 0.222942
2.303045 0.219465
2.304068 0.215584
2.305093 0.212268
2.306118 0.209923
2.307145 0.208144
2.308172 0.20677
2.309201 0.205557
2.31023 0.204425
2.31126 0.203131
2.31229 0.201675
2.313322 0.200381
2.314355 0.199977
2.315388 0.199815
2.316423 0.199654
2.317458 0.199411
2.318495 0.199654
2.319532 0.199734
2.32057 0.200058
2.321609 0.201028
2.32265 0.202403
2.323691 0.203859
2.324733 0.205476
2.325776 0.207174
2.32682 0.20871
2.327865 0.210247
2.32891 0.211541
2.329957 0.212915
2.331005 0.21526
2.332053 0.218576
2.333103 0.222053
2.334153 0.225611
2.335205 0.229735
2.336257 0.233536
2.33731 0.236689
2.338365 0.239843
2.33942 0.242754
2.340476 0.245989
2.341533 0.249789
2.342591 0.25359
2.34365 0.256905
2.34471 0.26014
2.345771 0.26386
2.346833 0.267094
2.347896 0.269844
2.34896 0.271946
2.350024 0.27324
2.35109 0.274453
2.352157 0.276475
2.353225 0.278334
2.354293 0.279709
2.355363 0.280922
2.356434 0.282135
2.357505 0.282701
2.358577 0.283429
2.359651 0.283671
2.360726 0.283671
2.361801 0.283429
2.362878 0.28351
2.363955 0.283752
2.365033 0.283752
2.366114 0.28351
2.367194 0.282863
2.368275 0.282378
2.369358 0.282135
2.370441 0.281246
2.371525 0.280113
2.372611 0.279143
2.373697 0.278254
2.374785 0.277849
2.375873 0.277202
2.376962 0.275909
2.378052 0.274615
2.379144 0.273725
2.380236 0.272997
2.38133 0.27227
2.382424 0.271218
2.383519 0.270329
2.384615 0.26952
2.385713 0.269116
2.386811 0.269035
2.387911 0.268873
2.389011 0.269035
2.390113 0.269763
2.391215 0.270491
2.392318 0.271057
2.393423 0.271704
2.394528 0.272674
2.395635 0.273644
2.396743 0.274776
2.397851 0.276313
2.398961 0.277364
2.400071 0.2789
2.401183 0.280679
2.402296 0.28262
2.40341 0.284238
2.404524 0.285855
2.40564 0.287229
2.406757 0.288442
2.407875 0.289736
2.408994 0.291596
2.410113 0.293294
2.411234 0.294588
2.412356 0.295963
2.413479 0.297257
2.414603 0.298308
2.415729 0.299278
2.416855 0.299844
2.417982 0.300734
2.419111 0.301462
2.42024 0.302108
2.421371 0.303079
2.422502 0.303726
2.423635 0.304292
2.424768 0.304858
2.425903 0.305343
2.427038 0.305747
2.428176 0.30599
2.429314 0.306556
2.430453 0.307041
2.431592 0.307284
2.432734 0.307365
2.433876 0.307365
2.435019 0.307041
2.436163 0.306799
2.437308 0.306556
2.438454 0.306233
2.439602 0.306071
2.44075 0.305909
2.4419 0.305343
2.443051 0.304534
2.444203 0.304049
2.445355 0.303564
2.44651 0.302836
2.447665 0.301623
2.448821 0.300572
2.449978 0.299844
2.451137 0.299116
2.452296 0.298227
2.453457 0.296691
2.454618 0.29572
2.455781 0.29475
2.456945 0.29386
2.45811 0.292809
2.459276 0.291677
2.460443 0.290707
2.461612 0.289736
2.462781 0.288928
2.463952 0.288038
2.465123 0.286744
2.466296 0.285936
2.46747 0.285127
2.468645 0.284318
2.469821 0.283591
2.470998 0.282863
2.472176 0.282297
2.473356 0.281812
2.474536 0.281165
2.475718 0.28076
2.476901 0.280033
2.478085 0.279547
2.47927 0.279062
2.480456 0.278496
2.481644 0.278011
2.482832 0.277849
2.484022 0.277607
2.485213 0.277688
2.486404 0.277526
2.487597 0.27696
2.488792 0.276313
2.489987 0.276394
2.491184 0.276151
2.492381 0.275828
2.493581 0.275181
2.494781 0.274938
2.495982 0.274938
2.497184 0.274776
2.498387 0.274696
2.499592 0.274534
2.500798 0.274049
2.502005 0.273806
2.503213 0.273321
2.504422 0.272916
2.505633 0.272755
2.506844 0.272674
2.508057 0.272674
2.509271 0.272997
2.510486 0.273078
2.511703 0.272755
2.51292 0.272431
2.514138 0.272674
2.515358 0.272916
2.516579 0.273078
2.517802 0.272997
2.519025 0.27324
2.52025 0.273806
2.521476 0.273806
2.522703 0.273563
2.523931 0.273806
2.52516 0.27421
2.526391 0.274534
2.527622 0.274696
2.528856 0.274696
2.53009 0.274534
2.531325 0.274291
2.532562 0.273968
2.5338 0.274534
2.535039 0.274291
2.536279 0.27421
2.53752 0.275019
2.538763 0.275181
2.540007 0.2751
2.541252 0.274696
2.542498 0.273563
2.543746 0.273402
2.544994 0.27421
2.546244 0.274372
2.547495 0.273725
2.548748 0.273887
2.550002 0.273321
2.551256 0.272108
2.552513 0.27138
2.553771 0.27227
2.555029 0.273159
2.556289 0.273321
2.55755 0.272755
2.558813 0.271299
2.560076 0.268146
2.561341 0.265234
2.562607 0.264668
2.563875 0.265073
2.565143 0.267175
2.566413 0.269278
2.567684 0.268469
2.568957 0.265477
2.57023 0.265154
2.571505 0.266205
2.572781 0.262728
2.574058 0.262485
2.575337 0.263536
2.576617 0.262
2.577898 0.263132
2.579181 0.264183
2.580465 0.262162
2.58175 0.261434
2.583036 0.258038
2.584324 0.257229
2.585613 0.259736
2.586903 0.258684
2.588195 0.259089
2.589488 0.260706
2.590782 0.261919
2.592077 0.260706
2.593373 0.25262
2.594671 0.245342
2.595971 0.251326
2.597271 0.259008
2.598573 0.262081
2.599876 0.261676
2.601181 0.259655
2.602487 0.25828
2.603794 0.255773
2.605102 0.252458
2.606412 0.253752
2.607723 0.256016
2.609035 0.256258
2.610349 0.256905
2.611664 0.257552
2.612981 0.256905
2.614299 0.256663
2.615618 0.252458
2.616938 0.249304
2.61826 0.251649
2.619583 0.249466
2.620907 0.249547
2.622233 0.253671
2.62356 0.254237
2.624888 0.251649
2.626217 0.24704
2.627548 0.247768
2.628881 0.246231
2.630215 0.241622
2.63155 0.243967
2.632886 0.245746
2.634224 0.245423
2.635564 0.245989
2.636904 0.245584
2.638246 0.244938
2.63959 0.243805
2.640934 0.242673
2.64228 0.241946
2.643628 0.241622
2.644976 0.239762
2.646327 0.239277
2.647678 0.239843
2.649031 0.23952
2.650386 0.238145
2.651741 0.235396
2.653098 0.23483
2.654457 0.235396
2.655817 0.234991
2.657177 0.235557
2.65854 0.233697
2.659904 0.231999
2.66127 0.231918
2.662637 0.231433
2.664005 0.22642
2.665375 0.221568
2.666745 0.221163
2.668118 0.22367
2.669492 0.218657
2.670867 0.216392
2.672244 0.22181
2.673622 0.22181
2.675002 0.21712
2.676383 0.211864
2.677765 0.210247
2.67915 0.20863
2.680535 0.208225
2.681922 0.205233
2.68331 0.200058
2.6847 0.19553
2.68609 0.191082
2.687483 0.187039
2.688877 0.183157
2.690272 0.178467
2.691669 0.17216
2.693067 0.163346
2.694467 0.157038
2.695868 0.153399
2.69727 0.150731
2.698674 0.148305
2.70008 0.146122
2.701487 0.144989
2.702896 0.145636
2.704306 0.144747
2.705717 0.142968
2.70713 0.140542
2.708544 0.13755
2.70996 0.134962
2.711378 0.135124
2.712797 0.136822
2.714217 0.13569
2.715639 0.131404
2.717062 0.123237
2.718487 0.11135
2.719913 0.09922
2.721341 0.091943
2.72277 0.087172
2.7242 0.080945
2.725633 0.076983
2.727067 0.074072
2.728502 0.07019
2.729939 0.066551
2.731377 0.06461
2.732817 0.065419
2.734258 0.066956
2.735701 0.066551
2.737146 0.063883
2.738592 0.059597
2.740039 0.057171
2.741488 0.057333
2.742939 0.058869
2.744391 0.061052
2.745844 0.063236
2.747299 0.063559
2.748756 0.06178
2.750214 0.058788
2.751674 0.057009
2.753135 0.057252
2.754598 0.059112
2.756062 0.063883
2.757528 0.068492
2.758996 0.07019
2.760465 0.069624
2.761936 0.066309
2.763408 0.062993
2.764882 0.063802
2.766357 0.069867
2.767834 0.0786
2.769313 0.085878
2.770793 0.090568
2.772275 0.095339
2.773758 0.099706
2.775243 0.103344
2.77673 0.106013
2.778218 0.108196
2.779707 0.109409
2.781199 0.110137
2.782691 0.110622
2.784185 0.110703
2.785681 0.109409
2.787179 0.108277
2.788678 0.108439
2.790179 0.108681
2.791682 0.108277
2.793186 0.10763
2.794692 0.10666
2.7962 0.105932
2.797709 0.105366
2.799219 0.104962
2.800731 0.103991
2.802245 0.102374
2.803761 0.101808
2.805278 0.102617
2.806797 0.10294
2.808318 0.102859
2.80984 0.102859
2.811363 0.102697
2.812889 0.102617
2.814416 0.102536
2.815945 0.102778
2.817475 0.102859
2.819007 0.102536
2.82054 0.102617
2.822076 0.103183
2.823613 0.10383
2.825152 0.104072
2.826692 0.104153
2.828234 0.103991
2.829778 0.104153
2.831324 0.104234
2.832871 0.104153
2.83442 0.104315
2.835971 0.104315
2.837523 0.104153
2.839077 0.104315
2.840632 0.104476
2.84219 0.104396
2.843749 0.104476
2.84531 0.104396
2.846872 0.10391
2.848437 0.103264
2.850003 0.102859
2.85157 0.102374
2.85314 0.10197
2.854711 0.101565
2.856283 0.100918
2.857857 0.100191
2.859434 0.099301
2.861012 0.098573
2.862592 0.098088
2.864173 0.097765
2.865757 0.09728
2.867342 0.097037
2.868929 0.097037
2.870517 0.096794
2.872108 0.096794
2.873699 0.097118
2.875293 0.097603
2.876889 0.098007
2.878486 0.098493
2.880085 0.09922
2.881686 0.10011
2.883289 0.100757
2.884893 0.101161
2.886499 0.101646
2.888107 0.101889
2.889717 0.102536
2.891329 0.102859
2.892942 0.103102
2.894558 0.103587
2.896175 0.103749
2.897794 0.103587
2.899415 0.103668
2.901037 0.10383
2.902662 0.103668
2.904288 0.103749
2.905916 0.104153
2.907546 0.104153
2.909178 0.10383
2.910811 0.103425
2.912446 0.103183
2.914083 0.10294
2.915722 0.102778
2.917363 0.102536
2.919006 0.102374
2.92065 0.102374
2.922296 0.102374
2.923944 0.102131
2.925594 0.102131
2.927246 0.102051
2.9289 0.102131
2.930556 0.102131
2.932213 0.102293
2.933873 0.102536
2.935534 0.102859
2.937198 0.102859
2.938863 0.10294
2.94053 0.103021
2.942199 0.103183
2.943869 0.103587
2.945542 0.10391
2.947217 0.103991
2.948893 0.104315
2.950572 0.1048
2.952252 0.104881
2.953934 0.105043
2.955618 0.105528
2.957304 0.105932
2.958992 0.106094
2.960681 0.106175
2.962373 0.106498
2.964067 0.106822
2.965763 0.107064
2.96746 0.107307
2.96916 0.10763
2.970861 0.107954
2.972565 0.107954
2.974271 0.108115
2.975978 0.108277
2.977687 0.108681
2.979398 0.109167
2.981112 0.10949
2.982827 0.109652
2.984544 0.109733
2.986264 0.109814
2.987985 0.110218
2.989709 0.110622
2.991434 0.110784
2.993161 0.111026
2.99489 0.11135
2.996621 0.111593
2.998354 0.111997
3.000089 0.112401
3.001826 0.112644
3.003565 0.112886
3.005306 0.112967
3.00705 0.112967
3.008795 0.11321
3.010542 0.113533
3.012291 0.113695
3.014043 0.113857
3.015796 0.114099
3.017552 0.114584
3.019309 0.114989
3.021069 0.115151
3.02283 0.115312
3.024594 0.115717
3.02636 0.11604
3.028127 0.116364
3.029897 0.116849
3.031669 0.11693
3.033443 0.117253
3.035219 0.117657
3.036998 0.117819
3.038778 0.118143
3.04056 0.118628
3.042344 0.118789
3.04413 0.118951
3.045919 0.119355
3.047709 0.119598
3.049502 0.11976
3.051297 0.120002
3.053094 0.120326
3.054893 0.120649
3.056694 0.121054
3.058498 0.121377
3.060303 0.12162
3.062111 0.121862
3.063921 0.122347
3.065733 0.122509
3.067547 0.122833
3.069363 0.123156
3.071181 0.123399
3.073001 0.123803
3.074824 0.124126
3.076649 0.124207
3.078476 0.124612
3.080305 0.125097
3.082136 0.12542
3.08397 0.125744
3.085805 0.126067
3.087644 0.12631
3.089484 0.126552
3.091326 0.126957
3.093171 0.127442
3.095017 0.127927
3.096866 0.128251
3.098717 0.128493
3.10057 0.128817
3.102426 0.12914
3.104284 0.129625
3.106144 0.129949
3.108006 0.130353
3.109871 0.130676
3.111737 0.130919
3.113606 0.131404
3.115477 0.132051
3.11735 0.132294
3.119226 0.132455
3.121104 0.132779
3.122984 0.133183
3.124866 0.133588
3.126751 0.133992
3.128638 0.134315
3.130527 0.134801
3.132419 0.135043
3.134313 0.135286
3.136209 0.135609
3.138108 0.135933
3.140008 0.136014
3.141912 0.136337
3.143817 0.13666
3.145725 0.136984
3.147635 0.137146
3.149547 0.137226
3.151462 0.137388
3.153378 0.137793
3.155298 0.138035
3.157219 0.138116
3.159143 0.138278
3.16107 0.138682
3.162998 0.138844
3.164929 0.139005
3.166862 0.139167
3.168798 0.139248
3.170736 0.139491
3.172677 0.139733
3.174619 0.139814
3.176565 0.140138
3.178513 0.140299
3.180463 0.140704
3.182415 0.141351
3.18437 0.141674
3.186327 0.141836
3.188287 0.142159
3.190248 0.14224
3.192213 0.142483
3.19418 0.142887
3.196149 0.14321
3.198121 0.143453
3.200095 0.143938
3.202072 0.144262
3.204051 0.144504
3.206032 0.144828
3.208016 0.145232
3.210002 0.145636
3.211991 0.146122
3.213982 0.146768
3.215976 0.147092
3.217972 0.147254
3.219971 0.147496
3.221972 0.147981
3.223976 0.148305
3.225982 0.148871
3.227991 0.149518
3.230002 0.149841
3.232016 0.150165
3.234032 0.150731
3.236051 0.151135
3.238072 0.151539
3.240096 0.151863
3.242123 0.152267
3.244152 0.152752
3.246183 0.153076
3.248217 0.153561
3.250253 0.154046
3.252293 0.15437
3.254334 0.154855
3.256378 0.155583
3.258425 0.155987
3.260474 0.156149
3.262526 0.156391
3.26458 0.156796
3.266638 0.157281
3.268697 0.157523
3.27076 0.157847
3.272825 0.15817
3.274892 0.158494
3.276962 0.158817
3.279035 0.158817
3.28111 0.15906
3.283188 0.159383
3.285269 0.159626
3.287352 0.159868
3.289438 0.160111
3.291526 0.160434
3.293617 0.160515
3.295711 0.160596
3.297807 0.160677
3.299906 0.160758
3.302008 0.160839
3.304113 0.161162
3.30622 0.161324
3.30833 0.161486
3.310443 0.161567
3.312558 0.161486
3.314676 0.161567
3.316797 0.161728
3.31892 0.161486
3.321046 0.161405
3.323175 0.161405
3.325307 0.161405
3.327442 0.161486
3.329579 0.161405
3.331719 0.161162
3.333861 0.16092
3.336007 0.160758
3.338155 0.160677
3.340306 0.160758
3.342458 0.160596
3.344615 0.160273
3.346774 0.160192
3.348936 0.160192
3.351101 0.160111
3.353268 0.16003
3.355439 0.159707
3.357612 0.159545
3.359789 0.159626
3.361968 0.159707
3.364149 0.159545
3.366334 0.159626
3.368521 0.159545
3.370711 0.159383
3.372904 0.159788
3.3751 0.160111
3.3773 0.160273
3.379501 0.160677
3.381706 0.161243
3.383913 0.16189
3.386123 0.162456
3.388336 0.16286
3.390553 0.163346
3.392771 0.163993
3.394992 0.16472
3.397217 0.165529
3.399445 0.166176
3.401675 0.166904
3.403909 0.167793
3.406146 0.168602
3.408385 0.169572
3.410627 0.170462
3.412873 0.171432
3.415121 0.172645
3.417372 0.173615
3.419626 0.174262
3.421884 0.175152
3.424144 0.17588
3.426407 0.176284
3.428673 0.176931
3.430943 0.177497
3.433215 0.177982
3.43549 0.178629
3.437768 0.179357
3.440049 0.180004
3.442333 0.180489
3.444621 0.181055
3.446911 0.18154
3.449204 0.182268
3.4515 0.182996
3.4538 0.1834
3.456102 0.183885
3.458408 0.184613
3.460716 0.185341
3.463028 0.185988
3.465343 0.186473
3.467662 0.187039
3.469983 0.187686
3.472307 0.188009
3.474634 0.188413
3.476965 0.188818
3.479298 0.189222
3.481635 0.189707
3.483975 0.190031
3.486317 0.190193
3.488663 0.190516
3.491012 0.190759
3.493365 0.191001
3.49572 0.191163
3.498079 0.191405
3.500441 0.191567
3.502806 0.19181
3.505175 0.192457
3.507547 0.19278
3.509921 0.192942
3.512299 0.193508
3.514681 0.193912
3.517065 0.194317
3.519453 0.194721
3.521844 0.195206
3.524238 0.195449
3.526636 0.195691
3.529036 0.196096
3.53144 0.196581
3.533848 0.196904
3.536258 0.197066
3.538672 0.197389
3.541089 0.197875
3.543509 0.198198
3.545932 0.198441
3.548359 0.198764
3.55079 0.199007
3.553223 0.19933
3.55566 0.199734
3.558101 0.200058
3.560545 0.200462
3.562992 0.200624
3.565443 0.200867
3.567896 0.201109
3.570354 0.201513
3.572814 0.201837
3.575278 0.201999
3.577746 0.202241
3.580216 0.202484
3.582691 0.202807
3.585169 0.203212
3.58765 0.203454
3.590135 0.203616
3.592623 0.203778
3.595114 0.204263
3.597609 0.204586
3.600107 0.204748
3.602608 0.204991
3.605114 0.205233
3.607622 0.205638
3.610135 0.205799
3.61265 0.206042
3.61517 0.206284
3.617692 0.206446
3.620219 0.206608
3.622749 0.206851
3.625283 0.207093
3.627819 0.207497
3.63036 0.207821
3.632904 0.208063
3.635452 0.208306
3.638003 0.208549
3.640558 0.208872
3.643116 0.209196
3.645679 0.209519
3.648244 0.209842
3.650813 0.210166
3.653386 0.210409
3.655962 0.210651
3.658543 0.210813
3.661126 0.211136
3.663713 0.211379
3.666304 0.211702
3.668898 0.211945
3.671497 0.212188
3.674099 0.21243
3.676705 0.212754
3.679314 0.213158
3.681927 0.213481
3.684544 0.213643
3.687165 0.213805
3.689789 0.214128
3.692417 0.214533
3.695049 0.214856
3.697685 0.215018
3.700324 0.215018
3.702967 0.215099
3.705615 0.215422
3.708265 0.215746
3.71092 0.215988
3.713578 0.216069
3.71624 0.216392
3.718906 0.216797
3.721576 0.217201
3.724249 0.217525
3.726926 0.217686
3.729607 0.217767
3.732292 0.218091
3.734981 0.218495
3.737674 0.218818
3.740371 0.219304
3.743071 0.219546
3.745776 0.219465
3.748485 0.21987
3.751197 0.220355
3.753913 0.220517
3.756634 0.220678
3.759358 0.221002
3.762086 0.221406
3.764818 0.221649
3.767554 0.22181
3.770293 0.222053
3.773037 0.222376
3.775785 0.222457
3.778537 0.222619
3.781293 0.223023
3.784053 0.223185
3.786817 0.223428
3.789586 0.223589
3.792358 0.223832
3.795134 0.224155
3.797915 0.224398
3.800699 0.224479
3.803488 0.22456
3.80628 0.224802
3.809077 0.224964
3.811877 0.225126
3.814683 0.225126
3.817492 0.225288
3.820305 0.225692
3.823123 0.225934
3.825944 0.226015
3.82877 0.225934
3.8316 0.226015
3.834434 0.226258
3.837271 0.226501
3.840113 0.226743
3.84296 0.226824
3.845811 0.226905
3.848666 0.226986
3.851525 0.227228
3.854389 0.227309
3.857257 0.227309
3.86013 0.227471
3.863006 0.227552
3.865887 0.227713
3.868772 0.227875
3.871661 0.228118
3.874554 0.228118
3.877452 0.228037
3.880355 0.228037
3.883262 0.228037
3.886173 0.22828
3.889088 0.22836
3.892008 0.228441
3.894932 0.228522
3.897861 0.228522
3.900793 0.228522
3.903731 0.228684
3.906672 0.228846
3.909618 0.228926
3.912569 0.229007
3.915524 0.229007
3.918483 0.228765
3.921447 0.228846
3.924416 0.229007
3.927389 0.22925
3.930367 0.229412
3.933349 0.229331
3.936336 0.229331
3.939327 0.229573
3.942322 0.229654
3.945323 0.229735
3.948327 0.229978
3.951337 0.229897
3.954351 0.229978
3.95737 0.229978
3.960393 0.229978
3.963421 0.230059
3.966453 0.230382
3.96949 0.230544
3.972532 0.230786
3.975579 0.230948
3.978629 0.23111
3.981685 0.231352
3.984745 0.231514
3.98781 0.231676
3.99088 0.231918
3.993955 0.231999
3.997034 0.232161
4.000118 0.232404
4.003208 0.232484
4.006302 0.232565
4.0094 0.232646
4.012504 0.232808
4.015612 0.23297
4.018724 0.233131
4.021842 0.233374
4.024965 0.233374
4.028091 0.233293
4.031223 0.233455
4.03436 0.233536
4.037502 0.233617
4.040649 0.233778
4.043801 0.233859
4.046958 0.233859
4.050119 0.233859
4.053287 0.23394
4.056458 0.234021
4.059635 0.234021
4.062816 0.23394
4.066003 0.233859
4.069194 0.23394
4.072391 0.23394
4.075593 0.233778
4.078799 0.233778
4.082011 0.233778
4.085227 0.233778
4.088449 0.233778
4.091676 0.233778
4.094908 0.233697
4.098145 0.233455
4.101388 0.233455
4.104634 0.233455
4.107887 0.233374
4.111144 0.233293
4.114407 0.233212
4.117675 0.233212
4.120948 0.23305
4.124227 0.23297
4.12751 0.232889
4.130799 0.232889
4.134094 0.232808
4.137393 0.232646
4.140697 0.232484
4.144008 0.232404
4.147323 0.232404
4.150643 0.232323
4.153969 0.232242
4.157301 0.232161
4.160638 0.23208
4.16398 0.23208
4.167327 0.231918
4.17068 0.231595
4.174038 0.231352
4.177401 0.231352
4.18077 0.231352
4.184143 0.231271
4.187523 0.231191
4.190908 0.230948
4.194299 0.230625
4.197695 0.230382
4.201097 0.23022
4.204504 0.229654
4.207917 0.228926
4.211336 0.22828
4.214759 0.227633
4.218189 0.226905
4.221624 0.226015
4.225064 0.225449
4.22851 0.224964
4.231962 0.224641
4.23542 0.224317
4.238883 0.224236
4.242352 0.22456
4.245827 0.225045
4.249307 0.225854
4.252793 0.226824
4.256284 0.227147
4.259782 0.226581
4.263285 0.225854
4.266792 0.225126
4.270307 0.224479
4.273828 0.224236
4.277354 0.223994
4.280886 0.223832
4.284424 0.223832
4.287968 0.223751
4.291517 0.223751
4.295074 0.223832
4.298635 0.223832
4.302202 0.223994
4.305776 0.224155
4.309355 0.224317
4.31294 0.224398
4.316531 0.224236
4.320128 0.224236
4.323732 0.224317
4.327342 0.224236
4.330956 0.224155
4.334578 0.224075
4.338205 0.223751
4.341838 0.223589
4.345478 0.223266
4.349123 0.222862
4.352774 0.222457
4.356431 0.222134
4.360096 0.221487
4.363765 0.220921
4.367442 0.220436
4.371124 0.21987
4.374813 0.219223
4.378508 0.218495
4.38221 0.217686
4.385918 0.216797
4.389631 0.215826
4.393351 0.214937
4.397078 0.214047
4.40081 0.213077
4.404549 0.212026
4.408295 0.210975
4.412045 0.210004
4.415803 0.208953
4.419568 0.207659
4.423338 0.206284
4.427116 0.204991
4.4309 0.203697
4.43469 0.202322
4.438487 0.200786
4.442291 0.199249
4.446101 0.197794
4.449917 0.196176
4.45374 0.194721
4.45757 0.193508
4.461406 0.192376
4.465249 0.191325
4.469098 0.190516
4.472954 0.189869
4.476817 0.189303
4.480686 0.188737
4.484562 0.188333
4.488445 0.187928
4.492334 0.187605
4.496231 0.187281
4.500134 0.187039
4.504043 0.186554
4.507959 0.18623
4.511883 0.185988
4.515813 0.185664
4.51975 0.18526
4.523694 0.184775
4.527645 0.184289
4.531602 0.183481
4.535568 0.182591
4.539539 0.181944
4.543518 0.181297
4.547503 0.180489
4.551496 0.179599
4.555496 0.178548
4.559502 0.177578
4.563516 0.176446
4.567537 0.175313
4.571565 0.174101
4.5756 0.172807
4.579642 0.171675
4.583691 0.170542
4.587747 0.16941
4.591811 0.168197
4.595881 0.167065
4.599958 0.165933
4.604044 0.164801
4.608136 0.163912
4.612236 0.163022
4.616343 0.162133
4.620458 0.161162
4.624579 0.160354
4.628708 0.159626
4.632845 0.158736
4.636989 0.157847
4.64114 0.156957
4.645299 0.156149
4.649466 0.155502
4.653639 0.154774
4.65782 0.154046
4.662009 0.153238
4.666206 0.152591
4.67041 0.151944
4.674621 0.151297
4.67884 0.150731
4.683066 0.150084
4.687301 0.149356
4.691543 0.148709
4.695792 0.147981
4.700048 0.147254
4.704313 0.146445
4.708586 0.14596
4.712867 0.144909
4.717155 0.144181
4.721451 0.143372
4.725755 0.142725
4.730067 0.141755
4.734388 0.140784
4.738715 0.139491
4.743051 0.138439
4.747394 0.137307
4.751746 0.136094
4.756105 0.134639
4.760472 0.133183
4.764848 0.13197
4.769232 0.130676
4.773623 0.129464
4.778023 0.128089
4.782431 0.127038
4.786847 0.125825
4.791271 0.125016
4.795703 0.124207
4.800144 0.123318
4.804591 0.12259
4.809048 0.121943
4.813513 0.121215
4.817986 0.120407
4.822468 0.119679
4.826958 0.118789
4.831457 0.117819
4.835964 0.11693
4.84048 0.116121
4.845004 0.115151
4.849536 0.114018
4.854077 0.112805
4.858626 0.111754
4.863184 0.110865
4.867751 0.109814
4.872326 0.108843
4.876908 0.107873
4.8815 0.106822
4.886101 0.105851
4.89071 0.104881
4.895329 0.103991
4.899956 0.103264
4.904591 0.102455
4.909236 0.101565
4.91389 0.100918
4.918552 0.100352
4.923223 0.099867
4.927903 0.099301
4.932591 0.098816
4.937289 0.098493
4.941996 0.098007
4.946712 0.097603
4.951437 0.09736
4.956171 0.096956
4.960914 0.096794
4.965665 0.096633
4.970426 0.096147
4.975196 0.095662
4.979976 0.095015
4.984764 0.094449
4.989561 0.093883
4.994367 0.093236
4.999184 0.092589
5.004009 0.092104
5.008844 0.091457
5.013688 0.09073
5.018541 0.090002
5.023404 0.089678
5.028277 0.089274
5.033159 0.088789
5.038051 0.088465
5.042951 0.088142
5.047862 0.087899
5.052782 0.087657
5.057711 0.087333
5.06265 0.087091
5.0676 0.086606
5.072558 0.086201
5.077527 0.085716
5.082504 0.085231
5.087492 0.084907
5.09249 0.084422
5.097497 0.083856
5.102514 0.083047
5.10754 0.082158
5.112577 0.081349
5.117624 0.08046
5.122681 0.07957
5.127748 0.0786
5.132825 0.07763
5.137912 0.076659
5.143009 0.07577
5.148117 0.075123
5.153234 0.074961
5.158362 0.07488
5.1635 0.074557
5.168648 0.074314
5.173806 0.073991
5.178975 0.073748
5.184154 0.073425
5.189344 0.072778
5.194544 0.071888
5.199754 0.070918
5.204975 0.07019
5.210206 0.069139
5.215447 0.068168
5.2207 0.067683
5.225963 0.067036
5.231235 0.065985
5.236519 0.065096
5.241814 0.064287
5.247119 0.063559
5.252435 0.062751
5.257762 0.061942
5.2631 0.061214
5.268449 0.060486
5.273809 0.059516
5.27918 0.058707
5.284561 0.058141
5.289953 0.057333
5.295357 0.056767
5.300771 0.056362
5.306197 0.055796
5.311634 0.05523
5.31708 0.054745
5.322538 0.054179
5.328009 0.053451
5.33349 0.052804
5.338983 0.052319
5.344487 0.051591
5.350003 0.051025
5.355529 0.051187
5.361069 0.05151
5.366619 0.051672
5.37218 0.051915
5.377753 0.052077
5.383337 0.052157
5.388933 0.052238
5.394541 0.052238
5.40016 0.052157
5.405792 0.051996
5.411435 0.051753
5.417089 0.051025
5.422756 0.050378
5.428434 0.050702
5.434124 0.050621
5.439826 0.049974
5.44554 0.049489
5.451264 0.048923
5.457003 0.048276
5.462753 0.047306
5.468515 0.046901
5.47429 0.046739
5.480077 0.046254
5.485876 0.046173
5.491687 0.046012
5.497512 0.045769
5.503348 0.045446
5.509196 0.045284
5.515058 0.045041
5.520931 0.044637
5.526816 0.044556
5.532715 0.044475
5.538626 0.044233
5.544551 0.043909
5.550487 0.043424
5.556436 0.043101
5.562398 0.043101
5.568373 0.042858
5.57436 0.042211
5.58036 0.041645
5.586374 0.041888
5.592398 0.042049
5.598437 0.041726
5.604489 0.041402
5.610555 0.041241
5.616633 0.041079
5.622725 0.040998
5.62883 0.040917
5.634949 0.040432
5.641082 0.039704
5.647227 0.040028
5.653385 0.040351
5.659557 0.040594
5.665742 0.040756
5.671941 0.040432
5.678154 0.040594
5.68438 0.041079
5.69062 0.040917
5.696874 0.041322
5.703141 0.041322
5.709422 0.040836
5.715717 0.04116
5.722026 0.041645
5.728348 0.041888
5.734685 0.04213
5.741033 0.04213
5.747398 0.041888
5.753777 0.042292
5.76017 0.041888
5.766577 0.041079
5.772999 0.04213
5.779435 0.04302
5.785885 0.043424
5.792351 0.043748
5.798831 0.043828
5.805324 0.04399
5.811832 0.043828
5.818355 0.042939
5.824893 0.042858
5.831445 0.043828
5.838012 0.044475
5.844594 0.044799
5.851191 0.044718
5.857803 0.044314
5.864429 0.043828
5.871071 0.043667
5.877727 0.042049
5.884399 0.041726
5.891086 0.042049
5.897785 0.041402
5.904502 0.042211
5.911235 0.042211
5.917983 0.041645
5.924747 0.041079
5.931525 0.039623
5.93832 0.038491
5.94513 0.039219
5.951957 0.039381
5.958798 0.039057
5.965655 0.038006
5.972528 0.037683
5.979417 0.037764
5.986322 0.037278
5.993242 0.037036
6.000179 0.037359
6.00713 0.037198
6.014098 0.036712
6.021083 0.036874
6.028085 0.036955
6.035102 0.036712
6.042136 0.035338
6.049186 0.033882
6.056253 0.035176
6.063337 0.035742
6.070437 0.035014
6.077554 0.035176
6.084687 0.035904
6.091837 0.036146
6.099004 0.036146
6.106188 0.035742
6.113389 0.035257
6.120608 0.036308
6.127842 0.03744
6.135094 0.037764
6.142364 0.038087
6.14965 0.038572
6.156953 0.038734
6.164274 0.039138
6.171613 0.039866
6.178967 0.039462
6.18634 0.039138
6.193731 0.040028
6.201139 0.040594
6.208566 0.040756
6.216011 0.041241
6.223473 0.041807
6.230953 0.042292
6.238452 0.042777
6.245968 0.043181
6.253502 0.043505
6.261055 0.043667
6.268626 0.043828
6.276215 0.044071
6.283823 0.044233
6.291449 0.044394
6.299095 0.044475
6.306758 0.044475
6.31444 0.044556
6.32214 0.044556
6.32986 0.044394
6.337598 0.043667
6.345355 0.043101
6.353131 0.044071
6.360924 0.044314
6.368739 0.043909
6.376572 0.044394
6.384425 0.044799
6.392297 0.044799
6.400189 0.044475
6.4081 0.042535
6.416031 0.041726
6.423983 0.043343
6.431953 0.044152
6.439943 0.044718
6.447953 0.04496
6.455982 0.045122
6.464032 0.045041
6.472102 0.044233
6.480192 0.043586
6.488305 0.042535
6.496436 0.042615
6.504587 0.044394
6.512758 0.04488
6.52095 0.044394
6.529163 0.045122
6.537397 0.045284
6.545651 0.04496
6.553923 0.044637
6.562219 0.044394
6.570536 0.043586
6.578875 0.044071
6.587234 0.044475
6.595614 0.044718
6.604017 0.045122
6.61244 0.04496
6.620886 0.044637
6.629353 0.043262
6.637841 0.042373
6.646351 0.043667
6.654883 0.044637
6.663437 0.044233
6.672013 0.043505
6.680611 0.04302
6.689233 0.043181
6.697875 0.043262
6.70654 0.042373
6.715228 0.041645
6.723937 0.041402
6.73267 0.041402
6.741425 0.041322
6.750203 0.040836
6.759001 0.040432
6.767824 0.039704
6.776671 0.038896
6.785541 0.038087
6.794435 0.037925
6.803351 0.03841
6.812291 0.038087
6.821255 0.037278
6.830244 0.036874
6.839254 0.036793
6.848289 0.036308
6.857347 0.035014
6.86643 0.034367
6.875537 0.035095
6.884668 0.035257
6.893823 0.034852
6.902999 0.034206
6.912203 0.033963
6.921432 0.03372
6.930685 0.033316
6.939963 0.032831
6.949265 0.032184
6.958593 0.031214
6.967947 0.031214
6.977327 0.031133
6.98673 0.030648
6.996159 0.030324
7.005613 0.030001
7.015093 0.029596
7.024599 0.029354
7.03413 0.028869
7.043687 0.02806
7.053272 0.027898
7.062882 0.027979
7.072517 0.027817
7.082179 0.027575
7.091867 0.027413
7.101583 0.027251
7.111324 0.026766
7.121092 0.026443
7.130883 0.026281
7.140706 0.025796
7.150555 0.025472
7.160431 0.02531
7.170335 0.024987
7.180266 0.024906
7.190225 0.024744
7.200211 0.024421
7.210228 0.024098
7.22027 0.023936
7.23034 0.023774
7.240438 0.023531
7.250565 0.023289
7.26072 0.022965
7.270903 0.022642
7.281115 0.02248
7.291358 0.02248
7.301627 0.022319
7.311926 0.021914
7.322253 0.021752
7.33261 0.021672
7.342996 0.021348
7.353412 0.021025
7.363857 0.020863
7.374328 0.02062
7.384833 0.020378
7.395367 0.020216
7.405932 0.020054
7.416527 0.019893
7.427153 0.019731
7.437809 0.019407
7.448495 0.019246
7.459215 0.019003
7.469963 0.01876
7.480742 0.01868
7.491552 0.01868
7.502394 0.018518
7.513267 0.018437
7.524172 0.018437
7.535108 0.018275
7.546078 0.018114
7.557078 0.018033
7.56811 0.017871
7.579175 0.017871
7.590272 0.01779
7.601401 0.017467
7.612564 0.017143
7.623759 0.017062
7.634982 0.017143
7.646243 0.016981
7.657537 0.016658
7.668865 0.016415
7.680227 0.016173
7.691622 0.01593
7.703051 0.015688
7.714513 0.015526
7.726013 0.015364
7.737544 0.015122
7.74911 0.01496
7.76071 0.014717
7.772346 0.014636
7.784016 0.014475
7.795721 0.013989
7.807461 0.013666
7.819234 0.013423
7.831045 0.0131
7.842893 0.013019
7.854775 0.013019
7.866695 0.012857
7.87865 0.012615
7.890642 0.012453
7.90267 0.012372
7.914737 0.012049
7.926839 0.011887
7.938978 0.011806
7.951155 0.011644
7.963368 0.011402
7.97562 0.01124
7.987909 0.011078
8.000236 0.011078
8.012604 0.011078
8.025007 0.010998
8.03745 0.011078
8.04993 0.01124
8.062449 0.011402
8.075007 0.011483
8.087605 0.011725
8.100242 0.011968
8.112914 0.01221
8.12563 0.012696
8.138387 0.013343
8.151183 0.014151
8.16402 0.01496
8.176896 0.015849
8.189815 0.016901
8.202773 0.018194
8.215774 0.019893
8.228815 0.021914
8.241898 0.023936
8.255021 0.026038
8.268188 0.028626
8.281395 0.031456
8.294645 0.034448
8.307939 0.037683
8.321277 0.041241
8.334655 0.04496
8.348077 0.048842
8.361541 0.053128
8.37505 0.057656
8.388601 0.062265
8.402197 0.067036
8.415837 0.071727
8.429516 0.076255
8.443245 0.080298
8.457019 0.083533
8.470837 0.086201
8.484701 0.088304
8.49861 0.08984
8.512566 0.091134
8.526567 0.092347
8.540616 0.093641
8.554709 0.094692
8.56885 0.095339
8.583036 0.095581
8.59727 0.095258
8.611551 0.094045
8.62588 0.091215
8.640257 0.086525
8.654684 0.080945
8.669156 0.076417
8.683678 0.074961
8.698248 0.077144
8.712867 0.081673
8.727534 0.086767
8.742252 0.091619
8.75702 0.095824
8.771832 0.099059
8.786699 0.101808
8.801618 0.104153
8.816586 0.10577
8.831606 0.107064
8.846677 0.108439
8.861799 0.109894
8.876974 0.11135
8.892203 0.112644
8.907482 0.114099
8.922813 0.115636
8.938197 0.117415
8.953634 0.119436
8.969126 0.12162
8.98467 0.124126
9.000268 0.127038
9.015924 0.130191
9.031631 0.133588
9.047393 0.137388
9.06321 0.141593
9.079082 0.145717
9.095011 0.150084
9.110995 0.154612
9.127035 0.15906
9.143127 0.163588
9.159282 0.16844
9.175492 0.173211
9.191761 0.177982
9.208088 0.181459
9.224472 0.1834
9.240915 0.184694
9.257417 0.186554
9.27398 0.190435
9.290601 0.195125
9.307281 0.199654
9.32402 0.203535
9.34082 0.206608
9.35768 0.209681
9.374602 0.213724
9.391585 0.218495
9.408624 0.223185
9.42573 0.227147
9.442899 0.230139
9.460131 0.231999
9.477425 0.233212
9.494783 0.233617
9.512204 0.233131
9.52969 0.231757
9.547244 0.229735
9.564858 0.227147
9.582539 0.224398
9.600284 0.221325
9.618095 0.218495
9.635973 0.215988
9.653916 0.213562
9.671927 0.211136
9.690009 0.20863
9.708156 0.205799
9.72637 0.202646
9.744653 0.19933
9.763004 0.1965
9.781425 0.194317
9.799915 0.192699
9.818476 0.191567
9.837101 0.19092
9.855803 0.190193
9.874576 0.189465
9.89342 0.189222
9.912336 0.189707
9.931326 0.191082
9.950388 0.193104
9.969523 0.195125
9.988736 0.196662
10.008019 0.197632
10.027377 0.198845
10.04681 0.200381
10.066319 0.201918
10.085902 0.203212
10.105563 0.204182
10.1253 0.204425
10.145119 0.204182
10.165011 0.203212
10.184982 0.201918
10.205031 0.200301
10.22516 0.19836
10.245367 0.196338
10.265656 0.194236
10.286023 0.19181
10.306466 0.189384
10.326997 0.186715
10.34761 0.183885
10.368304 0.180974
10.389083 0.178305
10.409945 0.175718
10.43089 0.173292
10.45192 0.170704
10.473039 0.168117
10.49424 0.16561
10.515526 0.163022
10.536899 0.159949
10.558359 0.156634
10.579906 0.153318
10.601542 0.149518
10.623267 0.145151
10.645084 0.140946
10.666988 0.136741
10.688982 0.132698
10.711066 0.128493
10.733243 0.124531
10.755511 0.121135
10.777872 0.118547
10.800325 0.116687
10.822865 0.114989
10.845508 0.113291
10.868244 0.111593
10.891077 0.109652
10.914005 0.107468
10.937031 0.105447
10.960154 0.103506
10.983374 0.101646
11.006698 0.099786
11.030116 0.097926
11.053635 0.096309
11.077253 0.094611
11.100973 0.092589
11.124795 0.090649
11.14872 0.089193
11.172747 0.087738
11.196871 0.086201
11.221107 0.084907
11.245447 0.084018
11.269894 0.083371
11.294447 0.083209
11.319107 0.083209
11.343875 0.082967
11.368752 0.082643
11.393744 0.081835
11.418839 0.080945
11.444047 0.079894
11.469365 0.078762
11.494797 0.07763
11.52034 0.076255
11.545999 0.075123
11.571771 0.074152
11.597663 0.07302
11.623667 0.071888
11.649787 0.070514
11.676025 0.069543
11.702382 0.068654
11.728858 0.067602
11.755454 0.06647
11.782171 0.065419
11.809002 0.064206
11.835962 0.062912
11.863048 0.061618
11.890256 0.060486
11.91759 0.059112
11.94505 0.057737
11.972636 0.056443
12.000351 0.055473
12.028198 0.054502
12.056171 0.053128
12.084274 0.051591
12.112508 0.050459
12.140875 0.049246
12.169374 0.048033
12.198009 0.04682
12.226777 0.045769
12.255688 0.044556
12.28473 0.043343
12.31391 0.04213
12.343228 0.041402
12.372687 0.041241
12.402287 0.041564
12.432029 0.043181
12.461913 0.047467
12.491931 0.053613
12.522105 0.059759
12.552425 0.06461
12.582892 0.067036
12.613507 0.066875
12.644272 0.064853
12.675187 0.06178
12.706254 0.058465
12.737479 0.05523
12.768852 0.052804
12.80038 0.05054
12.832064 0.048599
12.863906 0.047144
12.895905 0.045769
12.928064 0.04488
12.960384 0.04488
12.992874 0.045446
13.025519 0.046173
13.05833 0.047952
13.091305 0.050378
13.124448 0.053128
13.157759 0.054988
13.191238 0.055958
13.22489 0.055635
13.258701 0.053856
13.292698 0.051187
13.326869 0.048599
13.361217 0.046578
13.395742 0.044718
13.430446 0.043262
13.46533 0.041968
13.500397 0.040756
13.535651 0.039462
13.571085 0.03833
13.606705 0.037764
13.642511 0.037521
13.678508 0.037117
13.714694 0.036955
13.751073 0.036874
13.787644 0.036227
13.82442 0.035257
13.861383 0.034529
13.898545 0.033801
13.935907 0.033316
13.97347 0.033073
14.011236 0.033154
14.049208 0.03372
14.087384 0.034772
14.125755 0.03647
14.16435 0.038249
14.203156 0.039543
14.242176 0.040351
14.281411 0.040675
14.320862 0.040675
14.360532 0.040351
14.400422 0.039866
14.440542 0.038896
14.48088 0.037602
14.521442 0.036793
14.562233 0.036146
14.603253 0.035014
14.644506 0.034367
14.685991 0.03461
14.727713 0.035257
14.76966 0.036712
14.811859 0.038572
14.8543 0.039947
14.896984 0.040432
14.939916 0.040594
14.983094 0.04027
15.026524 0.039381
15.070205 0.038734
15.11415 0.03841
15.158343 0.038653
15.202796 0.038896
15.24751 0.038977
15.292488 0.038491
15.337732 0.037844
15.383245 0.038087
15.429028 0.03833
15.475092 0.03833
15.521424 0.038896
15.568036 0.0393
15.614927 0.039543
15.662103 0.040109
15.709563 0.040109
15.757313 0.039947
15.805353 0.040109
15.853672 0.039947
15.902304 0.039947
15.951234 0.040513
16.000465 0.041322
16.050003 0.042211
16.099848 0.042939
16.150003 0.043586
16.200472 0.044718
16.251265 0.046416
16.30237 0.048842
16.353796 0.052319
16.405548 0.05612
16.45763 0.060325
16.510042 0.0655
16.56279 0.070675
16.615877 0.075365
16.669313 0.080379
16.723085 0.084988
16.777206 0.088951
16.831676 0.09267
16.886503 0.095986
16.941689 0.099301
16.997234 0.102293
17.053146 0.105447
17.109409 0.108277
17.166063 0.110784
17.223093 0.113372
17.280504 0.116525
17.338299 0.119841
17.396481 0.124531
17.455055 0.13011
17.514025 0.136903
17.573404 0.144989
17.633179 0.152995
17.693359 0.160515
17.753954 0.167389
17.814964 0.173696
17.876394 0.178548
17.938251 0.182187
18.000536 0.183966
18.063269 0.183885
18.126427 0.183238
18.190027 0.18243
18.254078 0.181944
18.318579 0.182106
18.383539 0.183642
18.448961 0.186958
18.514851 0.192214
18.58119 0.198683
18.648029 0.205476
18.715351 0.212268
18.783159 0.218495
18.851461 0.222862
18.920263 0.225449
18.989569 0.226258
19.059383 0.226824
19.129725 0.22836
19.200575 0.228199
19.271952 0.227471
19.343863 0.227228
19.416311 0.226824
19.489305 0.226096
19.562849 0.225449
19.636951 0.225449
19.711594 0.226905
19.786827 0.229573
19.862638 0.231433
19.939034 0.231999
20.016018 0.23305
20.093599 0.232808
20.171785 0.23297
20.250582 0.23305
20.330009 0.233131
20.410049 0.234183
20.490723 0.23483
20.572035 0.23394
20.653994 0.23208
20.73661 0.229412
20.819889 0.226986
20.903841 0.22642
20.988487 0.227552
21.073807 0.226824
21.159821 0.224479
21.246542 0.221972
21.333977 0.220517
21.422132 0.218657
21.511023 0.217363
21.600651 0.215746
21.691 0.213562
21.782139 0.211541
21.874046 0.210004
21.966734 0.212268
22.060209 0.212996
22.154484 0.213724
22.249567 0.215907
22.34547 0.218414
22.442221 0.219809
22.539797 0.219454
22.638224 0.220637
22.737514 0.222412
22.837679 0.220164
22.93873 0.215313
23.04068 0.210501
23.143541 0.204151
23.247343 0.198866
23.35206 0.193935
23.457727 0.187072
23.564352 0.179934
23.671953 0.171848
23.78054 0.16467
23.890127 0.161632
24.000731 0.157728
24.112324 0.152364
24.224998 0.149208
24.338732 0.145185
24.453537 0.141123
24.569429 0.139979
24.686426 0.142858
24.804543 0.145777
24.923796 0.147749
25.044222 0.147828
25.165796 0.147197
25.288555 0.14483
25.412519 0.143095
25.537704 0.144199
25.664127 0.144949
25.791811 0.145264
25.920769 0.147867
26.051052 0.150392
26.182623 0.152285
26.315529 0.153074
26.449793 0.152364
26.585432 0.155164
26.722471 0.157057
26.860929 0.158832
27.00083 0.163171
27.142149 0.167707
27.285002 0.167154
27.429367 0.167075
27.575268 0.165853
27.722729 0.161396
27.871777 0.158674
28.022434 0.157767
28.17473 0.157018
28.328716 0.154178
28.484369 0.151457
28.641743 0.148932
28.800863 0.14625
28.961761 0.14558
29.124468 0.14558
29.289013 0.14416
29.455427 0.142977
29.623777 0.142267
29.794029 0.140294
29.966249 0.138914
30.140471 0.137415
30.316732 0.137731
30.495066 0.1399
30.67551 0.137731
30.858103 0.135916
31.04282 0.138796
31.229824 0.138401
31.419096 0.136784
31.610676 0.136587
31.804607 0.136311
32.000931 0.135167
32.199696 0.132682
32.400944 0.129803
32.604759 0.1272
32.811115 0.125267
33.020103 0.124952
33.231773 0.122901
33.446171 0.119943
33.663353 0.121993
33.883377 0.12298
34.106293 0.122348
34.332088 0.124754
34.560966 0.125464
34.792919 0.123058
35.028008 0.12294
35.266293 0.123295
35.507843 0.121993
35.752724 0.119588
36.001007 0.118641
36.252811 0.118286
36.508114 0.116748
36.767036 0.118523
37.029659 0.119588
37.296059 0.11939
37.566319 0.119745
37.840527 0.122348
38.118767 0.123058
38.40118 0.122072
38.687756 0.119075
38.978642 0.116393
39.273933 0.115683
39.573734 0.112725
39.878147 0.109451
40.187283 0.109964
40.501244 0.108741
40.820042 0.104679
41.144012 0.106927
41.473164 0.110555
41.807625 0.114381
42.147522 0.1173
42.492992 0.115446
42.844173 0.116905
43.20121 0.120534
43.564312 0.121047
43.933502 0.121323
44.309002 0.118641
44.690975 0.113592
45.079594 0.116353
45.475029 0.120929
45.87746 0.126608
46.287083 0.134102
46.704159 0.136074
47.128742 0.131736
47.561119 0.127476
48.001499 0.12929
48.450111 0.13351
48.907188 0.131026
49.372971 0.127594
49.847713 0.124005
50.331509 0.122546
50.824955 0.122191
51.328171 0.121678
51.841454 0.122348
52.365105 0.119035
52.899441 0.115998
53.444794 0.112961
54.001511 0.107913
54.570061 0.109609
55.150593 0.109293
55.74361 0.107124
56.349518 0.105822
56.968742 0.106966
57.60173 0.10949
58.24894 0.109372
58.910862 0.107124
59.588123 0.10811
60.28101 0.111896
60.9902 0.11659
61.716274 0.120731
62.459846 0.12862
63.221554 0.133234
64.002068 0.133747
64.802094 0.126411
65.622093 0.124991
66.463402 0.123847
67.326561 0.118404
68.21244 0.118523
69.121933 0.123413
70.056015 0.126214
71.015686 0.130355
72.002014 0.130079
73.016319 0.124833
74.05941 0.121717
75.132736 0.124163
76.237625 0.128541
77.375504 0.123216
78.547859 0.118207
79.756294 0.116984
81.002487 0.121284
82.28849 0.123492
83.61573 0.12294
84.986481 0.125898
86.402931 0.128225
87.867393 0.136153
89.382355 0.152837
90.95047 0.158043
92.574593 0.15477
94.25721 0.154533
96.002708 0.159621
97.814079 0.16743
99.695114 0.172873
101.649918 0.17733
103.682915 0.170862
105.798889 0.174372
108.003029 0.191608
110.301392 0.199221
112.699249 0.191017
115.203682 0.1851
117.821953 0.184035
120.562004 0.196933
123.432541 0.216062
126.443092 0.216141
129.604187 0.219375
132.926254 0.223753
136.424286 0.222294
140.11142 0.2275
144.003372 0.231011
148.117722 0.222255
152.474106 0.204624
157.094498 0.200877
162.003662 0.207701
167.230545 0.228052
172.804886 0.254991
178.763672 0.253216
185.148087 0.254084
192.005402 0.246156
199.390213 0.268362
207.365814 0.280944
216.006042 0.275462
