1.523855 0.330025
1.524303 0.328244
1.524751 0.327702
1.5252 0.326851
1.525649 0.326619
1.526098 0.326231
1.526547 0.32569
1.526997 0.324606
1.527447 0.323754
1.527897 0.323677
1.528347 0.323986
1.528798 0.321741
1.529249 0.320967
1.5297 0.321664
1.530152 0.322128
1.530604 0.320193
1.531055 0.319187
1.531508 0.319109
1.53196 0.319187
1.532413 0.318954
1.532866 0.318877
1.53332 0.317793
1.533773 0.316787
1.534227 0.315006
1.534682 0.315471
1.535136 0.316787
1.535591 0.317174
1.536046 0.317329
1.536501 0.316477
1.536956 0.315393
1.537412 0.315006
1.537868 0.313922
1.538324 0.314542
1.538781 0.314851
1.539238 0.314
1.539695 0.313768
1.540153 0.314155
1.54061 0.31338
1.541068 0.313071
1.541527 0.312684
1.541985 0.312684
1.542444 0.312451
1.542903 0.313613
1.543363 0.314232
1.543822 0.315084
1.544282 0.314387
1.544742 0.313922
1.545203 0.313922
1.545663 0.314155
1.546124 0.312529
1.546586 0.312064
1.547047 0.312529
1.547509 0.313303
1.547971 0.312993
1.548433 0.31369
1.548896 0.314
1.549359 0.314
1.549822 0.313535
1.550285 0.314077
1.550749 0.313845
1.551213 0.313613
1.551677 0.314387
1.552142 0.314696
1.552607 0.314774
1.553072 0.314619
1.553537 0.314232
1.554003 0.313613
1.554469 0.313226
1.554935 0.314464
1.555402 0.314619
1.555868 0.314387
1.556336 0.314155
1.556803 0.314155
1.557271 0.313922
1.557738 0.31369
1.558207 0.313768
1.558675 0.315084
1.559144 0.314542
1.559613 0.314077
1.560082 0.314387
1.560552 0.315084
1.561022 0.314774
1.561492 0.315238
1.561963 0.315393
1.562433 0.315393
1.562905 0.315084
1.563376 0.314696
1.563848 0.314
1.564319 0.314309
1.564792 0.315316
1.565264 0.316245
1.565737 0.315548
1.56621 0.314929
1.566683 0.314774
1.567156 0.316245
1.56763 0.316555
1.568105 0.316477
1.568579 0.315548
1.569054 0.315703
1.569529 0.316322
1.570004 0.317406
1.57048 0.317096
1.570956 0.317251
1.571432 0.317638
1.571908 0.318103
1.572385 0.317638
1.572862 0.317329
1.57334 0.317329
1.573817 0.317716
1.574295 0.317329
1.574773 0.317871
1.575252 0.318103
1.575731 0.318645
1.57621 0.318877
1.576689 0.3188
1.577169 0.318258
1.577649 0.319032
1.578129 0.319264
1.57861 0.319806
1.57909 0.319341
1.579572 0.319341
1.580053 0.319806
1.580535 0.32027
1.581017 0.32027
1.581499 0.320425
1.581982 0.321045
1.582465 0.321587
1.582948 0.321277
1.583431 0.321664
1.583915 0.321741
1.584399 0.321974
1.584884 0.322051
1.585368 0.322283
1.585853 0.321819
1.586339 0.322128
1.586824 0.322051
1.58731 0.322361
1.587796 0.322825
1.588283 0.323367
1.588769 0.322748
1.589256 0.323677
1.589744 0.323986
1.590231 0.324374
1.590719 0.324064
1.591208 0.324219
1.591696 0.323909
1.592185 0.323986
1.592674 0.323986
1.593163 0.323909
1.593653 0.323677
1.594143 0.324683
1.594634 0.325148
1.595124 0.326077
1.595615 0.326231
1.596107 0.325999
1.596598 0.325844
1.59709 0.326619
1.597582 0.326464
1.598075 0.326851
1.598568 0.326696
1.599061 0.327006
1.599554 0.326928
1.600048 0.327315
1.600542 0.32778
1.601036 0.328322
1.60153 0.328399
1.602025 0.328786
1.602521 0.328786
1.603016 0.32956
1.603512 0.329173
1.604008 0.328786
1.604505 0.328786
1.605001 0.329483
1.605498 0.330102
1.605996 0.330722
1.606493 0.330489
1.606991 0.33018
1.60749 0.330102
1.607988 0.330335
1.608487 0.330489
1.608986 0.331418
1.609486 0.331651
1.609986 0.332502
1.610486 0.332502
1.610986 0.332502
1.611487 0.332347
1.611988 0.332038
1.61249 0.332115
1.612991 0.332734
1.613493 0.332347
1.613996 0.332812
1.614498 0.332889
1.615001 0.333276
1.615505 0.333276
1.616008 0.334051
1.616512 0.334051
1.617016 0.334128
1.617521 0.333741
1.618026 0.333663
1.618531 0.333586
1.619036 0.334747
1.619542 0.334825
1.620048 0.335134
1.620554 0.334825
1.621061 0.335057
1.621568 0.33467
1.622076 0.335367
1.622583 0.335754
1.623091 0.336218
1.6236 0.336063
1.624108 0.336063
1.624617 0.336296
1.625127 0.336837
1.625636 0.336683
1.626146 0.337147
1.626656 0.337147
1.627167 0.337612
1.627678 0.337302
1.628189 0.337147
1.628701 0.337302
1.629212 0.337921
1.629725 0.338386
1.630237 0.338773
1.63075 0.339005
1.631263 0.339315
1.631777 0.33916
1.63229 0.339392
1.632804 0.338695
1.633319 0.338773
1.633834 0.33916
1.634349 0.340321
1.634864 0.340012
1.63538 0.339779
1.635896 0.339702
1.636412 0.339857
1.636929 0.340708
1.637446 0.341095
1.637964 0.340553
1.638481 0.340863
1.638999 0.340631
1.639518 0.340631
1.640036 0.340941
1.640555 0.34125
1.641075 0.341018
1.641594 0.341792
1.642114 0.342102
1.642634 0.342179
1.643155 0.34187
1.643676 0.342411
1.644197 0.341947
1.644719 0.342102
1.645241 0.342257
1.645763 0.342721
1.646286 0.342876
1.646809 0.34334
1.647332 0.34334
1.647856 0.343805
1.64838 0.343495
1.648904 0.342876
1.649429 0.343186
1.649953 0.344115
1.650479 0.344269
1.651004 0.344347
1.651531 0.344347
1.652057 0.344424
1.652583 0.344424
1.65311 0.344657
1.653638 0.344657
1.654165 0.345353
1.654693 0.345276
1.655222 0.345585
1.65575 0.345585
1.656279 0.345663
1.656809 0.346282
1.657338 0.346669
1.657868 0.34605
1.658399 0.345276
1.658929 0.345121
1.65946 0.346205
1.659992 0.346824
1.660523 0.347056
1.661055 0.346824
1.661588 0.347444
1.662121 0.347444
1.662654 0.347444
1.663187 0.347521
1.663721 0.347985
1.664255 0.348295
1.664789 0.348914
1.665324 0.348527
1.665859 0.348605
1.666395 0.348605
1.666931 0.348837
1.667467 0.349147
1.668003 0.349456
1.66854 0.349069
1.669077 0.349301
1.669615 0.349611
1.670153 0.349998
1.670691 0.349921
1.671229 0.350308
1.671769 0.350385
1.672308 0.35054
1.672847 0.350618
1.673387 0.350618
1.673928 0.350618
1.674468 0.351005
1.675009 0.35085
1.675551 0.351392
1.676093 0.351701
1.676635 0.351934
1.677177 0.351856
1.67772 0.352011
1.678263 0.351934
1.678806 0.352321
1.67935 0.352011
1.679894 0.352553
1.680439 0.352863
1.680984 0.353405
1.681529 0.353482
1.682074 0.353637
1.682621 0.353869
1.683167 0.354411
1.683714 0.354179
1.68426 0.354101
1.684808 0.353946
1.685356 0.354179
1.685904 0.354643
1.686452 0.354721
1.687001 0.354334
1.68755 0.354101
1.6881 0.354024
1.68865 0.355185
1.6892 0.355263
1.689751 0.355185
1.690302 0.355108
1.690853 0.355882
1.691405 0.355959
1.691957 0.355495
1.692509 0.355185
1.693061 0.356037
1.693615 0.356501
1.694168 0.356424
1.694722 0.356269
1.695276 0.356656
1.695831 0.356579
1.696385 0.356114
1.696941 0.355804
1.697497 0.355882
1.698053 0.355959
1.698609 0.356346
1.699166 0.356656
1.699723 0.356966
1.70028 0.357198
1.700838 0.357353
1.701396 0.357353
1.701955 0.358127
1.702514 0.357972
1.703073 0.357508
1.703633 0.357198
1.704193 0.357662
1.704753 0.35774
1.705314 0.357972
1.705875 0.35805
1.706436 0.35805
1.706998 0.357895
1.707561 0.357972
1.708123 0.357817
1.708686 0.358591
1.70925 0.358591
1.709813 0.358591
1.710377 0.358591
1.710942 0.359056
1.711507 0.358901
1.712072 0.358824
1.712638 0.358901
1.713204 0.359133
1.71377 0.359133
1.714337 0.359288
1.714904 0.359288
1.715471 0.359133
1.716039 0.358746
1.716607 0.359366
1.717176 0.359908
1.717745 0.360295
1.718314 0.36014
1.718884 0.360682
1.719454 0.360372
1.720024 0.360062
1.720595 0.360372
1.721167 0.360682
1.721738 0.360527
1.72231 0.360836
1.722883 0.360682
1.723455 0.360914
1.724029 0.361069
1.724602 0.361146
1.725176 0.360527
1.72575 0.360991
1.726325 0.361224
1.7269 0.361766
1.727476 0.361688
1.728051 0.361533
1.728628 0.361378
1.729204 0.361611
1.729781 0.362075
1.730358 0.362153
1.730936 0.36223
1.731514 0.362695
1.732093 0.362307
1.732672 0.362462
1.733251 0.36254
1.733831 0.362617
1.734411 0.362695
1.734991 0.363314
1.735572 0.363546
1.736153 0.363778
1.736735 0.363546
1.737317 0.363778
1.7379 0.363623
1.738482 0.363778
1.739066 0.363933
1.739649 0.363856
1.740233 0.363701
1.740817 0.363856
1.741402 0.364243
1.741987 0.364475
1.742573 0.36432
1.743159 0.364165
1.743745 0.363933
1.744332 0.364475
1.744919 0.36463
1.745506 0.365172
1.746094 0.365172
1.746683 0.365249
1.747271 0.365094
1.74786 0.365327
1.74845 0.365559
1.74904 0.365559
1.74963 0.365404
1.750221 0.365559
1.750812 0.365791
1.751403 0.365869
1.751995 0.365869
1.752588 0.366643
1.75318 0.36641
1.753773 0.366178
1.754367 0.36672
1.754961 0.366643
1.755555 0.366488
1.75615 0.366875
1.756745 0.366875
1.75734 0.367107
1.757936 0.36703
1.758533 0.367262
1.759129 0.367494
1.759726 0.367881
1.760324 0.367727
1.760922 0.367649
1.76152 0.367881
1.762119 0.368191
1.762718 0.368114
1.763318 0.368423
1.763918 0.368423
1.764518 0.368423
1.765119 0.368656
1.76572 0.368965
1.766322 0.368965
1.766924 0.369275
1.767526 0.368965
1.768129 0.368965
1.768732 0.369197
1.769336 0.36943
1.76994 0.369585
1.770545 0.369739
1.771149 0.36943
1.771755 0.369739
1.77236 0.370204
1.772967 0.370436
1.773573 0.370049
1.77418 0.369894
1.774787 0.369585
1.775395 0.369894
1.776004 0.369894
1.776612 0.370281
1.777221 0.370668
1.777831 0.370978
1.778441 0.370591
1.779051 0.370591
1.779662 0.370746
1.780273 0.370978
1.780884 0.370668
1.781496 0.370514
1.782109 0.370436
1.782721 0.370514
1.783335 0.370746
1.783948 0.371442
1.784562 0.371442
1.785177 0.37121
1.785792 0.370823
1.786407 0.371365
1.787023 0.371675
1.787639 0.371752
1.788256 0.37152
1.788873 0.371752
1.789491 0.37183
1.790108 0.372139
1.790727 0.371907
1.791346 0.371907
1.791965 0.371752
1.792585 0.37183
1.793205 0.371752
1.793825 0.372217
1.794446 0.372294
1.795067 0.372294
1.795689 0.372449
1.796311 0.372913
1.796934 0.372991
1.797557 0.372449
1.79818 0.372217
1.798804 0.372371
1.799429 0.372371
1.800053 0.372681
1.800679 0.372759
1.801304 0.372836
1.801931 0.372913
1.802557 0.373223
1.803184 0.3733
1.803812 0.37361
1.804439 0.373378
1.805068 0.373765
1.805696 0.373842
1.806326 0.373765
1.806955 0.373455
1.807585 0.37361
1.808216 0.373842
1.808847 0.373997
1.809478 0.373765
1.81011 0.373997
1.810742 0.374307
1.811375 0.374462
1.812008 0.374617
1.812641 0.374771
1.813275 0.374617
1.81391 0.374771
1.814545 0.374771
1.81518 0.374694
1.815816 0.374539
1.816452 0.374694
1.817089 0.375004
1.817726 0.375236
1.818363 0.374849
1.819001 0.374849
1.81964 0.375081
1.820279 0.375158
1.820918 0.375313
1.821558 0.375468
1.822199 0.375081
1.822839 0.375468
1.82348 0.375855
1.824122 0.3757
1.824764 0.375623
1.825406 0.375933
1.826049 0.3757
1.826693 0.376087
1.827337 0.376087
1.827981 0.376165
1.828626 0.376242
1.829271 0.376552
1.829917 0.376784
1.830563 0.376862
1.83121 0.376784
1.831857 0.377016
1.832504 0.377249
1.833152 0.377404
1.833801 0.377326
1.83445 0.377326
1.835099 0.377171
1.835749 0.377171
1.836399 0.377016
1.83705 0.377791
1.837701 0.3781
1.838353 0.378333
1.839005 0.378487
1.839658 0.378487
1.840311 0.378333
1.840964 0.37841
1.841618 0.37841
1.842272 0.378487
1.842927 0.378487
1.843583 0.37872
1.844238 0.378874
1.844895 0.379029
1.845551 0.379107
1.846209 0.379107
1.846867 0.378642
1.847525 0.378797
1.848184 0.379029
1.848843 0.379494
1.849502 0.379416
1.850162 0.379339
1.850823 0.379494
1.851484 0.379571
1.852145 0.379339
1.852807 0.379494
1.853469 0.379262
1.854132 0.379184
1.854796 0.379571
1.855459 0.380191
1.856124 0.380191
1.856789 0.380191
1.857454 0.380113
1.85812 0.380268
1.858786 0.380191
1.859453 0.379803
1.86012 0.379726
1.860788 0.380113
1.861456 0.380191
1.862124 0.380268
1.862794 0.380113
1.863463 0.380655
1.864133 0.380655
1.864804 0.380655
1.865475 0.380732
1.866146 0.380887
1.866818 0.380655
1.867491 0.380423
1.868164 0.380268
1.868837 0.380578
1.869511 0.3805
1.870185 0.380578
1.87086 0.380423
1.871536 0.3805
1.872212 0.380578
1.872888 0.380578
1.873565 0.380655
1.874242 0.381042
1.87492 0.381042
1.875599 0.38081
1.876277 0.380423
1.876957 0.380423
1.877637 0.380423
1.878317 0.380655
1.878998 0.380578
1.879679 0.380655
1.880361 0.3805
1.881043 0.380113
1.881726 0.380113
1.882409 0.3805
1.883093 0.380345
1.883777 0.380345
1.884462 0.380191
1.885147 0.379958
1.885833 0.379803
1.886519 0.380036
1.887206 0.380036
1.887893 0.379958
1.888581 0.379649
1.889269 0.379571
1.889958 0.379494
1.890647 0.379803
1.891337 0.379726
1.892027 0.379494
1.892718 0.379339
1.893409 0.379649
1.894101 0.379416
1.894793 0.379184
1.895486 0.378797
1.896179 0.378797
1.896873 0.37872
1.897568 0.378565
1.898262 0.378255
1.898958 0.378178
1.899654 0.378023
1.90035 0.378023
1.901047 0.377868
1.901744 0.377945
1.902442 0.377636
1.90314 0.377713
1.903839 0.377558
1.904539 0.377481
1.905239 0.377326
1.905939 0.377016
1.90664 0.376784
1.907342 0.377094
1.908044 0.376939
1.908746 0.376862
1.909449 0.376707
1.910153 0.376707
1.910857 0.376784
1.911561 0.376862
1.912266 0.376862
1.912972 0.376784
1.913678 0.376629
1.914385 0.377326
1.915092 0.377558
1.9158 0.377636
1.916508 0.377713
1.917217 0.377945
1.917926 0.377791
1.918636 0.378023
1.919346 0.377945
1.920057 0.377791
1.920768 0.377713
1.92148 0.378255
1.922193 0.378565
1.922906 0.378797
1.92362 0.378952
1.924333 0.379184
1.925048 0.379107
1.925763 0.379416
1.926479 0.379649
1.927195 0.379803
1.927912 0.379958
1.928629 0.380345
1.929346 0.380113
1.930065 0.380113
1.930784 0.380036
1.931503 0.380191
1.932223 0.380578
1.932943 0.380732
1.933664 0.380423
1.934386 0.380732
1.935108 0.381197
1.93583 0.381352
1.936554 0.381429
1.937277 0.381816
1.938002 0.381739
1.938726 0.381584
1.939452 0.381584
1.940177 0.381816
1.940904 0.381429
1.941631 0.381352
1.942358 0.381429
1.943086 0.381739
1.943815 0.381816
1.944544 0.381894
1.945274 0.381971
1.946004 0.382049
1.946735 0.382049
1.947466 0.382358
1.948198 0.382436
1.94893 0.382281
1.949663 0.381971
1.950397 0.382203
1.951131 0.382281
1.951865 0.382358
1.952601 0.382203
1.953336 0.382281
1.954073 0.382513
1.954809 0.382823
1.955547 0.382668
1.956285 0.3829
1.957023 0.383055
1.957762 0.383287
1.958502 0.383132
1.959242 0.382823
1.959983 0.382823
1.960724 0.383132
1.961466 0.383055
1.962208 0.383055
1.962951 0.383132
1.963695 0.383365
1.964439 0.38321
1.965183 0.38321
1.965929 0.383132
1.966674 0.383287
1.967421 0.38321
1.968168 0.383442
1.968915 0.383287
1.969663 0.383597
1.970412 0.383597
1.971161 0.383519
1.971911 0.383519
1.972661 0.383597
1.973413 0.383442
1.974164 0.383674
1.974916 0.383597
1.975669 0.383365
1.976422 0.383132
1.977176 0.383442
1.97793 0.383519
1.978685 0.383519
1.97944 0.383365
1.980196 0.383442
1.980953 0.383365
1.98171 0.383674
1.982468 0.383519
1.983226 0.383365
1.983986 0.383365
1.984745 0.383674
1.985505 0.383674
1.986266 0.383442
1.987027 0.383365
1.987789 0.383597
1.988552 0.383519
1.989315 0.383442
1.990078 0.383442
1.990842 0.383674
1.991607 0.383597
1.992373 0.383752
1.993139 0.383519
1.993905 0.383674
1.994673 0.383674
1.99544 0.383674
1.996209 0.383907
1.996978 0.384139
1.997747 0.383984
1.998517 0.383984
1.999288 0.383829
2.000059 0.383674
2.000831 0.383752
2.001604 0.384061
2.002377 0.384139
2.003151 0.384216
2.003925 0.384139
2.0047 0.384294
2.005476 0.384371
2.006252 0.384603
2.007029 0.384603
2.007806 0.384603
2.008584 0.384371
2.009362 0.384526
2.010141 0.384681
2.010921 0.384913
2.011701 0.384836
2.012482 0.384913
2.013264 0.384836
2.014046 0.385068
2.014829 0.3853
2.015612 0.385377
2.016396 0.3853
2.01718 0.385455
2.017966 0.385455
2.018752 0.385532
2.019538 0.385842
2.020325 0.386074
2.021113 0.385919
2.021901 0.385997
2.02269 0.386152
2.023479 0.386539
2.02427 0.386384
2.02506 0.386306
2.025852 0.386229
2.026644 0.386461
2.027436 0.386616
2.028229 0.386771
2.029023 0.386848
2.029818 0.386926
2.030613 0.386848
2.031409 0.386926
2.032204 0.387003
2.033001 0.38739
2.033799 0.387622
2.034597 0.387855
2.035396 0.387622
2.036195 0.387545
2.036996 0.38739
2.037796 0.3877
2.038598 0.387932
2.0394 0.388087
2.040203 0.38801
2.041006 0.38801
2.04181 0.387855
2.042614 0.388319
2.043419 0.388242
2.044225 0.388397
2.045032 0.388474
2.045839 0.388629
2.046646 0.388474
2.047455 0.388551
2.048264 0.388474
2.049073 0.388861
2.049883 0.389093
2.050694 0.389326
2.051505 0.389248
2.052317 0.389171
2.05313 0.389093
2.053944 0.389171
2.054758 0.389093
2.055573 0.389403
2.056388 0.38948
2.057204 0.389558
2.058021 0.389403
2.058838 0.389558
2.059656 0.38979
2.060475 0.389558
2.061294 0.389403
2.062114 0.389558
2.062935 0.389403
2.063756 0.38948
2.064577 0.38948
2.0654 0.389635
2.066223 0.389171
2.067047 0.389248
2.067871 0.389558
2.068696 0.389635
2.069522 0.389326
2.070349 0.389403
2.071176 0.389326
2.072004 0.389558
2.072833 0.389558
2.073662 0.389403
2.074492 0.389171
2.075322 0.389093
2.076153 0.389093
2.076985 0.389248
2.077817 0.389093
2.07865 0.389248
2.079484 0.389093
2.080319 0.389171
2.081154 0.388861
2.08199 0.388706
2.082826 0.388551
2.083663 0.388784
2.084501 0.388784
2.08534 0.388629
2.086179 0.388706
2.087018 0.388784
2.087859 0.388242
2.0887 0.388087
2.089542 0.388164
2.090385 0.388319
2.091228 0.388242
2.092072 0.388551
2.092917 0.388397
2.093762 0.388087
2.094608 0.387932
2.095454 0.388242
2.096302 0.388242
2.09715 0.388087
2.097999 0.3877
2.098848 0.3877
2.099698 0.387777
2.100549 0.3877
2.1014 0.387468
2.102252 0.387622
2.103105 0.387777
2.103959 0.387855
2.104813 0.387545
2.105668 0.3877
2.106524 0.387468
2.10738 0.38739
2.108237 0.38739
2.109094 0.387622
2.109953 0.3877
2.110812 0.387545
2.111672 0.387158
2.112532 0.387158
2.113394 0.387235
2.114255 0.387468
2.115118 0.38739
2.115981 0.38739
2.116845 0.387081
2.11771 0.387158
2.118576 0.387081
2.119442 0.387158
2.120309 0.387313
2.121176 0.38739
2.122045 0.387313
2.122913 0.387468
2.123783 0.387468
2.124654 0.387468
2.125525 0.387468
2.126396 0.387622
2.127269 0.387468
2.128142 0.387468
2.129016 0.387622
2.129891 0.387855
2.130766 0.387855
2.131642 0.3877
2.132519 0.387468
2.133397 0.3877
2.134275 0.3877
2.135154 0.387855
2.136034 0.387777
2.136914 0.387777
2.137795 0.387777
2.138677 0.387932
2.13956 0.38801
2.140444 0.388164
2.141328 0.388087
2.142213 0.388164
2.143099 0.388087
2.143985 0.388319
2.144872 0.388319
2.14576 0.388474
2.146648 0.388397
2.147537 0.388474
2.148427 0.388474
2.149318 0.388164
2.150209 0.388164
2.151101 0.388551
2.151994 0.388397
2.152888 0.388242
2.153783 0.38801
2.154678 0.388319
2.155574 0.388474
2.15647 0.388397
2.157368 0.388242
2.158266 0.388474
2.159165 0.388319
2.160064 0.388242
2.160964 0.38801
2.161865 0.388087
2.162767 0.387932
2.16367 0.38801
2.164573 0.387932
2.165478 0.387855
2.166383 0.387468
2.167288 0.387313
2.168195 0.387545
2.169102 0.387622
2.17001 0.387081
2.170919 0.387081
2.171828 0.386926
2.172739 0.387003
2.17365 0.386539
2.174561 0.386384
2.175474 0.386074
2.176387 0.385842
2.177301 0.385455
2.178216 0.385223
2.179132 0.384913
2.180048 0.384603
2.180965 0.384216
2.181883 0.383984
2.182801 0.383442
2.183721 0.38321
2.184641 0.382668
2.185562 0.382358
2.186484 0.382049
2.187407 0.381584
2.18833 0.38081
2.189254 0.380345
2.190179 0.379726
2.191105 0.379416
2.192032 0.378874
2.192959 0.37841
2.193887 0.377868
2.194816 0.377326
2.195745 0.376939
2.196676 0.376862
2.197607 0.376397
2.198539 0.37601
2.199472 0.375623
2.200405 0.375313
2.201339 0.374694
2.202275 0.374384
2.203211 0.374075
2.204147 0.37392
2.205085 0.373455
2.206023 0.373378
2.206962 0.373146
2.207902 0.372759
2.208843 0.372139
2.209784 0.371597
2.210727 0.371055
2.21167 0.370978
2.212614 0.370668
2.213559 0.370204
2.214504 0.369585
2.215451 0.369352
2.216398 0.36912
2.217346 0.368965
2.218295 0.368191
2.219244 0.367959
2.220195 0.367727
2.221146 0.367727
2.222098 0.367262
2.223051 0.367107
2.224005 0.36703
2.224959 0.366798
2.225914 0.366488
2.226871 0.366643
2.227827 0.366488
2.228785 0.366333
2.229744 0.366178
2.230703 0.36641
2.231663 0.366178
2.232625 0.365791
2.233587 0.365481
2.234549 0.365327
2.235513 0.365094
2.236477 0.365094
2.237442 0.364398
2.238408 0.363778
2.239375 0.363159
2.240343 0.362927
2.241312 0.362385
2.242281 0.361766
2.243252 0.360836
2.244223 0.36014
2.245195 0.35952
2.246168 0.358746
2.247141 0.35805
2.248116 0.357895
2.249091 0.357508
2.250067 0.35712
2.251044 0.356656
2.252022 0.356579
2.253 0.356579
2.25398 0.356888
2.254961 0.357198
2.255942 0.357895
2.256924 0.358282
2.257907 0.358669
2.258891 0.359211
2.259876 0.359675
2.260861 0.360217
2.261847 0.360991
2.262835 0.361456
2.263823 0.362075
2.264812 0.362385
2.265802 0.362695
2.266792 0.363082
2.267784 0.363469
2.268776 0.363469
2.26977 0.363235
2.270764 0.363469
2.271759 0.363585
2.272755 0.363294
2.273752 0.363235
2.27475 0.363585
2.275748 0.364052
2.276747 0.363585
2.277748 0.363294
2.278749 0.36341
2.279751 0.363585
2.280754 0.363702
2.281758 0.363527
2.282763 0.363002
2.283768 0.362302
2.284775 0.361368
2.285782 0.36096
2.286791 0.360259
2.2878 0.359734
2.28881 0.358917
2.289821 0.358042
2.290832 0.357167
2.291845 0.356116
2.292859 0.354949
2.293873 0.354132
2.294889 0.352907
2.295905 0.351857
2.296922 0.350982
2.29794 0.35034
2.29896 0.349406
2.299979 0.348239
2.301001 0.347072
2.302022 0.345905
2.303045 0.344855
2.304068 0.343921
2.305093 0.342929
2.306118 0.341937
2.307145 0.341062
2.308172 0.339836
2.309201 0.338494
2.31023 0.337211
2.31126 0.335869
2.31229 0.334935
2.313322 0.334235
2.314355 0.333126
2.315388 0.332251
2.316423 0.331726
2.317458 0.330792
2.318495 0.329683
2.319532 0.328458
2.32057 0.327349
2.321609 0.326532
2.32265 0.325891
2.323691 0.32484
2.324733 0.323615
2.325776 0.322331
2.32682 0.321573
2.327865 0.320931
2.32891 0.320522
2.329957 0.320172
2.331005 0.319355
2.332053 0.318713
2.333103 0.318072
2.334153 0.317255
2.335205 0.316321
2.336257 0.316146
2.33731 0.316029
2.338365 0.315796
2.33942 0.315387
2.340476 0.315154
2.341533 0.315154
2.342591 0.315154
2.34365 0.315504
2.34471 0.315446
2.345771 0.315679
2.346833 0.315971
2.347896 0.316204
2.34896 0.316846
2.350024 0.317546
2.35109 0.317896
2.352157 0.318888
2.353225 0.31988
2.354293 0.320289
2.355363 0.320989
2.356434 0.32239
2.357505 0.323557
2.358577 0.324257
2.359651 0.325015
2.360726 0.326474
2.361801 0.327874
2.362878 0.328983
2.363955 0.330034
2.365033 0.330967
2.366114 0.332017
2.367194 0.333184
2.368275 0.333535
2.369358 0.334235
2.370441 0.334935
2.371525 0.335635
2.372611 0.336219
2.373697 0.336627
2.374785 0.336977
2.375873 0.337502
2.376962 0.337736
2.378052 0.337911
2.379144 0.338261
2.380236 0.338436
2.38133 0.338494
2.382424 0.338611
2.383519 0.338611
2.384615 0.338903
2.385713 0.33902
2.386811 0.339136
2.387911 0.33937
2.389011 0.339486
2.390113 0.339603
2.391215 0.339836
2.392318 0.340128
2.393423 0.340653
2.394528 0.341003
2.395635 0.341412
2.396743 0.341762
2.397851 0.341995
2.398961 0.342346
2.400071 0.342987
2.401183 0.343396
2.402296 0.343454
2.40341 0.343338
2.404524 0.343921
2.40564 0.344505
2.406757 0.344796
2.407875 0.34503
2.408994 0.345205
2.410113 0.345205
2.411234 0.345613
2.412356 0.345672
2.413479 0.346197
2.414603 0.346664
2.415729 0.346722
2.416855 0.346664
2.417982 0.346722
2.419111 0.346897
2.42024 0.346955
2.421371 0.34678
2.422502 0.347189
2.423635 0.347305
2.424768 0.347189
2.425903 0.347014
2.427038 0.347072
2.428176 0.34713
2.429314 0.34713
2.430453 0.346664
2.431592 0.34643
2.432734 0.346313
2.433876 0.346313
2.435019 0.345963
2.436163 0.346022
2.437308 0.345788
2.438454 0.345788
2.439602 0.345613
2.44075 0.345205
2.4419 0.345263
2.443051 0.345438
2.444203 0.345497
2.445355 0.345497
2.44651 0.345205
2.447665 0.344738
2.448821 0.344563
2.449978 0.344621
2.451137 0.344621
2.452296 0.344913
2.453457 0.344796
2.454618 0.344505
2.455781 0.34433
2.456945 0.34468
2.45811 0.344621
2.459276 0.344446
2.460443 0.344388
2.461612 0.344271
2.462781 0.344213
2.463952 0.34433
2.465123 0.344388
2.466296 0.344563
2.46747 0.344446
2.468645 0.344505
2.469821 0.34468
2.470998 0.34468
2.472176 0.344446
2.473356 0.344213
2.474536 0.344038
2.475718 0.34433
2.476901 0.344563
2.478085 0.344388
2.47927 0.344213
2.480456 0.344446
2.481644 0.344271
2.482832 0.344271
2.484022 0.344446
2.485213 0.344563
2.486404 0.344796
2.487597 0.344796
2.488792 0.344505
2.489987 0.344621
2.491184 0.34468
2.492381 0.344855
2.493581 0.344621
2.494781 0.344154
2.495982 0.344213
2.497184 0.344505
2.498387 0.344271
2.499592 0.344271
2.500798 0.344213
2.502005 0.344213
2.503213 0.34433
2.504422 0.34433
2.505633 0.344096
2.506844 0.344271
2.508057 0.344388
2.509271 0.344096
2.510486 0.343921
2.511703 0.343921
2.51292 0.343688
2.514138 0.343804
2.515358 0.343513
2.516579 0.343221
2.517802 0.343338
2.519025 0.343454
2.52025 0.343396
2.521476 0.343454
2.522703 0.343162
2.523931 0.343279
2.52516 0.343338
2.526391 0.343221
2.527622 0.342987
2.528856 0.342871
2.53009 0.342871
2.531325 0.342754
2.532562 0.342346
2.5338 0.342404
2.535039 0.342229
2.536279 0.342229
2.53752 0.342871
2.538763 0.343279
2.540007 0.343162
2.541252 0.342812
2.542498 0.342229
2.543746 0.342521
2.544994 0.343104
2.546244 0.343046
2.547495 0.342404
2.548748 0.342462
2.550002 0.342462
2.551256 0.342229
2.552513 0.341704
2.553771 0.342346
2.555029 0.343279
2.556289 0.343396
2.55755 0.343221
2.558813 0.342521
2.560076 0.340653
2.561341 0.338961
2.562607 0.338786
2.563875 0.339545
2.565143 0.340945
2.566413 0.342579
2.567684 0.342171
2.568957 0.34042
2.57023 0.340245
2.571505 0.341237
2.572781 0.338903
2.574058 0.338903
2.575337 0.340303
2.576617 0.339661
2.577898 0.340712
2.579181 0.341645
2.580465 0.340537
2.58175 0.339953
2.583036 0.337736
2.584324 0.337444
2.585613 0.339486
2.586903 0.338903
2.588195 0.339311
2.589488 0.340595
2.590782 0.34147
2.592077 0.340478
2.593373 0.335227
2.594671 0.330267
2.595971 0.33406
2.597271 0.339311
2.598573 0.341354
2.599876 0.341062
2.601181 0.340012
2.602487 0.339195
2.603794 0.337619
2.605102 0.335343
2.606412 0.336102
2.607723 0.337969
2.609035 0.338378
2.610349 0.339195
2.611664 0.339836
2.612981 0.33937
2.614299 0.339253
2.615618 0.336861
2.616938 0.33511
2.61826 0.337094
2.619583 0.335869
2.620907 0.335869
2.622233 0.338903
2.62356 0.33972
2.624888 0.338553
2.626217 0.335752
2.627548 0.336452
2.628881 0.33616
2.630215 0.333535
2.63155 0.33546
2.632886 0.337036
2.634224 0.336977
2.635564 0.337911
2.636904 0.338203
2.638246 0.338028
2.63959 0.337619
2.640934 0.337094
2.64228 0.336802
2.643628 0.336627
2.644976 0.33546
2.646327 0.335343
2.647678 0.33616
2.649031 0.336044
2.650386 0.335227
2.651741 0.333359
2.653098 0.332659
2.654457 0.332951
2.655817 0.332601
2.657177 0.332834
2.65854 0.331726
2.659904 0.3305
2.66127 0.330209
2.662637 0.329508
2.664005 0.325599
2.665375 0.321573
2.666745 0.320172
2.668118 0.320814
2.669492 0.316146
2.670867 0.312587
2.672244 0.315679
2.673622 0.314746
2.675002 0.310369
2.676383 0.305293
2.677765 0.302492
2.67915 0.298932
2.680535 0.295665
2.681922 0.289771
2.68331 0.281719
2.6847 0.273608
2.68609 0.26468
2.687483 0.255403
2.688877 0.246592
2.690272 0.237956
2.691669 0.229086
2.693067 0.219283
2.694467 0.211931
2.695868 0.206913
2.69727 0.202536
2.698674 0.198335
2.70008 0.194601
2.701487 0.191683
2.702896 0.190399
2.704306 0.188824
2.705717 0.186957
2.70713 0.184331
2.708544 0.18048
2.70996 0.175812
2.711378 0.172894
2.712797 0.171494
2.714217 0.16881
2.715639 0.165133
2.717062 0.161107
2.718487 0.156381
2.719913 0.150196
2.721341 0.146403
2.72277 0.143427
2.7242 0.138875
2.725633 0.136075
2.727067 0.133332
2.728502 0.129423
2.729939 0.124813
2.731377 0.120845
2.732817 0.117986
2.734258 0.115944
2.735701 0.114893
2.737146 0.113668
2.738592 0.11005
2.740039 0.106374
2.741488 0.104448
2.742939 0.103515
2.744391 0.102231
2.745844 0.101531
2.747299 0.101239
2.748756 0.100772
2.750214 0.099547
2.751674 0.09768
2.753135 0.095462
2.754598 0.092895
2.756062 0.092136
2.757528 0.093362
2.758996 0.09412
2.760465 0.094412
2.761936 0.093887
2.763408 0.093478
2.764882 0.093245
2.766357 0.092603
2.767834 0.09202
2.769313 0.092545
2.770793 0.093653
2.772275 0.094937
2.773758 0.095812
2.775243 0.096454
2.77673 0.096921
2.778218 0.09768
2.779707 0.098263
2.781199 0.098905
2.782691 0.100014
2.784185 0.101356
2.785681 0.101881
2.787179 0.102931
2.788678 0.104682
2.790179 0.106374
2.791682 0.107774
2.793186 0.109525
2.794692 0.1111
2.7962 0.112501
2.797709 0.113901
2.799219 0.115418
2.800731 0.116527
2.802245 0.117461
2.803761 0.119036
2.805278 0.121195
2.806797 0.123179
2.808318 0.124871
2.80984 0.126563
2.811363 0.128431
2.812889 0.129831
2.814416 0.130823
2.815945 0.131698
2.817475 0.132632
2.819007 0.133507
2.82054 0.134441
2.822076 0.135549
2.823613 0.136541
2.825152 0.137067
2.826692 0.137592
2.828234 0.138117
2.829778 0.138584
2.831324 0.138934
2.832871 0.139109
2.83442 0.139167
2.835971 0.139167
2.837523 0.139226
2.839077 0.139401
2.840632 0.139226
2.84219 0.139109
2.843749 0.138875
2.84531 0.138409
2.846872 0.138059
2.848437 0.137767
2.850003 0.137767
2.85157 0.137708
2.85314 0.137242
2.854711 0.137008
2.856283 0.137067
2.857857 0.137125
2.859434 0.136775
2.861012 0.136366
2.862592 0.136016
2.864173 0.136075
2.865757 0.1359
2.867342 0.135783
2.868929 0.135841
2.870517 0.135783
2.872108 0.135608
2.873699 0.135725
2.875293 0.135783
2.876889 0.136016
2.878486 0.136191
2.880085 0.136075
2.881686 0.135958
2.883289 0.13625
2.884893 0.136425
2.886499 0.1366
2.888107 0.136658
2.889717 0.136775
2.891329 0.136833
2.892942 0.137008
2.894558 0.137008
2.896175 0.137125
2.897794 0.137242
2.899415 0.137183
2.901037 0.137125
2.902662 0.137417
2.904288 0.137592
2.905916 0.137708
2.907546 0.137942
2.909178 0.138175
2.910811 0.13835
2.912446 0.138467
2.914083 0.138584
2.915722 0.138759
2.917363 0.138642
2.919006 0.138525
2.92065 0.13835
2.922296 0.13835
2.923944 0.138525
2.925594 0.1387
2.927246 0.138875
2.9289 0.138934
2.930556 0.138875
2.932213 0.138817
2.933873 0.138525
2.935534 0.138584
2.937198 0.138875
2.938863 0.138992
2.94053 0.138992
2.942199 0.138875
2.943869 0.138934
2.945542 0.139109
2.947217 0.139342
2.948893 0.139634
2.950572 0.139809
2.952252 0.139867
2.953934 0.139984
2.955618 0.140393
2.957304 0.140626
2.958992 0.140918
2.960681 0.141268
2.962373 0.141735
2.964067 0.142143
2.965763 0.142668
2.96746 0.143135
2.96916 0.143602
2.970861 0.14401
2.972565 0.144711
2.974271 0.145236
2.975978 0.146053
2.977687 0.146753
2.979398 0.147336
2.981112 0.147803
2.982827 0.14862
2.984544 0.149379
2.986264 0.149904
2.987985 0.150429
2.989709 0.151129
2.991434 0.151888
2.993161 0.152821
2.99489 0.153463
2.996621 0.154105
2.998354 0.154864
3.000089 0.155681
3.001826 0.156264
3.003565 0.157023
3.005306 0.157606
3.00705 0.158306
3.008795 0.159123
3.010542 0.15994
3.012291 0.160757
3.014043 0.161574
3.015796 0.162216
3.017552 0.162858
3.019309 0.163441
3.021069 0.164025
3.02283 0.164608
3.024594 0.165309
3.02636 0.16595
3.028127 0.166651
3.029897 0.167409
3.031669 0.167993
3.033443 0.168459
3.035219 0.169043
3.036998 0.16951
3.038778 0.17021
3.04056 0.170793
3.042344 0.171435
3.04413 0.172019
3.045919 0.172661
3.047709 0.173244
3.049502 0.173769
3.051297 0.174295
3.053094 0.174878
3.054893 0.175462
3.056694 0.176162
3.058498 0.176804
3.060303 0.177387
3.062111 0.177912
3.063921 0.178554
3.065733 0.179196
3.067547 0.179721
3.069363 0.18013
3.071181 0.180888
3.073001 0.18153
3.074824 0.182347
3.076649 0.183047
3.078476 0.183631
3.080305 0.184273
3.082136 0.184914
3.08397 0.185615
3.085805 0.186373
3.087644 0.187132
3.089484 0.187774
3.091326 0.188416
3.093171 0.189232
3.095017 0.189991
3.096866 0.190633
3.098717 0.191333
3.10057 0.192033
3.102426 0.19285
3.104284 0.193842
3.106144 0.194659
3.108006 0.195418
3.109871 0.196118
3.111737 0.196876
3.113606 0.197868
3.115477 0.198919
3.11735 0.199911
3.119226 0.200786
3.121104 0.201603
3.122984 0.202536
3.124866 0.203353
3.126751 0.204112
3.128638 0.204987
3.130527 0.206096
3.132419 0.20703
3.134313 0.207963
3.136209 0.208722
3.138108 0.209422
3.140008 0.210356
3.141912 0.211231
3.143817 0.211873
3.145725 0.212573
3.147635 0.21339
3.149547 0.214265
3.151462 0.214849
3.153378 0.21549
3.155298 0.216191
3.157219 0.217066
3.159143 0.217883
3.16107 0.218525
3.162998 0.219167
3.164929 0.219925
3.166862 0.220684
3.168798 0.221384
3.170736 0.221909
3.172677 0.222726
3.174619 0.223601
3.176565 0.224418
3.178513 0.22506
3.180463 0.22576
3.182415 0.226577
3.18437 0.227394
3.186327 0.228153
3.188287 0.228911
3.190248 0.22967
3.192213 0.230487
3.19418 0.231362
3.196149 0.232237
3.198121 0.232937
3.200095 0.233813
3.202072 0.234688
3.204051 0.235505
3.206032 0.236263
3.208016 0.237022
3.210002 0.237722
3.211991 0.238656
3.213982 0.239531
3.215976 0.240406
3.217972 0.241107
3.219971 0.241748
3.221972 0.242565
3.223976 0.243324
3.225982 0.244082
3.227991 0.244841
3.230002 0.2456
3.232016 0.2463
3.234032 0.247
3.236051 0.2477
3.238072 0.2484
3.240096 0.249101
3.242123 0.249801
3.244152 0.250501
3.246183 0.251085
3.248217 0.251668
3.250253 0.252135
3.252293 0.252835
3.254334 0.253477
3.256378 0.254177
3.258425 0.254761
3.260474 0.255344
3.262526 0.255811
3.26458 0.256453
3.266638 0.257153
3.268697 0.257853
3.27076 0.258378
3.272825 0.259079
3.274892 0.25972
3.276962 0.260421
3.279035 0.261121
3.28111 0.261704
3.283188 0.262346
3.285269 0.262988
3.287352 0.263572
3.289438 0.26433
3.291526 0.265089
3.293617 0.265672
3.295711 0.266256
3.297807 0.266781
3.299906 0.267423
3.302008 0.268181
3.304113 0.268765
3.30622 0.269232
3.30833 0.269699
3.310443 0.270282
3.312558 0.270807
3.314676 0.271216
3.316797 0.271682
3.31892 0.272091
3.321046 0.272499
3.323175 0.272966
3.325307 0.273258
3.327442 0.273666
3.329579 0.274133
3.331719 0.274542
3.333861 0.275067
3.336007 0.275592
3.338155 0.275825
3.340306 0.275942
3.342458 0.276292
3.344615 0.276642
3.346774 0.276934
3.348936 0.277284
3.351101 0.277693
3.353268 0.278043
3.355439 0.278218
3.357612 0.278626
3.359789 0.279035
3.361968 0.279443
3.364149 0.279735
3.366334 0.280027
3.368521 0.280377
3.370711 0.280844
3.372904 0.281135
3.3751 0.281485
3.3773 0.281894
3.379501 0.282244
3.381706 0.282652
3.383913 0.283178
3.386123 0.283644
3.388336 0.284111
3.390553 0.28452
3.392771 0.284811
3.394992 0.285162
3.397217 0.285512
3.399445 0.285687
3.401675 0.28592
3.403909 0.28627
3.406146 0.28662
3.408385 0.287029
3.410627 0.287321
3.412873 0.287671
3.415121 0.288079
3.417372 0.288429
3.419626 0.289013
3.421884 0.28983
3.424144 0.290471
3.426407 0.290997
3.428673 0.291639
3.430943 0.29228
3.433215 0.292922
3.43549 0.293506
3.437768 0.294148
3.440049 0.294614
3.442333 0.295023
3.444621 0.295665
3.446911 0.296423
3.449204 0.29689
3.4515 0.297299
3.4538 0.297765
3.456102 0.298174
3.458408 0.298582
3.460716 0.299049
3.463028 0.299399
3.465343 0.299808
3.467662 0.300216
3.469983 0.300625
3.472307 0.300741
3.474634 0.300916
3.476965 0.301266
3.479298 0.301617
3.481635 0.301967
3.483975 0.302375
3.486317 0.302609
3.488663 0.303017
3.491012 0.303484
3.493365 0.303834
3.49572 0.304126
3.498079 0.304592
3.500441 0.304943
3.502806 0.305468
3.505175 0.305935
3.507547 0.306285
3.509921 0.306868
3.512299 0.30751
3.514681 0.307977
3.517065 0.30856
3.519453 0.309144
3.521844 0.309844
3.524238 0.310428
3.526636 0.311011
3.529036 0.311478
3.53144 0.312003
3.533848 0.312411
3.536258 0.312703
3.538672 0.313112
3.541089 0.313578
3.543509 0.313929
3.545932 0.31422
3.548359 0.314454
3.55079 0.314804
3.553223 0.315096
3.55566 0.315446
3.558101 0.315679
3.560545 0.316088
3.562992 0.316379
3.565443 0.316613
3.567896 0.316788
3.570354 0.317138
3.572814 0.31743
3.575278 0.31778
3.577746 0.318013
3.580216 0.318305
3.582691 0.318538
3.585169 0.31883
3.58765 0.319005
3.590135 0.31918
3.592623 0.319472
3.595114 0.319764
3.597609 0.319939
3.600107 0.320289
3.602608 0.320522
3.605114 0.320756
3.607622 0.320989
3.610135 0.321222
3.61265 0.321339
3.61517 0.321398
3.617692 0.321631
3.620219 0.321981
3.622749 0.322214
3.625283 0.322448
3.627819 0.322565
3.63036 0.322681
3.632904 0.322798
3.635452 0.322973
3.638003 0.323148
3.640558 0.323265
3.643116 0.323323
3.645679 0.323498
3.648244 0.323557
3.650813 0.323673
3.653386 0.323732
3.655962 0.32379
3.658543 0.323848
3.661126 0.323848
3.663713 0.323848
3.666304 0.323907
3.668898 0.323907
3.671497 0.324082
3.674099 0.32414
3.676705 0.324198
3.679314 0.324373
3.681927 0.324432
3.684544 0.324373
3.687165 0.32449
3.689789 0.324549
3.692417 0.324724
3.695049 0.324782
3.697685 0.32484
3.700324 0.324957
3.702967 0.324957
3.705615 0.324957
3.708265 0.325249
3.71092 0.325365
3.713578 0.325424
3.71624 0.325365
3.718906 0.32554
3.721576 0.325716
3.724249 0.326007
3.726926 0.326182
3.729607 0.326357
3.732292 0.326357
3.734981 0.326591
3.737674 0.326824
3.740371 0.326941
3.743071 0.327058
3.745776 0.327291
3.748485 0.327524
3.751197 0.327758
3.753913 0.32805
3.756634 0.328225
3.759358 0.328283
3.762086 0.328458
3.764818 0.328633
3.767554 0.328691
3.770293 0.328808
3.773037 0.329042
3.775785 0.329158
3.778537 0.329158
3.781293 0.329217
3.784053 0.329275
3.786817 0.329333
3.789586 0.329392
3.792358 0.329217
3.795134 0.3291
3.797915 0.328983
3.800699 0.328866
3.803488 0.328691
3.80628 0.328516
3.809077 0.328458
3.811877 0.3284
3.814683 0.328108
3.817492 0.327933
3.820305 0.327816
3.823123 0.327641
3.825944 0.327466
3.82877 0.327233
3.8316 0.326883
3.834434 0.326766
3.837271 0.326649
3.840113 0.326591
3.84296 0.326474
3.845811 0.326416
3.848666 0.326182
3.851525 0.326066
3.854389 0.326066
3.857257 0.326007
3.86013 0.325891
3.863006 0.325832
3.865887 0.325891
3.868772 0.325832
3.871661 0.325716
3.874554 0.32554
3.877452 0.325424
3.880355 0.325365
3.883262 0.325307
3.886173 0.325365
3.889088 0.325424
3.892008 0.325365
3.894932 0.32519
3.897861 0.325074
3.900793 0.325074
3.903731 0.325015
3.906672 0.324899
3.909618 0.32484
3.912569 0.324665
3.915524 0.324432
3.918483 0.324198
3.921447 0.324082
3.924416 0.32379
3.927389 0.323615
3.930367 0.323498
3.933349 0.323206
3.936336 0.322798
3.939327 0.322506
3.942322 0.322156
3.945323 0.321748
3.948327 0.321281
3.951337 0.320931
3.954351 0.320581
3.95737 0.320172
3.960393 0.319705
3.963421 0.319297
3.966453 0.319005
3.96949 0.318655
3.972532 0.318422
3.975579 0.318188
3.978629 0.317896
3.981685 0.317721
3.984745 0.317488
3.98781 0.317255
3.99088 0.317255
3.993955 0.317371
3.997034 0.317488
4.000118 0.317721
4.003208 0.317896
4.006302 0.31813
4.0094 0.318305
4.012504 0.31848
4.015612 0.318538
4.018724 0.318655
4.021842 0.318655
4.024965 0.31883
4.028091 0.318888
4.031223 0.318947
4.03436 0.319005
4.037502 0.31918
4.040649 0.319239
4.043801 0.319355
4.046958 0.319355
4.050119 0.319472
4.053287 0.319355
4.056458 0.319297
4.059635 0.319239
4.062816 0.31918
4.066003 0.319122
4.069194 0.319063
4.072391 0.318772
4.075593 0.31848
4.078799 0.318305
4.082011 0.318247
4.085227 0.318013
4.088449 0.317896
4.091676 0.317663
4.094908 0.31743
4.098145 0.317196
4.101388 0.316905
4.104634 0.316496
4.107887 0.316263
4.111144 0.316029
4.114407 0.315854
4.117675 0.315562
4.120948 0.315212
4.124227 0.314921
4.12751 0.314804
4.130799 0.314454
4.134094 0.314162
4.137393 0.313812
4.140697 0.313462
4.144008 0.31317
4.147323 0.312937
4.150643 0.312703
4.153969 0.31247
4.157301 0.312003
4.160638 0.311595
4.16398 0.311244
4.167327 0.310953
4.17068 0.310603
4.174038 0.310369
4.177401 0.309961
4.18077 0.309552
4.184143 0.309085
4.187523 0.30856
4.190908 0.307977
4.194299 0.307627
4.197695 0.307393
4.201097 0.306985
4.204504 0.306518
4.207917 0.305935
4.211336 0.305176
4.214759 0.304534
4.218189 0.303775
4.221624 0.303075
4.225064 0.302492
4.22851 0.301967
4.231962 0.301441
4.23542 0.301033
4.238883 0.300683
4.242352 0.300566
4.245827 0.300449
4.249307 0.300274
4.252793 0.300099
4.256284 0.299808
4.259782 0.298991
4.263285 0.298057
4.266792 0.29724
4.270307 0.29654
4.273828 0.296015
4.277354 0.295431
4.280886 0.294789
4.284424 0.294206
4.287968 0.293681
4.291517 0.293214
4.295074 0.292747
4.298635 0.292339
4.302202 0.29193
4.305776 0.291639
4.309355 0.29123
4.31294 0.290705
4.316531 0.290121
4.320128 0.289713
4.323732 0.289129
4.327342 0.288546
4.330956 0.287846
4.334578 0.287204
4.338205 0.286445
4.341838 0.285745
4.345478 0.284986
4.349123 0.284228
4.352774 0.283353
4.356431 0.282477
4.360096 0.281485
4.363765 0.280552
4.367442 0.27956
4.371124 0.27851
4.374813 0.277459
4.378508 0.276467
4.38221 0.2753
4.385918 0.274192
4.389631 0.273025
4.393351 0.272033
4.397078 0.270982
4.40081 0.269815
4.404549 0.268707
4.408295 0.267715
4.412045 0.266606
4.415803 0.265556
4.419568 0.264564
4.423338 0.263572
4.427116 0.262463
4.4309 0.261354
4.43469 0.260246
4.438487 0.259195
4.442291 0.258262
4.446101 0.25727
4.449917 0.255986
4.45374 0.254819
4.45757 0.253652
4.461406 0.252368
4.465249 0.25126
4.469098 0.250209
4.472954 0.249334
4.476817 0.248459
4.480686 0.247583
4.484562 0.246767
4.488445 0.245891
4.492334 0.244958
4.496231 0.244257
4.500134 0.243674
4.504043 0.243032
4.507959 0.242449
4.511883 0.241923
4.515813 0.24134
4.51975 0.240698
4.523694 0.240056
4.527645 0.239356
4.531602 0.238539
4.535568 0.237605
4.539539 0.236672
4.543518 0.235797
4.547503 0.234921
4.551496 0.233813
4.555496 0.232704
4.559502 0.23142
4.563516 0.23002
4.567537 0.228678
4.571565 0.227394
4.5756 0.226169
4.579642 0.224768
4.583691 0.223368
4.587747 0.222026
4.591811 0.220509
4.595881 0.218933
4.599958 0.217474
4.604044 0.215957
4.608136 0.21444
4.612236 0.212923
4.616343 0.211464
4.620458 0.209947
4.624579 0.208372
4.628708 0.206796
4.632845 0.205337
4.636989 0.20382
4.64114 0.202245
4.645299 0.200669
4.649466 0.19921
4.653639 0.19781
4.65782 0.196585
4.662009 0.195359
4.666206 0.194076
4.67041 0.19285
4.674621 0.191625
4.67884 0.190516
4.683066 0.189466
4.687301 0.188591
4.691543 0.187774
4.695792 0.187015
4.700048 0.186315
4.704313 0.185498
4.708586 0.184681
4.712867 0.183689
4.717155 0.182814
4.721451 0.181763
4.725755 0.180655
4.730067 0.179429
4.734388 0.178379
4.738715 0.177154
4.743051 0.175928
4.747394 0.174703
4.751746 0.173419
4.756105 0.172136
4.760472 0.170793
4.764848 0.169568
4.769232 0.168109
4.773623 0.167059
4.778023 0.166009
4.782431 0.165309
4.786847 0.16455
4.791271 0.163966
4.795703 0.163441
4.800144 0.162974
4.804591 0.162624
4.809048 0.162158
4.813513 0.161516
4.817986 0.160932
4.822468 0.16029
4.826958 0.159648
4.831457 0.158773
4.835964 0.157781
4.84048 0.156614
4.845004 0.155447
4.849536 0.154338
4.854077 0.153055
4.858626 0.151596
4.863184 0.150137
4.867751 0.148737
4.872326 0.147453
4.876908 0.145936
4.8815 0.144477
4.886101 0.143077
4.89071 0.141676
4.895329 0.140276
4.899956 0.139109
4.904591 0.137883
4.909236 0.13695
4.91389 0.13625
4.918552 0.135725
4.923223 0.135258
4.927903 0.134908
4.932591 0.134616
4.937289 0.134207
4.941996 0.133566
4.946712 0.132865
4.951437 0.13199
4.956171 0.131056
4.960914 0.130064
4.965665 0.128956
4.970426 0.127847
4.975196 0.126738
4.979976 0.125805
4.984764 0.12493
4.989561 0.124288
4.994367 0.123763
4.999184 0.123179
5.004009 0.122712
5.008844 0.122362
5.013688 0.121954
5.018541 0.121487
5.023404 0.121078
5.028277 0.120612
5.033159 0.120261
5.038051 0.119795
5.042951 0.119386
5.047862 0.118803
5.052782 0.118278
5.057711 0.117694
5.06265 0.117227
5.0676 0.116702
5.072558 0.116177
5.077527 0.115477
5.082504 0.114835
5.087492 0.11431
5.09249 0.113785
5.097497 0.113201
5.102514 0.112734
5.10754 0.112267
5.112577 0.111684
5.117624 0.1111
5.122681 0.110692
5.127748 0.110283
5.132825 0.109875
5.137912 0.10935
5.143009 0.108708
5.148117 0.108183
5.153234 0.107891
5.158362 0.107483
5.1635 0.106957
5.168648 0.106432
5.173806 0.105965
5.178975 0.10544
5.184154 0.104857
5.189344 0.10439
5.194544 0.103865
5.199754 0.103165
5.204975 0.102639
5.210206 0.101823
5.215447 0.101064
5.2207 0.100597
5.225963 0.100014
5.231235 0.099197
5.236519 0.098497
5.241814 0.097971
5.247119 0.097388
5.252435 0.096863
5.257762 0.096571
5.2631 0.096163
5.268449 0.095696
5.273809 0.095171
5.27918 0.09482
5.284561 0.094412
5.289953 0.093828
5.295357 0.093478
5.300771 0.093303
5.306197 0.092895
5.311634 0.092486
5.31708 0.092136
5.322538 0.091669
5.328009 0.091261
5.33349 0.090969
5.338983 0.090502
5.344487 0.089802
5.350003 0.089044
5.355529 0.088869
5.361069 0.088635
5.366619 0.088343
5.37218 0.087993
5.377753 0.087585
5.383337 0.087176
5.388933 0.086768
5.394541 0.086418
5.40016 0.086126
5.405792 0.085718
5.411435 0.085309
5.417089 0.084434
5.422756 0.08385
5.428434 0.084025
5.434124 0.083909
5.439826 0.083442
5.44554 0.083034
5.451264 0.08245
5.457003 0.081691
5.462753 0.080875
5.468515 0.080583
5.47429 0.080174
5.480077 0.079532
5.485876 0.079299
5.491687 0.078832
5.497512 0.07819
5.503348 0.077549
5.509196 0.077023
5.515058 0.076382
5.520931 0.075681
5.526816 0.075156
5.532715 0.074573
5.538626 0.073989
5.544551 0.073231
5.550487 0.072589
5.556436 0.072064
5.562398 0.071713
5.568373 0.071305
5.57436 0.070546
5.58036 0.070138
5.586374 0.070255
5.592398 0.070313
5.598437 0.070138
5.604489 0.07008
5.610555 0.069963
5.616633 0.069671
5.622725 0.069496
5.62883 0.069204
5.634949 0.068621
5.641082 0.067979
5.647227 0.068212
5.653385 0.068329
5.659557 0.068504
5.665742 0.068621
5.671941 0.068212
5.678154 0.068154
5.68438 0.068329
5.69062 0.068154
5.696874 0.068212
5.703141 0.067862
5.709422 0.067162
5.715717 0.066987
5.722026 0.067104
5.728348 0.067162
5.734685 0.066987
5.741033 0.066695
5.747398 0.066345
5.753777 0.066345
5.76017 0.065587
5.766577 0.064653
5.772999 0.065178
5.779435 0.06547
5.785885 0.065353
5.792351 0.06512
5.798831 0.064828
5.805324 0.064478
5.811832 0.063894
5.818355 0.062727
5.824893 0.062202
5.831445 0.062494
5.838012 0.062611
5.844594 0.062436
5.851191 0.062027
5.857803 0.061502
5.864429 0.060977
5.871071 0.060568
5.877727 0.059168
5.884399 0.058876
5.891086 0.058935
5.897785 0.058584
5.904502 0.059168
5.911235 0.05911
5.917983 0.058701
5.924747 0.058234
5.931525 0.057184
5.93832 0.056659
5.94513 0.057242
5.951957 0.057301
5.958798 0.057067
5.965655 0.056367
5.972528 0.056309
5.979417 0.05625
5.986322 0.055725
5.993242 0.055492
6.000179 0.055725
6.00713 0.055492
6.014098 0.055083
6.021083 0.055083
6.028085 0.055083
6.035102 0.054617
6.042136 0.053099
6.049186 0.051991
6.056253 0.052983
6.063337 0.053099
6.070437 0.052341
6.077554 0.052224
6.084687 0.052458
6.091837 0.052107
6.099004 0.051757
6.106188 0.050882
6.113389 0.050007
6.120608 0.050299
6.127842 0.050532
6.135094 0.050124
6.142364 0.04989
6.14965 0.049773
6.156953 0.049598
6.164274 0.049832
6.171613 0.050124
6.178967 0.049832
6.18634 0.049773
6.193731 0.050474
6.201139 0.050882
6.208566 0.051116
6.216011 0.051407
6.223473 0.051699
6.230953 0.051991
6.238452 0.052283
6.245968 0.052574
6.253502 0.052808
6.261055 0.052983
6.268626 0.053158
6.276215 0.053333
6.283823 0.053566
6.291449 0.053741
6.299095 0.054091
6.306758 0.054325
6.31444 0.0545
6.32214 0.054675
6.32986 0.054967
6.337598 0.054733
6.345355 0.054733
6.353131 0.055784
6.360924 0.056134
6.368739 0.055959
6.376572 0.056367
6.384425 0.056834
6.392297 0.057126
6.400189 0.057009
6.4081 0.055667
6.416031 0.055433
6.423983 0.056659
6.431953 0.057067
6.439943 0.057242
6.447953 0.057242
6.455982 0.057126
6.464032 0.056892
6.472102 0.05625
6.480192 0.055609
6.488305 0.054733
6.496436 0.054558
6.504587 0.055317
6.512758 0.055317
6.52095 0.054792
6.529163 0.054967
6.537397 0.054908
6.545651 0.054558
6.553923 0.054266
6.562219 0.053975
6.570536 0.053275
6.578875 0.053625
6.587234 0.053858
6.595614 0.053916
6.604017 0.054033
6.61244 0.0538
6.620886 0.05345
6.629353 0.052574
6.637841 0.052049
6.646351 0.052983
6.654883 0.053508
6.663437 0.053158
6.672013 0.052516
6.680611 0.052107
6.689233 0.052283
6.697875 0.052283
6.70654 0.051699
6.715228 0.051466
6.723937 0.051582
6.73267 0.051641
6.741425 0.051582
6.750203 0.051407
6.759001 0.051291
6.767824 0.051057
6.776671 0.050707
6.785541 0.050182
6.794435 0.050124
6.803351 0.05059
6.812291 0.050474
6.821255 0.050007
6.830244 0.049773
6.839254 0.049773
6.848289 0.049307
6.857347 0.048256
6.86643 0.048023
6.875537 0.048665
6.884668 0.048665
6.893823 0.048373
6.902999 0.047848
6.912203 0.047673
6.921432 0.047439
6.930685 0.047089
6.939963 0.046622
6.949265 0.045981
6.958593 0.045222
6.967947 0.045222
6.977327 0.045105
6.98673 0.044697
6.996159 0.044405
7.005613 0.044172
7.015093 0.043705
7.024599 0.043355
7.03413 0.04283
7.043687 0.042071
7.053272 0.041954
7.062882 0.041896
7.072517 0.041488
7.082179 0.041079
7.091867 0.040671
7.101583 0.040204
7.111324 0.039737
7.121092 0.039329
7.130883 0.038862
7.140706 0.038278
7.150555 0.037695
7.160431 0.037345
7.170335 0.036995
7.180266 0.036761
7.190225 0.036353
7.200211 0.035711
7.210228 0.035302
7.22027 0.035186
7.23034 0.034894
7.240438 0.034427
7.250565 0.03396
7.26072 0.033552
7.270903 0.033085
7.281115 0.032735
7.291358 0.03256
7.301627 0.032326
7.311926 0.031976
7.322253 0.031568
7.33261 0.031218
7.342996 0.030984
7.353412 0.030751
7.363857 0.030401
7.374328 0.030109
7.384833 0.029817
7.395367 0.029584
7.405932 0.029292
7.416527 0.028942
7.427153 0.02865
7.437809 0.0283
7.448495 0.028067
7.459215 0.027658
7.469963 0.027367
7.480742 0.02725
7.491552 0.027017
7.502394 0.026666
7.513267 0.026491
7.524172 0.026258
7.535108 0.025966
7.546078 0.025733
7.557078 0.025558
7.56811 0.025383
7.579175 0.025208
7.590272 0.024974
7.601401 0.024799
7.612564 0.024682
7.623759 0.024566
7.634982 0.024449
7.646243 0.024449
7.657537 0.024391
7.668865 0.024332
7.680227 0.024332
7.691622 0.024449
7.703051 0.024507
7.714513 0.024624
7.726013 0.024799
7.737544 0.024974
7.74911 0.025208
7.76071 0.025499
7.772346 0.025791
7.784016 0.026141
7.795721 0.026433
7.807461 0.026958
7.819234 0.027483
7.831045 0.028009
7.842893 0.028534
7.854775 0.029292
7.866695 0.030284
7.87865 0.031335
7.890642 0.032443
7.90267 0.033785
7.914737 0.035302
7.926839 0.036878
7.938978 0.038628
7.951155 0.040612
7.963368 0.042713
7.97562 0.044989
7.987909 0.047206
8.000236 0.049482
8.012604 0.051757
8.025007 0.054091
8.03745 0.056659
8.04993 0.059401
8.062449 0.062319
8.075007 0.06547
8.087605 0.068796
8.100242 0.072472
8.112914 0.07644
8.12563 0.080816
8.138387 0.085368
8.151183 0.089919
8.16402 0.094354
8.176896 0.098672
8.189815 0.102756
8.202773 0.106607
8.215774 0.110167
8.228815 0.113434
8.241898 0.116352
8.255021 0.119094
8.268188 0.121779
8.281395 0.124288
8.294645 0.126622
8.307939 0.128781
8.321277 0.130706
8.334655 0.13234
8.348077 0.133799
8.361541 0.134849
8.37505 0.135549
8.388601 0.1359
8.402197 0.136075
8.415837 0.135783
8.429516 0.135258
8.443245 0.134674
8.457019 0.133799
8.470837 0.132632
8.484701 0.131465
8.49861 0.130298
8.512566 0.129014
8.526567 0.127439
8.540616 0.125571
8.554709 0.123529
8.56885 0.12102
8.583036 0.117694
8.59727 0.113259
8.611551 0.108591
8.62588 0.105907
8.640257 0.106316
8.654684 0.108416
8.669156 0.1104
8.683678 0.111567
8.698248 0.111917
8.712867 0.112151
8.727534 0.112267
8.742252 0.112209
8.75702 0.112092
8.771832 0.111859
8.786699 0.111626
8.801618 0.111509
8.816586 0.111275
8.831606 0.110984
8.846677 0.110575
8.861799 0.110283
8.876974 0.11005
8.892203 0.109583
8.907482 0.109175
8.922813 0.108941
8.938197 0.108766
8.953634 0.10865
8.969126 0.108766
8.98467 0.109116
9.000268 0.109875
9.015924 0.111042
9.031631 0.112559
9.047393 0.114368
9.06321 0.11641
9.079082 0.118686
9.095011 0.121078
9.110995 0.123763
9.127035 0.126447
9.143127 0.129014
9.159282 0.131465
9.175492 0.133741
9.191761 0.135783
9.208088 0.137767
9.224472 0.139634
9.240915 0.141326
9.257417 0.142843
9.27398 0.144069
9.290601 0.144827
9.307281 0.145352
9.32402 0.145586
9.34082 0.145411
9.35768 0.144711
9.374602 0.143485
9.391585 0.14191
9.408624 0.140393
9.42573 0.139109
9.442899 0.138175
9.460131 0.13765
9.477425 0.138
9.494783 0.139517
9.512204 0.142318
9.52969 0.146228
9.547244 0.150312
9.564858 0.153813
9.582539 0.156614
9.600284 0.159007
9.618095 0.160757
9.635973 0.161807
9.653916 0.162274
9.671927 0.161982
9.690009 0.160582
9.708156 0.158365
9.72637 0.155739
9.744653 0.152938
9.763004 0.150487
9.781425 0.148795
9.799915 0.148212
9.818476 0.148678
9.837101 0.149729
9.855803 0.150779
9.874576 0.151479
9.89342 0.151479
9.912336 0.150662
9.931326 0.149145
9.950388 0.147161
9.969523 0.144886
9.988736 0.142435
10.008019 0.139634
10.027377 0.136716
10.04681 0.133507
10.066319 0.130415
10.085902 0.12738
10.105563 0.124521
10.1253 0.121837
10.145119 0.119561
10.165011 0.117461
10.184982 0.115593
10.205031 0.113901
10.22516 0.112384
10.245367 0.1111
10.265656 0.109758
10.286023 0.108533
10.306466 0.107424
10.326997 0.106316
10.34761 0.105207
10.368304 0.104157
10.389083 0.103048
10.409945 0.101823
10.43089 0.100539
10.45192 0.099138
10.473039 0.097621
10.49424 0.096104
10.515526 0.094762
10.536899 0.093478
10.558359 0.092311
10.579906 0.091028
10.601542 0.089744
10.623267 0.088694
10.645084 0.087643
10.666988 0.086301
10.688982 0.085076
10.711066 0.083909
10.733243 0.083034
10.755511 0.082392
10.777872 0.08175
10.800325 0.081108
10.822865 0.080408
10.845508 0.079591
10.868244 0.078949
10.891077 0.07819
10.914005 0.077373
10.937031 0.076615
10.960154 0.075915
10.983374 0.075098
11.006698 0.074281
11.030116 0.073522
11.053635 0.072764
11.077253 0.072005
11.100973 0.071363
11.124795 0.070721
11.14872 0.069905
11.172747 0.069146
11.196871 0.068562
11.221107 0.068096
11.245447 0.067571
11.269894 0.06687
11.294447 0.06617
11.319107 0.065645
11.343875 0.065061
11.368752 0.064536
11.393744 0.064011
11.418839 0.063428
11.444047 0.062961
11.469365 0.062377
11.494797 0.061677
11.52034 0.061094
11.545999 0.060393
11.571771 0.059693
11.597663 0.059226
11.623667 0.058351
11.649787 0.057417
11.676025 0.056309
11.702382 0.055375
11.728858 0.054442
11.755454 0.053508
11.782171 0.052283
11.809002 0.051057
11.835962 0.050007
11.863048 0.048957
11.890256 0.047965
11.91759 0.046914
11.94505 0.046097
11.972636 0.04528
12.000351 0.044347
12.028198 0.043238
12.056171 0.04248
12.084274 0.041838
12.112508 0.041021
12.140875 0.040204
12.169374 0.039504
12.198009 0.038803
12.226777 0.037928
12.255688 0.037228
12.28473 0.036878
12.31391 0.036995
12.343228 0.037928
12.372687 0.039854
12.402287 0.042421
12.432029 0.044347
12.461913 0.044872
12.491931 0.044463
12.522105 0.043472
12.552425 0.042421
12.582892 0.041371
12.613507 0.041137
12.644272 0.041779
12.675187 0.042888
12.706254 0.043938
12.737479 0.044639
12.768852 0.044814
12.80038 0.044172
12.832064 0.04318
12.863906 0.041896
12.895905 0.040671
12.928064 0.039854
12.960384 0.03997
12.992874 0.040729
13.025519 0.041721
13.05833 0.04248
13.091305 0.04283
13.124448 0.042596
13.157759 0.042246
13.191238 0.041779
13.22489 0.040962
13.258701 0.040379
13.292698 0.039912
13.326869 0.039795
13.361217 0.040262
13.395742 0.040787
13.430446 0.040904
13.46533 0.040554
13.500397 0.040146
13.535651 0.03962
13.571085 0.038978
13.606705 0.038045
13.642511 0.037403
13.678508 0.037228
13.714694 0.036936
13.751073 0.037111
13.787644 0.037636
13.82442 0.037928
13.861383 0.037987
13.898545 0.037753
13.935907 0.037286
13.97347 0.036936
14.011236 0.036411
14.049208 0.035886
14.087384 0.035477
14.125755 0.035011
14.16435 0.034427
14.203156 0.03431
14.242176 0.034077
14.281411 0.03361
14.320862 0.033727
14.360532 0.034369
14.400422 0.034836
14.440542 0.034952
14.48088 0.034952
14.521442 0.034661
14.562233 0.034252
14.603253 0.034194
14.644506 0.034194
14.685991 0.034194
14.727713 0.034369
14.76966 0.034077
14.811859 0.033435
14.8543 0.033318
14.896984 0.033552
14.939916 0.033785
14.983094 0.034135
15.026524 0.035127
15.070205 0.037286
15.11415 0.040087
15.158343 0.04353
15.202796 0.046331
15.24751 0.048606
15.292488 0.050299
15.337732 0.050532
15.383245 0.049657
15.429028 0.047965
15.475092 0.045747
15.521424 0.043355
15.568036 0.041488
15.614927 0.039795
15.662103 0.038395
15.709563 0.037286
15.757313 0.037111
15.805353 0.037811
15.853672 0.039212
15.902304 0.041429
15.951234 0.044347
16.000465 0.047556
16.050003 0.050824
16.099848 0.053858
16.150003 0.055959
16.200472 0.056659
16.251265 0.056192
16.30237 0.055258
16.353796 0.0552
16.405548 0.057242
16.45763 0.060627
16.510042 0.064478
16.56279 0.068387
16.615877 0.07148
16.669313 0.073814
16.723085 0.076031
16.777206 0.07749
16.831676 0.07819
16.886503 0.078657
16.941689 0.079066
16.997234 0.079532
17.053146 0.079824
17.109409 0.080233
17.166063 0.080641
17.223093 0.080699
17.280504 0.080466
17.338299 0.080174
17.396481 0.080174
17.455055 0.080524
17.514025 0.081341
17.573404 0.0828
17.633179 0.084434
17.693359 0.086418
17.753954 0.088694
17.814964 0.090969
17.876394 0.09342
17.938251 0.095754
18.000536 0.098438
18.063269 0.101239
18.126427 0.10474
18.190027 0.107891
18.254078 0.110809
18.318579 0.113201
18.383539 0.114718
18.448961 0.115535
18.514851 0.115827
18.58119 0.11536
18.648029 0.114076
18.715351 0.113843
18.783159 0.114251
18.851461 0.113785
18.920263 0.113201
18.989569 0.113551
19.059383 0.114835
19.129725 0.116935
19.200575 0.118628
19.271952 0.120787
19.343863 0.123588
19.416311 0.12668
19.489305 0.130881
19.562849 0.135549
19.636951 0.139051
19.711594 0.143835
19.786827 0.148503
19.862638 0.150196
19.939034 0.150546
20.016018 0.151654
20.093599 0.151713
20.171785 0.151596
20.250582 0.152763
20.330009 0.154864
20.410049 0.158073
20.490723 0.161516
20.572035 0.164258
20.653994 0.167701
20.73661 0.171377
20.819889 0.173186
20.903841 0.173186
20.988487 0.173167
21.073807 0.171859
21.159821 0.170275
21.246542 0.168874
21.333977 0.167366
21.422132 0.165378
21.511023 0.163032
21.600651 0.160448
21.691 0.157196
21.782139 0.152941
21.874046 0.148371
21.966734 0.144395
22.060209 0.141632
22.154484 0.140414
22.249567 0.140137
22.34547 0.14009
22.442221 0.140173
22.539797 0.140426
22.638224 0.14081
22.737514 0.141217
22.837679 0.141367
22.93873 0.14098
23.04068 0.140005
23.143541 0.138459
23.247343 0.136397
23.35206 0.133914
23.457727 0.131232
23.564352 0.128562
23.671953 0.125935
23.78054 0.123388
23.890127 0.121186
24.000731 0.119599
24.112324 0.11864
24.224998 0.118227
24.338732 0.118162
24.453537 0.118277
24.569429 0.118684
24.686426 0.119621
24.804543 0.121531
24.923796 0.124718
25.044222 0.128641
25.165796 0.132485
25.288555 0.135282
25.412519 0.136234
25.537704 0.135495
25.664127 0.133628
25.791811 0.131808
25.920769 0.131163
26.051052 0.131807
26.182623 0.133439
26.315529 0.13515
26.449793 0.136035
26.585432 0.135972
26.722471 0.13513
26.860929 0.134018
27.00083 0.133085
27.142149 0.132073
27.285002 0.130582
27.429367 0.128447
27.575268 0.125688
27.722729 0.12285
27.871777 0.120482
28.022434 0.11849
28.17473 0.116692
28.328716 0.11528
28.484369 0.114499
28.641743 0.114395
28.800863 0.114869
28.961761 0.115447
29.124468 0.115704
29.289013 0.11589
29.455427 0.116368
29.623777 0.117172
29.794029 0.118225
29.966249 0.119356
30.140471 0.120299
30.316732 0.120532
30.495066 0.119662
30.67551 0.118197
30.858103 0.116823
31.04282 0.115898
31.229824 0.115576
31.419096 0.115474
31.610676 0.115136
31.804607 0.114457
32.000931 0.113457
32.199696 0.112308
32.400944 0.111217
32.604759 0.110327
32.811115 0.109737
33.020103 0.10939
33.231773 0.109273
33.446171 0.109744
33.663353 0.111026
33.883377 0.112326
34.106293 0.11278
34.332088 0.112502
34.560966 0.111884
34.792919 0.111326
35.028008 0.111011
35.266293 0.110097
35.507843 0.107829
35.752724 0.105092
36.001007 0.103052
36.252811 0.102041
36.508114 0.101987
36.767036 0.102032
37.029659 0.101326
37.296059 0.100105
37.566319 0.098875
37.840527 0.098
38.118767 0.09769
38.40118 0.097628
38.687756 0.097389
38.978642 0.096762
39.273933 0.09574
39.573734 0.094949
39.878147 0.094999
40.187283 0.095586
40.501244 0.096287
40.820042 0.097292
41.144012 0.098813
41.473164 0.100405
41.807625 0.101517
42.147522 0.101988
42.492992 0.101787
42.844173 0.101007
43.20121 0.09979
43.564312 0.098336
43.933502 0.096904
44.309002 0.095913
44.690975 0.09577
45.079594 0.096567
45.475029 0.09811
45.87746 0.099344
46.287083 0.099258
46.704159 0.098274
47.128742 0.097137
47.561119 0.096178
48.001499 0.095507
48.450111 0.094719
48.907188 0.093438
49.372971 0.092136
49.847713 0.091371
50.331509 0.090961
50.824955 0.090602
51.328171 0.090395
51.841454 0.090483
52.365105 0.090678
52.899441 0.090777
53.444794 0.090961
54.001511 0.091404
54.570061 0.091757
55.150593 0.091522
55.74361 0.090298
56.349518 0.087937
56.968742 0.085363
57.60173 0.083627
58.24894 0.082754
58.910862 0.082531
59.588123 0.082975
60.28101 0.084039
60.9902 0.085124
61.716274 0.085584
62.459846 0.085434
63.221554 0.084848
64.002068 0.08386
64.802094 0.082507
65.622093 0.08103
66.463402 0.079848
67.326561 0.079827
68.21244 0.08161
69.121933 0.084018
70.056015 0.085597
71.015686 0.086415
72.002014 0.086984
73.016319 0.087768
74.05941 0.08906
75.132736 0.090297
76.237625 0.090863
77.375504 0.091208
78.547859 0.091935
79.756294 0.092729
81.002487 0.093013
82.28849 0.092376
83.61573 0.090604
84.986481 0.088298
86.402931 0.086388
87.867393 0.085894
89.382355 0.087537
90.95047 0.090148
92.574593 0.092118
94.25721 0.093048
96.002708 0.09291
97.814079 0.091863
99.695114 0.090257
101.649918 0.088936
103.682915 0.088921
105.798889 0.090925
108.003029 0.095232
110.301392 0.100317
112.699249 0.104254
115.203682 0.106844
117.821953 0.108357
120.562004 0.108744
123.432541 0.107982
126.443092 0.106621
129.604187 0.105374
132.926254 0.104393
136.424286 0.103854
140.11142 0.104774
144.003372 0.108038
148.117722 0.111857
152.474106 0.113814
157.094498 0.114422
162.003662 0.115086
167.230545 0.116013
172.804886 0.116013
178.763672 0.116013
185.148087 0.116013
192.005402 0.116013
199.390213 0.116013
207.365814 0.116013
216.006042 0.116013
