1.60749 0.199362
1.607988 0.200279
1.608487 0.200049
1.608986 0.199897
1.609486 0.200584
1.609986 0.201196
1.610486 0.201578
1.610986 0.202189
1.611487 0.2028
1.611988 0.203564
1.61249 0.203488
1.612991 0.204252
1.613493 0.20494
1.613996 0.205398
1.614498 0.205627
1.615001 0.206086
1.615505 0.205933
1.616008 0.206468
1.616512 0.207156
1.617016 0.207461
1.617521 0.207614
1.618026 0.208073
1.618531 0.208378
1.619036 0.208837
1.619542 0.20876
1.620048 0.208837
1.620554 0.209142
1.621061 0.20983
1.621568 0.210976
1.622076 0.211893
1.622583 0.212123
1.623091 0.212352
1.6236 0.212734
1.624108 0.213116
1.624617 0.213192
1.625127 0.213574
1.625636 0.214262
1.626146 0.214873
1.626656 0.214568
1.627167 0.215179
1.627678 0.215561
1.628189 0.215638
1.628701 0.215867
1.629212 0.216937
1.629725 0.217548
1.630237 0.218236
1.63075 0.218236
1.631263 0.218465
1.631777 0.218771
1.63229 0.219382
1.632804 0.219535
1.633319 0.219764
1.633834 0.220222
1.634349 0.220987
1.634864 0.221598
1.63538 0.222438
1.635896 0.222438
1.636412 0.222438
1.636929 0.222286
1.637446 0.22305
1.637964 0.223661
1.638481 0.224272
1.638999 0.224578
1.639518 0.224731
1.640036 0.225113
1.640555 0.225648
1.641075 0.226106
1.641594 0.226717
1.642114 0.226412
1.642634 0.227023
1.643155 0.2271
1.643676 0.227252
1.644197 0.227864
1.644719 0.228475
1.645241 0.228857
1.645763 0.229086
1.646286 0.229468
1.646809 0.230309
1.647332 0.230385
1.647856 0.23092
1.64838 0.23199
1.648904 0.232525
1.649429 0.232219
1.649953 0.232525
1.650479 0.233213
1.651004 0.233442
1.651531 0.233824
1.652057 0.23413
1.652583 0.234282
1.65311 0.234894
1.653638 0.235123
1.654165 0.235352
1.654693 0.236269
1.655222 0.236804
1.65575 0.23711
1.656279 0.237721
1.656809 0.23795
1.657338 0.237874
1.657868 0.237568
1.658399 0.238103
1.658929 0.238638
1.65946 0.239402
1.659992 0.239861
1.660523 0.240166
1.661055 0.240701
1.661588 0.240777
1.662121 0.24116
1.662654 0.241924
1.663187 0.241771
1.663721 0.242306
1.664255 0.242841
1.664789 0.243299
1.665324 0.243834
1.665859 0.244216
1.666395 0.244292
1.666931 0.24498
1.667467 0.245515
1.668003 0.245668
1.66854 0.245897
1.669077 0.246585
1.669615 0.246891
1.670153 0.247196
1.670691 0.247273
1.671229 0.247349
1.671769 0.248037
1.672308 0.248877
1.672847 0.24903
1.673387 0.249336
1.673928 0.249718
1.674468 0.250023
1.675009 0.249947
1.675551 0.250329
1.676093 0.250558
1.676635 0.250635
1.677177 0.251017
1.67772 0.252239
1.678263 0.252622
1.678806 0.253004
1.67935 0.253309
1.679894 0.253615
1.680439 0.253462
1.680984 0.253462
1.681529 0.253997
1.682074 0.254761
1.682621 0.25499
1.683167 0.255449
1.683714 0.255907
1.68426 0.25606
1.684808 0.256366
1.685356 0.256748
1.685904 0.256671
1.686452 0.25713
1.687001 0.257359
1.68755 0.2582
1.6881 0.258658
1.68865 0.25904
1.6892 0.25904
1.689751 0.259499
1.690302 0.260263
1.690853 0.260798
1.691405 0.260645
1.691957 0.261103
1.692509 0.261333
1.693061 0.261562
1.693615 0.261638
1.694168 0.261791
1.694722 0.261867
1.695276 0.262555
1.695831 0.263167
1.696385 0.263396
1.696941 0.263778
1.697497 0.26416
1.698053 0.264313
1.698609 0.264618
1.699166 0.265
1.699723 0.26523
1.70028 0.265306
1.700838 0.265841
1.701396 0.266605
1.701955 0.26714
1.702514 0.26714
1.703073 0.267598
1.703633 0.267598
1.704193 0.267446
1.704753 0.267828
1.705314 0.268592
1.705875 0.268363
1.706436 0.268821
1.706998 0.26928
1.707561 0.269585
1.708123 0.269738
1.708686 0.270426
1.70925 0.270961
1.709813 0.271496
1.710377 0.27203
1.710942 0.27203
1.711507 0.272336
1.712072 0.272565
1.712638 0.272642
1.713204 0.2731
1.71377 0.273329
1.714337 0.273788
1.714904 0.274246
1.715471 0.274476
1.716039 0.274476
1.716607 0.274323
1.717176 0.274399
1.717745 0.275469
1.718314 0.276233
1.718884 0.276462
1.719454 0.276692
1.720024 0.277532
1.720595 0.277532
1.721167 0.277609
1.721738 0.277914
1.72231 0.278449
1.722883 0.278449
1.723455 0.278678
1.724029 0.279442
1.724602 0.279672
1.725176 0.279748
1.72575 0.279977
1.726325 0.28013
1.7269 0.280665
1.727476 0.280971
1.728051 0.281429
1.728628 0.281658
1.729204 0.281888
1.729781 0.281964
1.730358 0.28227
1.730936 0.282117
1.731514 0.282881
1.732093 0.28311
1.732672 0.283492
1.733251 0.284104
1.733831 0.284715
1.734411 0.285021
1.734991 0.285632
1.735572 0.285479
1.736153 0.285632
1.736735 0.285938
1.737317 0.286549
1.7379 0.287007
1.738482 0.287619
1.739066 0.287771
1.739649 0.287848
1.740233 0.288001
1.740817 0.288459
1.741402 0.288841
1.741987 0.2893
1.742573 0.289376
1.743159 0.290217
1.743745 0.29037
1.744332 0.290752
1.744919 0.29121
1.745506 0.291363
1.746094 0.291134
1.746683 0.291669
1.747271 0.291974
1.74786 0.291821
1.74845 0.292051
1.74904 0.292586
1.74963 0.292738
1.750221 0.293503
1.750812 0.29419
1.751403 0.294878
1.751995 0.294954
1.752588 0.295107
1.75318 0.295642
1.753773 0.296253
1.754367 0.29633
1.754961 0.296406
1.755555 0.296559
1.75615 0.296788
1.756745 0.296788
1.75734 0.297017
1.757936 0.297094
1.758533 0.297705
1.759129 0.298164
1.759726 0.298622
1.760324 0.298546
1.760922 0.299157
1.76152 0.299463
1.762119 0.299692
1.762718 0.299845
1.763318 0.300303
1.763918 0.300915
1.764518 0.301297
1.765119 0.301373
1.76572 0.301602
1.766322 0.301908
1.766924 0.302214
1.767526 0.30229
1.768129 0.302672
1.768732 0.303207
1.769336 0.303818
1.76994 0.304047
1.770545 0.304047
1.771149 0.303818
1.771755 0.304506
1.77236 0.304888
1.772967 0.305347
1.773573 0.305499
1.77418 0.305652
1.774787 0.305729
1.775395 0.305729
1.776004 0.306187
1.776612 0.306798
1.777221 0.307028
1.777831 0.307715
1.778441 0.307868
1.779051 0.308021
1.779662 0.308021
1.780273 0.308403
1.780884 0.308632
1.781496 0.309167
1.782109 0.309167
1.782721 0.309473
1.783335 0.309778
1.783948 0.310161
1.784562 0.310161
1.785177 0.31039
1.785792 0.310543
1.786407 0.310925
1.787023 0.311307
1.787639 0.311918
1.788256 0.311689
1.788873 0.311994
1.789491 0.312224
1.790108 0.312606
1.790727 0.312759
1.791346 0.313293
1.791965 0.313599
1.792585 0.313905
1.793205 0.31444
1.793825 0.314669
1.794446 0.314592
1.795067 0.315204
1.795689 0.315815
1.796311 0.316044
1.796934 0.316121
1.797557 0.316121
1.79818 0.316579
1.798804 0.317038
1.799429 0.316885
1.800053 0.317191
1.800679 0.317496
1.801304 0.317955
1.801931 0.31826
1.802557 0.318413
1.803184 0.318566
1.803812 0.318948
1.804439 0.319024
1.805068 0.319024
1.805696 0.319407
1.806326 0.320171
1.806955 0.320629
1.807585 0.320553
1.808216 0.320706
1.808847 0.321088
1.809478 0.321546
1.81011 0.321775
1.810742 0.321852
1.811375 0.322081
1.812008 0.322157
1.812641 0.322463
1.813275 0.322769
1.81391 0.323456
1.814545 0.323838
1.81518 0.323991
1.815816 0.324144
1.816452 0.324373
1.817089 0.324832
1.817726 0.32529
1.818363 0.325672
1.819001 0.326054
1.81964 0.325978
1.820279 0.325978
1.820918 0.326054
1.821558 0.326284
1.822199 0.326742
1.822839 0.327353
1.82348 0.327812
1.824122 0.328041
1.824764 0.327888
1.825406 0.327965
1.826049 0.328118
1.826693 0.328729
1.827337 0.329264
1.827981 0.32934
1.828626 0.32934
1.829271 0.329799
1.829917 0.330104
1.830563 0.330181
1.83121 0.330257
1.831857 0.330868
1.832504 0.331021
1.833152 0.331556
1.833801 0.332015
1.83445 0.332244
1.835099 0.332091
1.835749 0.331862
1.836399 0.332167
1.83705 0.332779
1.837701 0.332932
1.838353 0.333467
1.839005 0.333467
1.839658 0.333543
1.840311 0.334001
1.840964 0.334154
1.841618 0.334383
1.842272 0.335148
1.842927 0.335377
1.843583 0.335682
1.844238 0.335759
1.844895 0.335682
1.845551 0.335912
1.846209 0.336294
1.846867 0.336599
1.847525 0.337134
1.848184 0.337134
1.848843 0.337516
1.849502 0.337746
1.850162 0.338586
1.850823 0.338815
1.851484 0.338586
1.852145 0.338051
1.852807 0.338051
1.853469 0.338128
1.854132 0.338815
1.854796 0.33935
1.855459 0.339427
1.856124 0.339503
1.856789 0.340038
1.857454 0.340344
1.85812 0.340573
1.858786 0.340649
1.859453 0.340879
1.86012 0.341184
1.860788 0.34149
1.861456 0.341719
1.862124 0.342025
1.862794 0.342178
1.863463 0.342025
1.864133 0.342254
1.864804 0.343171
1.865475 0.343095
1.866146 0.343324
1.866818 0.343477
1.867491 0.343247
1.868164 0.343477
1.868837 0.343935
1.869511 0.344164
1.870185 0.344241
1.87086 0.344241
1.871536 0.345005
1.872212 0.345081
1.872888 0.345081
1.873565 0.345387
1.874242 0.345998
1.87492 0.345845
1.875599 0.346151
1.876277 0.34638
1.876957 0.346457
1.877637 0.346915
1.878317 0.347297
1.878998 0.347297
1.879679 0.347756
1.880361 0.347909
1.881043 0.348138
1.881726 0.348291
1.882409 0.348596
1.883093 0.348673
1.883777 0.348902
1.884462 0.348978
1.885147 0.349208
1.885833 0.349208
1.886519 0.349513
1.887206 0.350125
1.887893 0.350812
1.888581 0.35043
1.889269 0.350125
1.889958 0.350125
1.890647 0.350659
1.891337 0.350889
1.892027 0.350889
1.892718 0.351194
1.893409 0.351653
1.894101 0.351653
1.894793 0.351882
1.895486 0.352111
1.896179 0.352493
1.896873 0.352646
1.897568 0.352646
1.898262 0.352417
1.898958 0.352341
1.899654 0.352111
1.90035 0.352646
1.901047 0.353181
1.901744 0.353716
1.902442 0.35364
1.90314 0.353792
1.903839 0.354022
1.904539 0.354098
1.905239 0.354327
1.905939 0.35448
1.90664 0.35448
1.907342 0.355168
1.908044 0.355626
1.908746 0.355779
1.909449 0.355856
1.910153 0.356008
1.910857 0.356085
1.911561 0.35639
1.912266 0.356543
1.912972 0.356772
1.913678 0.357078
1.914385 0.35746
1.915092 0.357689
1.9158 0.357995
1.916508 0.358072
1.917217 0.358224
1.917926 0.35853
1.918636 0.358759
1.919346 0.358683
1.920057 0.358836
1.920768 0.359371
1.92148 0.360135
1.922193 0.360211
1.922906 0.360135
1.92362 0.360211
1.924333 0.360746
1.925048 0.361128
1.925763 0.361204
1.926479 0.361281
1.927195 0.361663
1.927912 0.361892
1.928629 0.362121
1.929346 0.362351
1.930065 0.362656
1.930784 0.362809
1.931503 0.362886
1.932223 0.363191
1.932943 0.363802
1.933664 0.364032
1.934386 0.364261
1.935108 0.364261
1.93583 0.364337
1.936554 0.364414
1.937277 0.365025
1.938002 0.365254
1.938726 0.365331
1.939452 0.365254
1.940177 0.36556
1.940904 0.365942
1.941631 0.366477
1.942358 0.366553
1.943086 0.366783
1.943815 0.366706
1.944544 0.367088
1.945274 0.367241
1.946004 0.367317
1.946735 0.367394
1.947466 0.367623
1.948198 0.367776
1.94893 0.368234
1.949663 0.368311
1.950397 0.368464
1.951131 0.368693
1.951865 0.369151
1.952601 0.369151
1.953336 0.369381
1.954073 0.369533
1.954809 0.369533
1.955547 0.369533
1.956285 0.369916
1.957023 0.370068
1.957762 0.370221
1.958502 0.370298
1.959242 0.37068
1.959983 0.370756
1.960724 0.370603
1.961466 0.370527
1.962208 0.370909
1.962951 0.371215
1.963695 0.37152
1.964439 0.371673
1.965183 0.372055
1.965929 0.372284
1.966674 0.37259
1.967421 0.372437
1.968168 0.372514
1.968915 0.37259
1.969663 0.372972
1.970412 0.372896
1.971161 0.372972
1.971911 0.373278
1.972661 0.373507
1.973413 0.373354
1.974164 0.373507
1.974916 0.373889
1.975669 0.374271
1.976422 0.374271
1.977176 0.374271
1.97793 0.374195
1.978685 0.374577
1.97944 0.374959
1.980196 0.375417
1.980953 0.375417
1.98171 0.375417
1.982468 0.375647
1.983226 0.376105
1.983986 0.376258
1.984745 0.376411
1.985505 0.376105
1.986266 0.376258
1.987027 0.376563
1.987789 0.377022
1.988552 0.377022
1.989315 0.377098
1.990078 0.377328
1.990842 0.377786
1.991607 0.378092
1.992373 0.378397
1.993139 0.378321
1.993905 0.378321
1.994673 0.37855
1.99544 0.378703
1.996209 0.378703
1.996978 0.378627
1.997747 0.378779
1.998517 0.379238
1.999288 0.379391
2.000059 0.379773
2.000831 0.379849
2.001604 0.380231
2.002377 0.380308
2.003151 0.380461
2.003925 0.38069
2.0047 0.380843
2.005476 0.380843
2.006252 0.381072
2.007029 0.381072
2.007806 0.381301
2.008584 0.38153
2.009362 0.381836
2.010141 0.382142
2.010921 0.382294
2.011701 0.382371
2.012482 0.382447
2.013264 0.382142
2.014046 0.382447
2.014829 0.382982
2.015612 0.383364
2.016396 0.383288
2.01718 0.383211
2.017966 0.383364
2.018752 0.383899
2.019538 0.384052
2.020325 0.384281
2.021113 0.384358
2.021901 0.38451
2.02269 0.384587
2.023479 0.385122
2.02427 0.385198
2.02506 0.385045
2.025852 0.385045
2.026644 0.385275
2.027436 0.385351
2.028229 0.385657
2.029023 0.386039
2.029818 0.385886
2.030613 0.385733
2.031409 0.386344
2.032204 0.38665
2.033001 0.38665
2.033799 0.386879
2.034597 0.387108
2.035396 0.387185
2.036195 0.387338
2.036996 0.387414
2.037796 0.387567
2.038598 0.38772
2.0394 0.387873
2.040203 0.387873
2.041006 0.388178
2.04181 0.388484
2.042614 0.38856
2.043419 0.388484
2.044225 0.388713
2.045032 0.388637
2.045839 0.389019
2.046646 0.389324
2.047455 0.389324
2.048264 0.389324
2.049073 0.389401
2.049883 0.389707
2.050694 0.389783
2.051505 0.38963
2.052317 0.389783
2.05313 0.390165
2.053944 0.389936
2.054758 0.389554
2.055573 0.389936
2.056388 0.390318
2.057204 0.390394
2.058021 0.390471
2.058838 0.390623
2.059656 0.390471
2.060475 0.390623
2.061294 0.3907
2.062114 0.391006
2.062935 0.391006
2.063756 0.391235
2.064577 0.391235
2.0654 0.391006
2.066223 0.391082
2.067047 0.391311
2.067871 0.391158
2.068696 0.391388
2.069522 0.391311
2.070349 0.391464
2.071176 0.391388
2.072004 0.391235
2.072833 0.391235
2.073662 0.391388
2.074492 0.39154
2.075322 0.39177
2.076153 0.391464
2.076985 0.391693
2.077817 0.391693
2.07865 0.391922
2.079484 0.391846
2.080319 0.391693
2.081154 0.391464
2.08199 0.391617
2.082826 0.391922
2.083663 0.392152
2.084501 0.392075
2.08534 0.392152
2.086179 0.392075
2.087018 0.391999
2.087859 0.391922
2.0887 0.391846
2.089542 0.391922
2.090385 0.391999
2.091228 0.39177
2.092072 0.391999
2.092917 0.392228
2.093762 0.392228
2.094608 0.392228
2.095454 0.392457
2.096302 0.392457
2.09715 0.392381
2.097999 0.392228
2.098848 0.392305
2.099698 0.392228
2.100549 0.392228
2.1014 0.391999
2.102252 0.392152
2.103105 0.392075
2.103959 0.392075
2.104813 0.392152
2.105668 0.392457
2.106524 0.39261
2.10738 0.392534
2.108237 0.392687
2.109094 0.392992
2.109953 0.392839
2.110812 0.392839
2.111672 0.392839
2.112532 0.392916
2.113394 0.393069
2.114255 0.393221
2.115118 0.393221
2.115981 0.393374
2.116845 0.393221
2.11771 0.393145
2.118576 0.393221
2.119442 0.393604
2.120309 0.393833
2.121176 0.393909
2.122045 0.393833
2.122913 0.394062
2.123783 0.394062
2.124654 0.394444
2.125525 0.394444
2.126396 0.394291
2.127269 0.394444
2.128142 0.394826
2.129016 0.395208
2.129891 0.39559
2.130766 0.39559
2.131642 0.395743
2.132519 0.39559
2.133397 0.395896
2.134275 0.396202
2.135154 0.396354
2.136034 0.396354
2.136914 0.39666
2.137795 0.396813
2.138677 0.396966
2.13956 0.396889
2.140444 0.397195
2.141328 0.397501
2.142213 0.397883
2.143099 0.398036
2.143985 0.398265
2.144872 0.398341
2.14576 0.39857
2.146648 0.398723
2.147537 0.399105
2.148427 0.399182
2.149318 0.399029
2.150209 0.399105
2.151101 0.399487
2.151994 0.399717
2.152888 0.399946
2.153783 0.399869
2.154678 0.400022
2.155574 0.400022
2.15647 0.400328
2.157368 0.400481
2.158266 0.400557
2.159165 0.400786
2.160064 0.400939
2.160964 0.401016
2.161865 0.401398
2.162767 0.401551
2.16367 0.401551
2.164573 0.401627
2.165478 0.40178
2.166383 0.401703
2.167288 0.401856
2.168195 0.402009
2.169102 0.402238
2.17001 0.402238
2.170919 0.402315
2.171828 0.402467
2.172739 0.402544
2.17365 0.402391
2.174561 0.402467
2.175474 0.402544
2.176387 0.402544
2.177301 0.402544
2.178216 0.40262
2.179132 0.402697
2.180048 0.402926
2.180965 0.403155
2.181883 0.403384
2.182801 0.403384
2.183721 0.403384
2.184641 0.403079
2.185562 0.403079
2.186484 0.403232
2.187407 0.403461
2.18833 0.403384
2.189254 0.403537
2.190179 0.403614
2.191105 0.403843
2.192032 0.403766
2.192959 0.403766
2.193887 0.403843
2.194816 0.403919
2.195745 0.40369
2.196676 0.403537
2.197607 0.403614
2.198539 0.403843
2.199472 0.403919
2.200405 0.404149
2.201339 0.404072
2.202275 0.404072
2.203211 0.403996
2.204147 0.404072
2.205085 0.404225
2.206023 0.404378
2.206962 0.404225
2.207902 0.404531
2.208843 0.404531
2.209784 0.404607
2.210727 0.404607
2.21167 0.40476
2.212614 0.404531
2.213559 0.404913
2.214504 0.404989
2.215451 0.404989
2.216398 0.404836
2.217346 0.404989
2.218295 0.405295
2.219244 0.405448
2.220195 0.405295
2.221146 0.405371
2.222098 0.4056
2.223051 0.405753
2.224005 0.4056
2.224959 0.405677
2.225914 0.405677
2.226871 0.40583
2.227827 0.405677
2.228785 0.40583
2.229744 0.405982
2.230703 0.406059
2.231663 0.40583
2.232625 0.405906
2.233587 0.406059
2.234549 0.406212
2.235513 0.406212
2.236477 0.406212
2.237442 0.406212
2.238408 0.406365
2.239375 0.406059
2.240343 0.405906
2.241312 0.405982
2.242281 0.406212
2.243252 0.406135
2.244223 0.406212
2.245195 0.405982
2.246168 0.40583
2.247141 0.405753
2.248116 0.4056
2.249091 0.405371
2.250067 0.405524
2.251044 0.405295
2.252022 0.405066
2.253 0.40476
2.25398 0.404989
2.254961 0.405142
2.255942 0.404913
2.256924 0.404683
2.257907 0.40476
2.258891 0.404454
2.259876 0.404301
2.260861 0.404301
2.261847 0.404378
2.262835 0.403996
2.263823 0.403996
2.264812 0.404225
2.265802 0.404301
2.266792 0.404072
2.267784 0.404072
2.268776 0.40369
2.26977 0.403537
2.270764 0.403155
2.271759 0.403002
2.272755 0.402773
2.273752 0.40262
2.27475 0.402315
2.275748 0.402009
2.276747 0.401474
2.277748 0.401016
2.278749 0.400557
2.279751 0.400481
2.280754 0.400099
2.281758 0.399411
2.282763 0.398647
2.283768 0.398188
2.284775 0.397501
2.285782 0.396966
2.286791 0.396202
2.2878 0.395514
2.28881 0.394673
2.289821 0.393756
2.290832 0.392534
2.291845 0.391617
2.292859 0.390547
2.293873 0.389554
2.294889 0.388255
2.295905 0.387108
2.296922 0.385809
2.29794 0.384587
2.29896 0.382982
2.299979 0.381225
2.301001 0.37962
2.302022 0.377939
2.303045 0.375876
2.304068 0.374042
2.305093 0.371979
2.306118 0.369839
2.307145 0.367547
2.308172 0.365101
2.309201 0.362809
2.31023 0.360822
2.31126 0.358836
2.31229 0.357078
2.313322 0.355091
2.314355 0.35341
2.315388 0.351729
2.316423 0.350125
2.317458 0.348291
2.318495 0.346915
2.319532 0.345922
2.32057 0.345081
2.321609 0.344317
2.32265 0.343782
2.323691 0.343095
2.324733 0.342712
2.325776 0.342407
2.32682 0.342254
2.327865 0.342101
2.32891 0.34233
2.329957 0.342789
2.331005 0.343324
2.332053 0.344011
2.333103 0.345005
2.334153 0.345845
2.335205 0.346839
2.336257 0.348061
2.33731 0.349284
2.338365 0.350125
2.33942 0.351271
2.340476 0.352341
2.341533 0.35364
2.342591 0.354633
2.34365 0.355932
2.34471 0.357231
2.345771 0.358683
2.346833 0.359829
2.347896 0.361281
2.34896 0.362733
2.350024 0.36449
2.35109 0.365866
2.352157 0.367317
2.353225 0.36854
2.354293 0.369763
2.355363 0.370909
2.356434 0.371673
2.357505 0.372284
2.358577 0.373278
2.359651 0.373889
2.360726 0.3745
2.361801 0.374959
2.362878 0.37557
2.363955 0.375876
2.365033 0.376105
2.366114 0.375894
2.367194 0.375542
2.368275 0.375191
2.369358 0.374769
2.370441 0.373996
2.371525 0.373011
2.372611 0.371956
2.373697 0.371042
2.374785 0.369847
2.375873 0.368652
2.376962 0.367175
2.378052 0.36598
2.379144 0.364714
2.380236 0.363378
2.38133 0.362042
2.382424 0.360777
2.383519 0.359441
2.384615 0.358527
2.385713 0.357613
2.386811 0.356558
2.387911 0.355784
2.389011 0.355574
2.390113 0.355433
2.391215 0.355222
2.392318 0.354589
2.393423 0.354378
2.394528 0.354659
2.395635 0.355011
2.396743 0.355363
2.397851 0.356066
2.398961 0.35705
2.400071 0.357894
2.401183 0.358386
2.402296 0.359089
2.40341 0.360003
2.404524 0.36148
2.40564 0.363027
2.406757 0.364363
2.407875 0.365347
2.408994 0.366472
2.410113 0.367949
2.411234 0.369917
2.412356 0.371394
2.413479 0.372449
2.414603 0.373855
2.415729 0.375332
2.416855 0.376316
2.417982 0.37723
2.419111 0.378566
2.42024 0.379832
2.421371 0.380605
2.422502 0.381449
2.423635 0.382714
2.424768 0.38391
2.425903 0.384613
2.427038 0.385175
2.428176 0.385808
2.429314 0.386933
2.430453 0.387496
2.431592 0.387777
2.432734 0.388269
2.433876 0.388691
2.435019 0.388832
2.436163 0.389043
2.437308 0.389464
2.438454 0.389746
2.439602 0.389746
2.44075 0.389746
2.4419 0.389816
2.443051 0.389957
2.444203 0.389957
2.445355 0.389957
2.44651 0.390449
2.447665 0.390589
2.448821 0.390308
2.449978 0.390449
2.451137 0.390449
2.452296 0.390027
2.453457 0.389816
2.454618 0.389816
2.455781 0.389746
2.456945 0.389675
2.45811 0.389675
2.459276 0.389605
2.460443 0.389535
2.461612 0.389394
2.462781 0.389394
2.463952 0.389605
2.465123 0.389605
2.466296 0.389535
2.46747 0.389394
2.468645 0.389394
2.469821 0.389394
2.470998 0.389394
2.472176 0.389183
2.473356 0.389254
2.474536 0.389464
2.475718 0.389043
2.476901 0.388902
2.478085 0.389324
2.47927 0.389043
2.480456 0.388972
2.481644 0.388972
2.482832 0.388902
2.484022 0.388691
2.485213 0.388972
2.486404 0.388832
2.487597 0.388621
2.488792 0.38848
2.489987 0.388691
2.491184 0.388761
2.492381 0.388761
2.493581 0.38855
2.494781 0.388621
2.495982 0.388691
2.497184 0.388832
2.498387 0.388761
2.499592 0.38855
2.500798 0.388339
2.502005 0.38855
2.503213 0.388761
2.504422 0.388972
2.505633 0.388972
2.506844 0.389113
2.508057 0.389183
2.509271 0.389464
2.510486 0.389605
2.511703 0.389746
2.51292 0.389746
2.514138 0.390027
2.515358 0.390449
2.516579 0.390871
2.517802 0.391293
2.519025 0.391504
2.52025 0.391363
2.521476 0.391644
2.522703 0.391996
2.523931 0.392066
2.52516 0.391925
2.526391 0.392558
2.527622 0.39291
2.528856 0.393121
2.53009 0.393191
2.531325 0.393402
2.532562 0.393613
2.5338 0.393754
2.535039 0.393332
2.536279 0.393261
2.53752 0.394316
2.538763 0.394457
2.540007 0.394105
2.541252 0.393824
2.542498 0.393472
2.543746 0.393964
2.544994 0.394808
2.546244 0.394808
2.547495 0.394316
2.548748 0.394668
2.550002 0.394527
2.551256 0.394175
2.552513 0.394035
2.553771 0.394738
2.555029 0.395441
2.556289 0.395582
2.55755 0.395582
2.558813 0.39509
2.560076 0.393121
2.561341 0.390871
2.562607 0.390519
2.563875 0.391363
2.565143 0.39305
2.566413 0.394527
2.567684 0.394246
2.568957 0.392418
2.57023 0.392699
2.571505 0.394035
2.572781 0.391714
2.574058 0.391785
2.575337 0.39298
2.576617 0.392347
2.577898 0.393402
2.579181 0.394668
2.580465 0.393683
2.58175 0.393402
2.583036 0.3908
2.584324 0.390449
2.585613 0.39291
2.586903 0.392347
2.588195 0.392488
2.589488 0.393964
2.590782 0.395019
2.592077 0.394035
2.593373 0.387777
2.594671 0.3818
2.595971 0.386722
2.597271 0.393472
2.598573 0.395722
2.599876 0.3953
2.601181 0.394035
2.602487 0.393191
2.603794 0.391222
2.605102 0.388058
2.606412 0.389113
2.607723 0.391504
2.609035 0.391504
2.610349 0.391996
2.611664 0.392418
2.612981 0.391925
2.614299 0.391855
2.615618 0.38848
2.616938 0.385597
2.61826 0.387496
2.619583 0.385949
2.620907 0.385878
2.622233 0.389394
2.62356 0.390168
2.624888 0.38841
2.626217 0.384964
2.627548 0.385808
2.628881 0.385035
2.630215 0.38166
2.63155 0.384191
2.632886 0.385949
2.634224 0.386019
2.635564 0.387355
2.636904 0.387777
2.638246 0.387988
2.63959 0.387847
2.640934 0.387566
2.64228 0.387496
2.643628 0.387496
2.644976 0.3863
2.646327 0.386511
2.647678 0.387777
2.649031 0.387988
2.650386 0.387144
2.651741 0.385035
2.653098 0.384543
2.654457 0.385175
2.655817 0.384964
2.657177 0.385668
2.65854 0.384613
2.659904 0.383207
2.66127 0.383207
2.662637 0.382925
2.664005 0.378496
2.665375 0.373714
2.666745 0.373152
2.668118 0.375683
2.669492 0.371464
2.670867 0.369144
2.672244 0.374066
2.673622 0.373996
2.675002 0.369355
2.676383 0.363449
2.677765 0.359722
2.67915 0.354941
2.680535 0.35037
2.681922 0.342706
2.68331 0.332581
2.6847 0.321753
2.68609 0.310081
2.687483 0.297987
2.688877 0.28519
2.690272 0.270917
2.691669 0.255307
2.693067 0.237869
2.694467 0.222541
2.695868 0.209885
2.69727 0.198353
2.698674 0.186541
2.70008 0.174869
2.701487 0.164533
2.702896 0.156165
2.704306 0.14822
2.705717 0.141329
2.70713 0.135142
2.708544 0.129376
2.70996 0.124103
2.711378 0.120517
2.712797 0.118618
2.714217 0.116298
2.715639 0.113485
2.717062 0.110743
2.718487 0.10779
2.719913 0.104415
2.721341 0.102798
2.72277 0.101462
2.7242 0.099845
2.725633 0.099774
2.727067 0.099985
2.728502 0.100337
2.729939 0.100126
2.731377 0.099352
2.732817 0.097876
2.734258 0.096188
2.735701 0.095977
2.737146 0.096681
2.738592 0.097032
2.740039 0.098298
2.741488 0.100477
2.742939 0.102165
2.744391 0.102165
2.745844 0.101321
2.747299 0.10111
2.748756 0.102376
2.750214 0.104626
2.751674 0.10786
2.753135 0.111165
2.754598 0.113696
2.756062 0.117634
2.757528 0.121923
2.758996 0.123962
2.760465 0.124173
2.761936 0.125157
2.763408 0.128954
2.764882 0.133665
2.766357 0.136829
2.767834 0.139501
2.769313 0.142595
2.770793 0.146884
2.772275 0.15258
2.773758 0.157994
2.775243 0.162423
2.77673 0.166291
2.778218 0.169806
2.779707 0.172689
2.781199 0.175361
2.782691 0.177611
2.784185 0.179509
2.785681 0.180142
2.787179 0.180986
2.788678 0.182955
2.790179 0.184642
2.791682 0.185627
2.793186 0.18633
2.794692 0.186963
2.7962 0.187666
2.797709 0.188228
2.799219 0.188791
2.800731 0.188791
2.802245 0.188439
2.803761 0.18858
2.805278 0.189775
2.806797 0.19076
2.808318 0.191463
2.80984 0.191885
2.811363 0.192095
2.812889 0.192236
2.814416 0.192447
2.815945 0.192799
2.817475 0.19315
2.819007 0.193291
2.82054 0.193713
2.822076 0.194135
2.823613 0.194697
2.825152 0.195119
2.826692 0.195611
2.828234 0.196174
2.829778 0.196525
2.831324 0.196806
2.832871 0.197158
2.83442 0.197299
2.835971 0.19758
2.837523 0.198213
2.839077 0.198916
2.840632 0.199338
2.84219 0.19983
2.843749 0.200392
2.84531 0.200744
2.846872 0.201025
2.848437 0.201447
2.850003 0.20201
2.85157 0.202432
2.85314 0.202713
2.854711 0.203135
2.856283 0.203627
2.857857 0.203978
2.859434 0.20433
2.861012 0.204752
2.862592 0.205033
2.864173 0.205314
2.865757 0.205525
2.867342 0.205807
2.868929 0.206228
2.870517 0.20658
2.872108 0.206791
2.873699 0.207213
2.875293 0.207494
2.876889 0.207916
2.878486 0.208197
2.880085 0.208478
2.881686 0.20883
2.883289 0.209252
2.884893 0.209603
2.886499 0.209674
2.888107 0.209814
2.889717 0.210096
2.891329 0.210447
2.892942 0.21101
2.894558 0.211361
2.896175 0.211783
2.897794 0.212064
2.899415 0.212275
2.901037 0.212627
2.902662 0.213119
2.904288 0.213541
2.905916 0.214104
2.907546 0.214385
2.909178 0.214666
2.910811 0.215088
2.912446 0.21558
2.914083 0.215791
2.915722 0.216283
2.917363 0.216916
2.919006 0.217197
2.92065 0.217549
2.922296 0.218252
2.923944 0.218814
2.925594 0.219236
2.927246 0.219729
2.9289 0.220221
2.930556 0.220783
2.932213 0.221416
2.933873 0.221838
2.935534 0.222611
2.937198 0.223104
2.938863 0.223385
2.94053 0.223877
2.942199 0.22458
2.943869 0.225072
2.945542 0.225635
2.947217 0.226127
2.948893 0.226619
2.950572 0.227393
2.952252 0.228166
2.953934 0.228588
2.955618 0.229361
2.957304 0.230065
2.958992 0.230557
2.960681 0.23119
2.962373 0.231893
2.964067 0.232455
2.965763 0.233088
2.96746 0.233651
2.96916 0.234354
2.970861 0.235127
2.972565 0.235901
2.974271 0.236604
2.975978 0.237377
2.977687 0.23801
2.979398 0.238713
2.981112 0.239416
2.982827 0.240049
2.984544 0.240963
2.986264 0.241807
2.987985 0.24251
2.989709 0.243213
2.991434 0.243916
2.993161 0.24476
2.99489 0.245463
2.996621 0.246026
2.998354 0.246729
3.000089 0.247573
3.001826 0.248557
3.003565 0.249401
3.005306 0.250174
3.00705 0.250948
3.008795 0.251651
3.010542 0.252494
3.012291 0.253268
3.014043 0.254041
3.015796 0.254744
3.017552 0.255518
3.019309 0.256362
3.021069 0.256924
3.02283 0.257557
3.024594 0.258471
3.02636 0.259174
3.028127 0.259807
3.029897 0.260721
3.031669 0.261424
3.033443 0.261987
3.035219 0.26269
3.036998 0.263393
3.038778 0.264237
3.04056 0.26487
3.042344 0.265291
3.04413 0.265924
3.045919 0.266768
3.047709 0.267612
3.049502 0.268174
3.051297 0.268596
3.053094 0.269159
3.054893 0.269862
3.056694 0.270565
3.058498 0.270987
3.060303 0.271549
3.062111 0.272252
3.063921 0.272885
3.065733 0.273307
3.067547 0.273799
3.069363 0.274292
3.071181 0.274995
3.073001 0.275698
3.074824 0.276331
3.076649 0.276682
3.078476 0.277034
3.080305 0.277596
3.082136 0.278088
3.08397 0.278651
3.085805 0.279354
3.087644 0.279917
3.089484 0.280409
3.091326 0.280971
3.093171 0.281534
3.095017 0.281956
3.096866 0.282237
3.098717 0.28287
3.10057 0.283713
3.102426 0.284206
3.104284 0.284487
3.106144 0.284768
3.108006 0.28519
3.109871 0.285823
3.111737 0.286526
3.113606 0.287229
3.115477 0.287792
3.11735 0.288424
3.119226 0.288987
3.121104 0.28962
3.122984 0.290042
3.124866 0.290323
3.126751 0.290956
3.128638 0.291448
3.130527 0.29201
3.132419 0.292503
3.134313 0.293065
3.136209 0.293628
3.138108 0.294261
3.140008 0.294893
3.141912 0.295456
3.143817 0.296089
3.145725 0.296581
3.147635 0.297003
3.149547 0.297706
3.151462 0.29862
3.153378 0.299182
3.155298 0.299815
3.157219 0.300518
3.159143 0.301221
3.16107 0.301784
3.162998 0.302628
3.164929 0.303401
3.166862 0.304104
3.168798 0.304737
3.170736 0.3053
3.172677 0.306073
3.174619 0.306847
3.176565 0.307479
3.178513 0.308112
3.180463 0.308815
3.182415 0.309589
3.18437 0.310151
3.186327 0.310714
3.188287 0.311347
3.190248 0.311768
3.192213 0.312401
3.19418 0.313245
3.196149 0.313948
3.198121 0.314511
3.200095 0.315214
3.202072 0.315847
3.204051 0.316409
3.206032 0.316901
3.208016 0.317393
3.210002 0.317815
3.211991 0.318378
3.213982 0.319011
3.215976 0.319573
3.217972 0.320065
3.219971 0.320558
3.221972 0.320979
3.223976 0.321401
3.225982 0.321683
3.227991 0.322175
3.230002 0.322597
3.232016 0.322948
3.234032 0.32337
3.236051 0.323722
3.238072 0.323862
3.240096 0.324144
3.242123 0.324495
3.244152 0.324565
3.246183 0.324706
3.248217 0.324987
3.250253 0.325058
3.252293 0.325339
3.254334 0.32569
3.256378 0.325972
3.258425 0.326253
3.260474 0.326394
3.262526 0.326534
3.26458 0.326745
3.266638 0.327097
3.268697 0.327448
3.27076 0.327659
3.272825 0.32794
3.274892 0.328222
3.276962 0.328573
3.279035 0.328855
3.28111 0.329065
3.283188 0.329558
3.285269 0.33012
3.287352 0.330401
3.289438 0.330753
3.291526 0.331245
3.293617 0.331737
3.295711 0.331948
3.297807 0.332159
3.299906 0.332651
3.302008 0.333214
3.304113 0.333706
3.30622 0.334058
3.30833 0.33455
3.310443 0.334761
3.312558 0.335042
3.314676 0.335394
3.316797 0.335675
3.31892 0.336097
3.321046 0.336519
3.323175 0.3368
3.325307 0.33687
3.327442 0.33687
3.329579 0.33687
3.331719 0.337011
3.333861 0.33687
3.336007 0.3368
3.338155 0.336448
3.340306 0.336097
3.342458 0.335675
3.344615 0.335253
3.346774 0.334831
3.348936 0.334691
3.351101 0.334691
3.353268 0.33462
3.355439 0.334409
3.357612 0.334198
3.359789 0.334128
3.361968 0.333917
3.364149 0.333495
3.366334 0.332933
3.368521 0.33237
3.370711 0.331948
3.372904 0.331315
3.3751 0.330683
3.3773 0.330331
3.379501 0.330191
3.381706 0.330261
3.383913 0.330683
3.386123 0.331105
3.388336 0.331667
3.390553 0.33223
3.392771 0.332792
3.394992 0.333144
3.397217 0.333214
3.399445 0.332792
3.401675 0.33223
3.403909 0.331597
3.406146 0.330894
3.408385 0.329909
3.410627 0.329136
3.412873 0.328573
3.415121 0.328362
3.417372 0.328503
3.419626 0.329136
3.421884 0.330191
3.424144 0.331737
3.426407 0.333355
3.428673 0.334972
3.430943 0.336519
3.433215 0.337855
3.43549 0.33898
3.437768 0.339894
3.440049 0.340878
3.442333 0.342003
3.444621 0.342706
3.446911 0.343409
3.449204 0.344253
3.4515 0.344886
3.4538 0.345378
3.456102 0.346011
3.458408 0.346503
3.460716 0.346925
3.463028 0.346925
3.465343 0.346855
3.467662 0.346573
3.469983 0.346222
3.472307 0.34587
3.474634 0.345519
3.476965 0.345238
3.479298 0.344886
3.481635 0.344605
3.483975 0.344675
3.486317 0.344675
3.488663 0.344745
3.491012 0.344886
3.493365 0.345027
3.49572 0.345097
3.498079 0.344956
3.500441 0.344816
3.502806 0.345448
3.505175 0.346292
3.507547 0.347417
3.509921 0.348753
3.512299 0.35037
3.514681 0.351917
3.517065 0.353464
3.519453 0.354941
3.521844 0.356136
3.524238 0.357472
3.526636 0.358738
3.529036 0.359581
3.53144 0.360285
3.533848 0.360917
3.536258 0.36155
3.538672 0.362042
3.541089 0.362464
3.543509 0.362745
3.545932 0.363027
3.548359 0.363308
3.55079 0.363589
3.553223 0.364011
3.55566 0.364222
3.558101 0.364363
3.560545 0.364714
3.562992 0.364855
3.565443 0.365066
3.567896 0.365277
3.570354 0.365488
3.572814 0.365558
3.575278 0.365769
3.577746 0.36598
3.580216 0.366121
3.582691 0.366331
3.585169 0.366542
3.58765 0.366683
3.590135 0.366824
3.592623 0.367035
3.595114 0.367175
3.597609 0.367105
3.600107 0.367035
3.602608 0.367175
3.605114 0.367246
3.607622 0.367316
3.610135 0.367246
3.61265 0.367316
3.61517 0.367597
3.617692 0.367527
3.620219 0.367527
3.622749 0.367597
3.625283 0.367738
3.627819 0.367738
3.63036 0.367667
3.632904 0.367597
3.635452 0.367738
3.638003 0.367878
3.640558 0.367808
3.643116 0.367808
3.645679 0.367878
3.648244 0.367808
3.650813 0.367738
3.653386 0.367667
3.655962 0.367667
3.658543 0.367738
3.661126 0.367878
3.663713 0.367738
3.666304 0.367597
3.668898 0.367738
3.671497 0.367878
3.674099 0.367878
3.676705 0.367738
3.679314 0.367738
3.681927 0.367808
3.684544 0.367667
3.687165 0.367738
3.689789 0.367738
3.692417 0.367667
3.695049 0.367667
3.697685 0.367667
3.700324 0.367597
3.702967 0.367527
3.705615 0.367456
3.708265 0.367386
3.71092 0.367527
3.713578 0.367667
3.71624 0.367597
3.718906 0.367527
3.721576 0.367527
3.724249 0.367527
3.726926 0.367527
3.729607 0.367527
3.732292 0.367386
3.734981 0.367386
3.737674 0.367386
3.740371 0.367386
3.743071 0.367246
3.745776 0.367246
3.748485 0.367316
3.751197 0.367175
3.753913 0.367035
3.756634 0.367105
3.759358 0.367105
3.762086 0.366964
3.764818 0.366824
3.767554 0.366753
3.770293 0.366753
3.773037 0.366683
3.775785 0.366402
3.778537 0.366121
3.781293 0.36598
3.784053 0.36591
3.786817 0.365699
3.789586 0.365488
3.792358 0.365136
3.795134 0.364714
3.797915 0.364363
3.800699 0.364011
3.803488 0.363449
3.80628 0.363097
3.809077 0.362816
3.811877 0.362464
3.814683 0.361831
3.817492 0.361339
3.820305 0.360988
3.823123 0.360566
3.825944 0.360144
3.82877 0.359722
3.8316 0.359089
3.834434 0.358738
3.837271 0.358456
3.840113 0.358175
3.84296 0.357824
3.845811 0.357542
3.848666 0.35712
3.851525 0.356769
3.854389 0.356347
3.857257 0.356206
3.86013 0.355995
3.863006 0.355784
3.865887 0.355574
3.868772 0.355363
3.871661 0.355081
3.874554 0.3548
3.877452 0.354449
3.880355 0.354238
3.883262 0.354027
3.886173 0.353956
3.889088 0.353675
3.892008 0.353394
3.894932 0.352972
3.897861 0.35262
3.900793 0.352409
3.903731 0.352199
3.906672 0.351917
3.909618 0.351636
3.912569 0.351355
3.915524 0.351214
3.918483 0.350792
3.921447 0.35023
3.924416 0.349667
3.927389 0.349316
3.930367 0.348964
3.933349 0.348472
3.936336 0.347839
3.939327 0.346995
3.942322 0.346011
3.945323 0.344816
3.948327 0.34362
3.951337 0.342636
3.954351 0.341722
3.95737 0.340667
3.960393 0.339683
3.963421 0.33898
3.966453 0.338347
3.96949 0.337855
3.972532 0.337362
3.975579 0.337081
3.978629 0.337011
3.981685 0.33687
3.984745 0.337011
3.98781 0.337433
3.99088 0.338066
3.993955 0.338628
3.997034 0.339191
4.000118 0.339823
4.003208 0.340245
4.006302 0.340527
4.0094 0.340808
4.012504 0.340948
4.015612 0.341089
4.018724 0.34123
4.021842 0.341441
4.024965 0.341652
4.028091 0.342003
4.031223 0.342425
4.03436 0.342777
4.037502 0.343058
4.040649 0.343339
4.043801 0.34362
4.046958 0.343691
4.050119 0.343831
4.053287 0.343761
4.056458 0.343691
4.059635 0.34348
4.062816 0.34348
4.066003 0.343409
4.069194 0.343198
4.072391 0.343128
4.075593 0.342987
4.078799 0.342706
4.082011 0.342425
4.085227 0.342284
4.088449 0.342144
4.091676 0.341933
4.094908 0.341722
4.098145 0.341441
4.101388 0.34123
4.104634 0.341019
4.107887 0.340808
4.111144 0.340386
4.114407 0.340105
4.117675 0.339823
4.120948 0.339753
4.124227 0.339612
4.12751 0.339472
4.130799 0.33912
4.134094 0.338769
4.137393 0.338558
4.140697 0.338417
4.144008 0.338066
4.147323 0.337714
4.150643 0.337573
4.153969 0.337433
4.157301 0.337151
4.160638 0.33687
4.16398 0.336519
4.167327 0.336378
4.17068 0.336097
4.174038 0.335745
4.177401 0.335394
4.18077 0.335253
4.184143 0.334901
4.187523 0.334691
4.190908 0.33448
4.194299 0.334198
4.197695 0.333847
4.201097 0.333495
4.204504 0.333003
4.207917 0.332722
4.211336 0.33223
4.214759 0.331597
4.218189 0.331034
4.221624 0.330472
4.225064 0.32998
4.22851 0.329487
4.231962 0.329136
4.23542 0.328855
4.238883 0.328644
4.242352 0.328573
4.245827 0.328503
4.249307 0.328503
4.252793 0.328644
4.256284 0.328644
4.259782 0.328151
4.263285 0.327378
4.266792 0.326815
4.270307 0.326464
4.273828 0.326183
4.277354 0.325901
4.280886 0.32555
4.284424 0.325339
4.287968 0.325198
4.291517 0.325058
4.295074 0.324847
4.298635 0.324636
4.302202 0.324495
4.305776 0.324354
4.309355 0.324144
4.31294 0.324003
4.316531 0.323651
4.320128 0.32344
4.323732 0.3233
4.327342 0.323019
4.330956 0.322808
4.334578 0.322526
4.338205 0.322175
4.341838 0.321823
4.345478 0.321542
4.349123 0.321331
4.352774 0.320979
4.356431 0.320628
4.360096 0.320347
4.363765 0.319995
4.367442 0.319503
4.371124 0.319222
4.374813 0.31887
4.378508 0.318448
4.38221 0.318026
4.385918 0.317604
4.389631 0.317183
4.393351 0.316761
4.397078 0.316409
4.40081 0.315987
4.404549 0.315495
4.408295 0.315003
4.412045 0.314511
4.415803 0.313948
4.419568 0.313456
4.423338 0.312823
4.427116 0.31219
4.4309 0.311698
4.43469 0.311136
4.438487 0.310503
4.442291 0.3098
4.446101 0.309167
4.449917 0.308534
4.45374 0.307901
4.45757 0.307268
4.461406 0.306565
4.465249 0.305792
4.469098 0.304948
4.472954 0.304104
4.476817 0.303401
4.480686 0.302487
4.484562 0.301643
4.488445 0.3008
4.492334 0.299886
4.496231 0.298901
4.500134 0.297987
4.504043 0.297003
4.507959 0.296089
4.511883 0.294964
4.515813 0.293768
4.51975 0.292643
4.523694 0.291518
4.527645 0.290112
4.531602 0.288776
4.535568 0.28737
4.539539 0.285964
4.543518 0.284346
4.547503 0.28287
4.551496 0.281393
4.555496 0.279846
4.559502 0.278159
4.563516 0.276401
4.567537 0.274643
4.571565 0.272885
4.5756 0.271057
4.579642 0.269229
4.583691 0.267401
4.587747 0.265432
4.591811 0.263393
4.595881 0.261354
4.599958 0.259315
4.604044 0.257346
4.608136 0.255307
4.612236 0.253198
4.616343 0.251088
4.620458 0.24919
4.624579 0.247151
4.628708 0.244971
4.632845 0.243002
4.636989 0.241033
4.64114 0.238994
4.645299 0.237096
4.649466 0.235127
4.653639 0.233158
4.65782 0.23126
4.662009 0.229502
4.666206 0.227744
4.67041 0.225916
4.674621 0.224229
4.67884 0.222752
4.683066 0.221275
4.687301 0.219729
4.691543 0.218041
4.695792 0.216494
4.700048 0.215018
4.704313 0.213541
4.708586 0.212064
4.712867 0.210658
4.717155 0.209182
4.721451 0.207775
4.725755 0.206299
4.730067 0.204963
4.734388 0.203557
4.738715 0.20215
4.743051 0.200814
4.747394 0.199408
4.751746 0.198002
4.756105 0.196666
4.760472 0.19533
4.764848 0.193924
4.769232 0.192517
4.773623 0.191322
4.778023 0.189916
4.782431 0.18851
4.786847 0.187174
4.791271 0.185978
4.795703 0.184853
4.800144 0.183517
4.804591 0.182252
4.809048 0.181056
4.813513 0.179791
4.817986 0.178595
4.822468 0.17733
4.826958 0.176064
4.831457 0.174728
4.835964 0.173392
4.84048 0.172197
4.845004 0.170931
4.849536 0.169666
4.854077 0.16847
4.858626 0.167134
4.863184 0.165728
4.867751 0.164462
4.872326 0.163126
4.876908 0.161791
4.8815 0.160455
4.886101 0.159189
4.89071 0.157853
4.895329 0.156587
4.899956 0.155322
4.904591 0.154056
4.909236 0.152931
4.91389 0.151665
4.918552 0.15054
4.923223 0.149486
4.927903 0.148431
4.932591 0.147376
4.937289 0.146392
4.941996 0.145408
4.946712 0.144353
4.951437 0.143439
4.956171 0.142595
4.960914 0.141751
4.965665 0.140978
4.970426 0.140134
4.975196 0.13929
4.979976 0.138587
4.984764 0.137814
4.989561 0.13697
4.994367 0.136267
4.999184 0.135564
5.004009 0.135001
5.008844 0.134439
5.013688 0.133876
5.018541 0.133173
5.023404 0.132611
5.028277 0.132189
5.033159 0.131837
5.038051 0.131345
5.042951 0.130782
5.047862 0.130431
5.052782 0.129939
5.057711 0.129517
5.06265 0.129095
5.0676 0.128743
5.072558 0.128392
5.077527 0.12797
5.082504 0.127548
5.087492 0.127337
5.09249 0.127126
5.097497 0.126986
5.102514 0.126845
5.10754 0.126493
5.112577 0.126353
5.117624 0.126282
5.122681 0.126071
5.127748 0.12579
5.132825 0.125579
5.137912 0.125368
5.143009 0.125157
5.148117 0.124946
5.153234 0.125017
5.158362 0.124946
5.1635 0.124876
5.168648 0.124665
5.173806 0.124525
5.178975 0.124384
5.184154 0.124173
5.189344 0.123892
5.194544 0.12361
5.199754 0.123259
5.204975 0.123048
5.210206 0.122556
5.215447 0.122064
5.2207 0.121993
5.225963 0.121712
5.231235 0.12129
5.236519 0.120728
5.241814 0.120235
5.247119 0.119673
5.252435 0.11904
5.257762 0.118407
5.2631 0.117845
5.268449 0.117212
5.273809 0.116439
5.27918 0.115735
5.284561 0.115173
5.289953 0.11454
5.295357 0.114048
5.300771 0.113556
5.306197 0.113064
5.311634 0.112712
5.31708 0.11229
5.322538 0.111868
5.328009 0.111587
5.33349 0.111165
5.338983 0.110673
5.344487 0.109759
5.350003 0.108915
5.355529 0.108774
5.361069 0.108634
5.366619 0.108142
5.37218 0.107438
5.377753 0.106665
5.383337 0.106032
5.388933 0.10547
5.394541 0.104556
5.40016 0.103712
5.405792 0.102727
5.411435 0.101813
5.417089 0.100477
5.422756 0.099212
5.428434 0.09886
5.434124 0.098157
5.439826 0.097173
5.44554 0.096329
5.451264 0.095345
5.457003 0.094149
5.462753 0.092884
5.468515 0.09204
5.47429 0.091196
5.480077 0.090282
5.485876 0.089649
5.491687 0.088735
5.497512 0.08768
5.503348 0.086766
5.509196 0.085993
5.515058 0.085009
5.520931 0.083954
5.526816 0.08311
5.532715 0.082477
5.538626 0.081634
5.544551 0.080509
5.550487 0.079384
5.556436 0.07861
5.562398 0.078118
5.568373 0.077626
5.57436 0.076782
5.58036 0.07636
5.586374 0.076641
5.592398 0.076641
5.598437 0.076149
5.604489 0.075868
5.610555 0.075868
5.616633 0.075657
5.622725 0.075516
5.62883 0.075235
5.634949 0.074532
5.641082 0.073688
5.647227 0.073829
5.653385 0.073829
5.659557 0.073618
5.665742 0.073548
5.671941 0.073055
5.678154 0.072844
5.68438 0.072704
5.69062 0.072282
5.696874 0.072212
5.703141 0.07186
5.709422 0.071087
5.715717 0.070946
5.722026 0.070946
5.728348 0.070946
5.734685 0.070876
5.741033 0.070594
5.747398 0.070243
5.753777 0.070454
5.76017 0.069751
5.766577 0.068766
5.772999 0.069469
5.779435 0.070032
5.785885 0.070173
5.792351 0.070032
5.798831 0.069821
5.805324 0.069751
5.811832 0.069399
5.818355 0.068204
5.824893 0.067922
5.831445 0.068415
5.838012 0.068837
5.844594 0.068977
5.851191 0.068696
5.857803 0.068204
5.864429 0.067852
5.871071 0.067641
5.877727 0.066376
5.884399 0.066305
5.891086 0.066587
5.897785 0.066376
5.904502 0.06729
5.911235 0.067501
5.917983 0.067219
5.924747 0.067008
5.931525 0.065883
5.93832 0.065251
5.94513 0.066165
5.951957 0.066446
5.958798 0.066376
5.965655 0.065672
5.972528 0.065462
5.979417 0.065462
5.986322 0.064899
5.993242 0.064899
6.000179 0.065251
6.00713 0.064829
6.014098 0.064337
6.021083 0.064407
6.028085 0.064266
6.035102 0.063704
6.042136 0.062016
6.049186 0.06054
6.056253 0.061594
6.063337 0.061946
6.070437 0.060961
6.077554 0.060891
6.084687 0.061172
6.091837 0.060961
6.099004 0.060469
6.106188 0.059485
6.113389 0.058641
6.120608 0.058993
6.127842 0.059415
6.135094 0.058993
6.142364 0.05836
6.14965 0.058008
6.156953 0.057586
6.164274 0.057586
6.171613 0.057586
6.178967 0.056883
6.18634 0.056532
6.193731 0.057165
6.201139 0.057376
6.208566 0.057165
6.216011 0.057235
6.223473 0.057376
6.230953 0.057516
6.238452 0.057586
6.245968 0.057727
6.253502 0.057797
6.261055 0.058008
6.268626 0.05836
6.276215 0.058782
6.283823 0.059063
6.291449 0.059274
6.299095 0.059626
6.306758 0.059977
6.31444 0.060469
6.32214 0.060891
6.32986 0.061243
6.337598 0.061102
6.345355 0.061383
6.353131 0.06286
6.360924 0.063563
6.368739 0.063704
6.376572 0.064618
6.384425 0.065532
6.392297 0.066165
6.400189 0.066376
6.4081 0.065391
6.416031 0.065462
6.423983 0.06736
6.431953 0.068485
6.439943 0.06954
6.447953 0.070383
6.455982 0.071016
6.464032 0.071438
6.472102 0.071508
6.480192 0.071508
6.488305 0.070946
6.496436 0.071368
6.504587 0.073196
6.512758 0.073969
6.52095 0.073969
6.529163 0.074813
6.537397 0.075165
6.545651 0.075094
6.553923 0.075024
6.562219 0.074954
6.570536 0.074321
6.578875 0.074743
6.587234 0.075165
6.595614 0.075235
6.604017 0.075587
6.61244 0.075376
6.620886 0.075024
6.629353 0.073618
6.637841 0.072563
6.646351 0.073688
6.654883 0.074391
6.663437 0.073829
6.672013 0.072985
6.680611 0.072423
6.689233 0.072423
6.697875 0.072212
6.70654 0.071227
6.715228 0.070735
6.723937 0.070665
6.73267 0.070524
6.741425 0.070173
6.750203 0.06961
6.759001 0.069188
6.767824 0.068626
6.776671 0.067922
6.785541 0.066868
6.794435 0.066446
6.803351 0.066727
6.812291 0.066376
6.821255 0.065602
6.830244 0.065251
6.839254 0.065321
6.848289 0.064618
6.857347 0.063141
6.86643 0.062579
6.875537 0.063212
6.884668 0.063352
6.893823 0.063001
6.902999 0.062438
6.912203 0.062157
6.921432 0.061876
6.930685 0.061454
6.939963 0.061032
6.949265 0.060329
6.958593 0.059415
6.967947 0.059344
6.977327 0.059344
6.98673 0.058782
6.996159 0.05829
7.005613 0.058008
7.015093 0.057657
7.024599 0.057165
7.03413 0.056532
7.043687 0.055688
7.053272 0.055336
7.062882 0.055196
7.072517 0.054985
7.082179 0.054633
7.091867 0.054141
7.101583 0.053579
7.111324 0.053016
7.121092 0.052524
7.130883 0.051961
7.140706 0.051258
7.150555 0.050696
7.160431 0.050204
7.170335 0.049641
7.180266 0.04936
7.190225 0.049008
7.200211 0.048375
7.210228 0.047883
7.22027 0.047602
7.23034 0.04718
7.240438 0.046618
7.250565 0.046125
7.26072 0.045844
7.270903 0.045352
7.281115 0.04493
7.291358 0.044649
7.301627 0.044227
7.311926 0.043805
7.322253 0.043243
7.33261 0.04261
7.342996 0.042329
7.353412 0.042047
7.363857 0.041696
7.374328 0.041274
7.384833 0.040852
7.395367 0.04043
7.405932 0.040008
7.416527 0.039586
7.427153 0.039235
7.437809 0.038743
7.448495 0.03825
7.459215 0.037758
7.469963 0.037336
7.480742 0.036914
7.491552 0.036563
7.502394 0.036141
7.513267 0.035649
7.524172 0.035086
7.535108 0.034805
7.546078 0.034383
7.557078 0.034032
7.56811 0.03361
7.579175 0.033188
7.590272 0.032766
7.601401 0.032485
7.612564 0.032133
7.623759 0.031782
7.634982 0.0315
7.646243 0.031149
7.657537 0.030867
7.668865 0.030516
7.680227 0.030164
7.691622 0.029883
7.703051 0.029532
7.714513 0.02918
7.726013 0.028899
7.737544 0.028547
7.74911 0.028125
7.76071 0.027914
7.772346 0.027563
7.784016 0.027211
7.795721 0.02686
7.807461 0.026649
7.819234 0.026367
7.831045 0.026086
7.842893 0.025805
7.854775 0.025524
7.866695 0.025102
7.87865 0.02475
7.890642 0.024469
7.90267 0.024328
7.914737 0.024047
7.926839 0.023696
7.938978 0.023485
7.951155 0.023414
7.963368 0.023133
7.97562 0.022852
7.987909 0.022571
8.000236 0.02236
8.012604 0.022219
8.025007 0.022078
8.03745 0.021867
8.04993 0.021727
8.062449 0.021727
8.075007 0.021656
8.087605 0.021516
8.100242 0.021516
8.112914 0.021586
8.12563 0.021656
8.138387 0.021656
8.151183 0.021586
8.16402 0.021446
8.176896 0.021305
8.189815 0.021235
8.202773 0.021094
8.215774 0.020953
8.228815 0.020672
8.241898 0.02032
8.255021 0.02018
8.268188 0.020039
8.281395 0.019828
8.294645 0.019547
8.307939 0.019195
8.321277 0.018844
8.334655 0.018844
8.348077 0.018844
8.361541 0.018985
8.37505 0.018914
8.388601 0.019055
8.402197 0.019195
8.415837 0.019547
8.429516 0.019899
8.443245 0.020391
8.457019 0.020813
8.470837 0.021516
8.484701 0.0225
8.49861 0.023836
8.512566 0.025524
8.526567 0.027422
8.540616 0.029461
8.554709 0.032133
8.56885 0.035086
8.583036 0.03818
8.59727 0.041625
8.611551 0.045633
8.62588 0.050836
8.640257 0.057797
8.654684 0.065954
8.669156 0.074813
8.683678 0.083813
8.698248 0.092391
8.712867 0.099985
8.727534 0.105821
8.742252 0.109829
8.75702 0.112149
8.771832 0.113485
8.786699 0.113696
8.801618 0.113134
8.816586 0.112079
8.831606 0.110603
8.846677 0.108493
8.861799 0.106173
8.876974 0.103782
8.892203 0.101392
8.907482 0.099282
8.922813 0.097384
8.938197 0.096188
8.953634 0.095626
8.969126 0.095345
8.98467 0.095766
9.000268 0.097032
9.015924 0.098931
9.031631 0.101321
9.047393 0.104345
9.06321 0.108001
9.079082 0.11222
9.095011 0.117001
9.110995 0.121923
9.127035 0.127056
9.143127 0.13254
9.159282 0.137954
9.175492 0.143439
9.191761 0.148783
9.208088 0.154126
9.224472 0.1594
9.240915 0.164322
9.257417 0.168752
9.27398 0.1729
9.290601 0.176697
9.307281 0.180072
9.32402 0.182674
9.34082 0.184713
9.35768 0.186259
9.374602 0.187174
9.391585 0.187525
9.408624 0.187525
9.42573 0.186963
9.442899 0.186259
9.460131 0.185556
9.477425 0.184642
9.494783 0.183306
9.512204 0.181549
9.52969 0.179931
9.547244 0.178314
9.564858 0.176275
9.582539 0.174306
9.600284 0.172197
9.618095 0.170228
9.635973 0.16833
9.653916 0.166783
9.671927 0.165447
9.690009 0.164251
9.708156 0.163689
9.72637 0.163689
9.744653 0.164181
9.763004 0.165658
9.781425 0.167767
9.799915 0.170087
9.818476 0.17283
9.837101 0.176064
9.855803 0.179369
9.874576 0.182252
9.89342 0.184924
9.912336 0.187666
9.931326 0.190056
9.950388 0.192236
9.969523 0.193924
9.988736 0.195119
10.008019 0.195892
10.027377 0.196525
10.04681 0.196736
10.066319 0.196385
10.085902 0.195822
10.105563 0.19526
10.1253 0.194697
10.145119 0.194135
10.165011 0.193502
10.184982 0.192799
10.205031 0.192095
10.22516 0.191111
10.245367 0.189564
10.265656 0.188088
10.286023 0.186259
10.306466 0.183377
10.326997 0.180072
10.34761 0.176767
10.368304 0.173041
10.389083 0.168892
10.409945 0.164322
10.43089 0.159962
10.45192 0.155603
10.473039 0.151384
10.49424 0.147447
10.515526 0.143439
10.536899 0.139712
10.558359 0.136407
10.579906 0.133314
10.601542 0.130361
10.623267 0.127407
10.645084 0.124595
10.666988 0.121782
10.688982 0.119462
10.711066 0.117353
10.733243 0.115314
10.755511 0.113626
10.777872 0.112079
10.800325 0.110743
10.822865 0.109618
10.845508 0.108845
10.868244 0.108001
10.891077 0.107298
10.914005 0.106665
10.937031 0.105751
10.960154 0.105048
10.983374 0.104345
11.006698 0.103571
11.030116 0.102446
11.053635 0.10111
11.077253 0.100056
11.100973 0.099071
11.124795 0.098157
11.14872 0.097313
11.172747 0.096188
11.196871 0.095063
11.221107 0.094079
11.245447 0.093095
11.269894 0.09211
11.294447 0.091266
11.319107 0.090423
11.343875 0.089649
11.368752 0.088876
11.393744 0.087891
11.418839 0.086977
11.444047 0.086204
11.469365 0.085149
11.494797 0.084235
11.52034 0.08311
11.545999 0.081915
11.571771 0.080719
11.597663 0.079524
11.623667 0.07861
11.649787 0.077555
11.676025 0.07643
11.702382 0.075376
11.728858 0.074743
11.755454 0.073829
11.782171 0.072985
11.809002 0.072352
11.835962 0.071508
11.863048 0.070594
11.890256 0.069821
11.91759 0.068977
11.94505 0.067993
11.972636 0.067079
12.000351 0.066235
12.028198 0.065532
12.056171 0.064547
12.084274 0.063774
12.112508 0.063141
12.140875 0.062227
12.169374 0.061243
12.198009 0.06054
12.226777 0.059766
12.255688 0.059063
12.28473 0.05843
12.31391 0.058149
12.343228 0.057797
12.372687 0.057305
12.402287 0.057235
12.432029 0.057165
12.461913 0.056813
12.491931 0.056251
12.522105 0.055758
12.552425 0.054915
12.582892 0.054071
12.613507 0.053086
12.644272 0.052383
12.675187 0.05168
12.706254 0.050836
12.737479 0.050344
12.768852 0.049711
12.80038 0.049079
12.832064 0.048235
12.863906 0.047532
12.895905 0.046477
12.928064 0.045282
12.960384 0.044227
12.992874 0.043383
13.025519 0.04268
13.05833 0.041977
13.091305 0.041625
13.124448 0.041555
13.157759 0.041555
13.191238 0.041274
13.22489 0.041133
13.258701 0.041274
13.292698 0.041344
13.326869 0.041133
13.361217 0.040782
13.395742 0.040641
13.430446 0.040219
13.46533 0.039938
13.500397 0.039727
13.535651 0.039516
13.571085 0.039235
13.606705 0.038532
13.642511 0.037969
13.678508 0.037969
13.714694 0.03818
13.751073 0.037618
13.787644 0.036985
13.82442 0.036774
13.861383 0.036422
13.898545 0.036071
13.935907 0.035789
13.97347 0.035016
14.011236 0.034735
14.049208 0.034524
14.087384 0.034313
14.125755 0.033891
14.16435 0.033469
14.203156 0.033188
14.242176 0.032907
14.281411 0.032555
14.320862 0.032485
14.360532 0.032766
14.400422 0.032555
14.440542 0.032063
14.48088 0.031641
14.521442 0.03143
14.562233 0.031289
14.603253 0.031008
14.644506 0.030867
14.685991 0.030657
14.727713 0.030305
14.76966 0.030375
14.811859 0.030446
14.8543 0.030375
14.896984 0.030657
14.939916 0.031078
14.983094 0.031711
15.026524 0.032555
15.070205 0.032696
15.11415 0.032344
15.158343 0.032133
15.202796 0.031782
15.24751 0.031149
15.292488 0.030375
15.337732 0.029672
15.383245 0.029391
15.429028 0.029391
15.475092 0.02911
15.521424 0.028758
15.568036 0.028336
15.614927 0.027703
15.662103 0.027071
15.709563 0.026789
15.757313 0.026297
15.805353 0.025664
15.853672 0.024821
15.902304 0.024188
15.951234 0.023906
16.000465 0.023485
16.050003 0.023063
16.099848 0.022711
16.150003 0.022078
16.200472 0.021305
16.251265 0.020742
16.30237 0.020461
16.353796 0.019828
16.405548 0.019195
16.45763 0.019125
16.510042 0.018563
16.56279 0.01807
16.615877 0.017789
16.669313 0.017719
16.723085 0.017649
16.777206 0.01786
16.831676 0.018703
16.886503 0.019828
16.941689 0.021727
16.997234 0.024047
17.053146 0.027985
17.109409 0.033047
17.166063 0.038953
17.223093 0.046336
17.280504 0.054915
17.338299 0.064547
17.396481 0.075305
17.455055 0.086766
17.514025 0.098579
17.573404 0.111024
17.633179 0.124454
17.693359 0.138025
17.753954 0.151314
17.814964 0.164744
17.876394 0.177822
17.938251 0.189705
18.000536 0.200181
18.063269 0.209674
18.126427 0.217408
18.190027 0.224861
18.254078 0.230838
18.318579 0.235197
18.383539 0.24019
18.448961 0.24476
18.514851 0.247994
18.58119 0.250526
18.648029 0.255026
18.715351 0.259877
18.783159 0.263956
18.851461 0.26944
18.920263 0.275627
18.989569 0.279143
19.059383 0.283362
19.129725 0.287159
19.200575 0.289479
19.271952 0.290745
19.343863 0.290534
19.416311 0.289901
19.489305 0.289268
19.562849 0.287299
19.636951 0.285049
19.711594 0.283784
19.786827 0.281393
19.862638 0.277385
19.939034 0.272885
20.016018 0.270635
20.093599 0.269018
20.171785 0.266346
20.250582 0.263252
20.330009 0.262409
20.410049 0.261635
20.490723 0.26037
20.572035 0.258963
20.653994 0.256151
20.73661 0.254252
20.819889 0.254112
20.903841 0.252705
20.988487 0.252143
21.073807 0.252073
21.159821 0.252705
21.246542 0.253479
21.333977 0.251651
21.422132 0.250244
21.511023 0.248627
21.600651 0.244338
21.691 0.24019
21.782139 0.236533
21.874046 0.232526
21.966734 0.227744
22.060209 0.22226
22.154484 0.217057
22.249567 0.212135
22.34547 0.206791
22.442221 0.201588
22.539797 0.197861
22.638224 0.19526
22.737514 0.193361
22.837679 0.192939
22.93873 0.191392
23.04068 0.187947
23.143541 0.184994
23.247343 0.183658
23.35206 0.183447
23.457727 0.181056
23.564352 0.175923
23.671953 0.171564
23.78054 0.167837
23.890127 0.162986
24.000731 0.161298
24.112324 0.158837
24.224998 0.156517
24.338732 0.155251
24.453537 0.153423
24.569429 0.153142
24.686426 0.153212
