1.60749 0.377898
1.607988 0.378258
1.608487 0.378258
1.608986 0.378258
1.609486 0.378907
1.609986 0.379556
1.610486 0.379267
1.610986 0.379844
1.611487 0.380349
1.611988 0.380349
1.61249 0.380781
1.612991 0.38143
1.613493 0.381863
1.613996 0.382295
1.614498 0.3828
1.615001 0.383232
1.615505 0.383593
1.616008 0.383665
1.616512 0.383665
1.617016 0.384818
1.617521 0.385323
1.618026 0.385179
1.618531 0.385467
1.619036 0.38626
1.619542 0.386404
1.620048 0.386837
1.620554 0.387269
1.621061 0.387702
1.621568 0.387558
1.622076 0.387414
1.622583 0.388207
1.623091 0.388928
1.6236 0.38936
1.624108 0.389937
1.624617 0.390369
1.625127 0.390586
1.625636 0.390874
1.626146 0.391162
1.626656 0.390946
1.627167 0.391162
1.627678 0.391667
1.628189 0.391667
1.628701 0.391739
1.629212 0.392676
1.629725 0.392965
1.630237 0.393397
1.63075 0.393686
1.631263 0.39419
1.631777 0.394839
1.63229 0.394983
1.632804 0.395344
1.633319 0.395199
1.633834 0.395055
1.634349 0.395848
1.634864 0.396281
1.63538 0.396497
1.635896 0.396425
1.636412 0.396713
1.636929 0.397002
1.637446 0.397578
1.637964 0.398155
1.638481 0.398371
1.638999 0.398588
1.639518 0.399237
1.640036 0.399453
1.640555 0.399813
1.641075 0.400246
1.641594 0.400318
1.642114 0.399885
1.642634 0.400246
1.643155 0.401039
1.643676 0.401615
1.644197 0.401832
1.644719 0.401976
1.645241 0.40212
1.645763 0.401976
1.646286 0.40212
1.646809 0.402625
1.647332 0.403562
1.647856 0.404139
1.64838 0.404355
1.648904 0.404355
1.649429 0.404571
1.649953 0.404787
1.650479 0.404787
1.651004 0.404643
1.651531 0.40486
1.652057 0.405869
1.652583 0.406157
1.65311 0.406229
1.653638 0.406446
1.654165 0.406662
1.654693 0.407383
1.655222 0.407887
1.65575 0.407959
1.656279 0.408464
1.656809 0.408176
1.657338 0.408031
1.657868 0.408392
1.658399 0.40868
1.658929 0.408752
1.65946 0.409185
1.659992 0.409401
1.660523 0.409978
1.661055 0.410555
1.661588 0.410843
1.662121 0.410987
1.662654 0.41142
1.663187 0.41142
1.663721 0.411636
1.664255 0.411852
1.664789 0.411924
1.665324 0.412645
1.665859 0.412862
1.666395 0.412717
1.666931 0.413006
1.667467 0.41351
1.668003 0.414087
1.66854 0.41452
1.669077 0.41452
1.669615 0.414736
1.670153 0.415241
1.670691 0.415601
1.671229 0.415673
1.671769 0.415745
1.672308 0.415601
1.672847 0.416034
1.673387 0.417043
1.673928 0.417115
1.674468 0.417043
1.675009 0.417692
1.675551 0.418124
1.676093 0.41834
1.676635 0.418773
1.677177 0.418989
1.67772 0.419133
1.678263 0.419494
1.678806 0.420215
1.67935 0.420359
1.679894 0.420215
1.680439 0.420431
1.680984 0.420864
1.681529 0.420719
1.682074 0.420719
1.682621 0.421008
1.683167 0.421584
1.683714 0.421873
1.68426 0.422089
1.684808 0.42245
1.685356 0.422882
1.685904 0.423026
1.686452 0.423243
1.687001 0.423459
1.68755 0.424252
1.6881 0.424684
1.68865 0.424396
1.6892 0.42454
1.689751 0.425045
1.690302 0.425333
1.690853 0.425622
1.691405 0.425766
1.691957 0.426342
1.692509 0.426991
1.693061 0.426991
1.693615 0.426991
1.694168 0.427496
1.694722 0.428217
1.695276 0.428577
1.695831 0.428649
1.696385 0.428289
1.696941 0.428361
1.697497 0.428938
1.698053 0.429442
1.698609 0.429875
1.699166 0.429875
1.699723 0.429803
1.70028 0.429947
1.700838 0.430235
1.701396 0.43074
1.701955 0.431172
1.702514 0.431605
1.703073 0.431821
1.703633 0.431677
1.704193 0.431821
1.704753 0.43211
1.705314 0.432182
1.705875 0.432254
1.706436 0.432975
1.706998 0.433479
1.707561 0.433912
1.708123 0.433984
1.708686 0.433984
1.70925 0.434128
1.709813 0.434705
1.710377 0.434993
1.710942 0.435354
1.711507 0.435282
1.712072 0.435426
1.712638 0.435786
1.713204 0.436003
1.71377 0.436075
1.714337 0.436291
1.714904 0.436435
1.715471 0.436724
1.716039 0.43694
1.716607 0.437372
1.717176 0.437733
1.717745 0.437805
1.718314 0.437949
1.718884 0.438382
1.719454 0.438237
1.720024 0.438309
1.720595 0.438742
1.721167 0.439247
1.721738 0.439247
1.72231 0.439391
1.722883 0.439463
1.723455 0.439968
1.724029 0.440328
1.724602 0.440616
1.725176 0.440833
1.72575 0.440761
1.726325 0.441193
1.7269 0.441481
1.727476 0.441193
1.728051 0.441481
1.728628 0.441409
1.729204 0.441914
1.729781 0.442563
1.730358 0.442851
1.730936 0.442923
1.731514 0.44314
1.732093 0.443356
1.732672 0.443644
1.733251 0.443572
1.733831 0.443933
1.734411 0.444365
1.734991 0.444581
1.735572 0.445158
1.736153 0.445374
1.736735 0.44523
1.737317 0.445591
1.7379 0.445518
1.738482 0.445879
1.739066 0.446384
1.739649 0.446456
1.740233 0.4466
1.740817 0.446888
1.741402 0.44696
1.741987 0.44696
1.742573 0.447321
1.743159 0.447609
1.743745 0.447897
1.744332 0.448618
1.744919 0.448835
1.745506 0.449195
1.746094 0.449483
1.746683 0.449628
1.747271 0.449628
1.74786 0.449339
1.74845 0.449483
1.74904 0.450276
1.74963 0.450637
1.750221 0.450925
1.750812 0.450997
1.751403 0.451142
1.751995 0.45143
1.752588 0.45179
1.75318 0.452079
1.753773 0.452367
1.754367 0.452439
1.754961 0.452583
1.755555 0.452728
1.75615 0.453232
1.756745 0.453448
1.75734 0.453448
1.757936 0.453304
1.758533 0.453521
1.759129 0.453881
1.759726 0.454241
1.760324 0.454314
1.760922 0.454386
1.76152 0.454674
1.762119 0.455179
1.762718 0.455323
1.763318 0.455611
1.763918 0.455899
1.764518 0.455827
1.765119 0.455899
1.76572 0.45626
1.766322 0.45626
1.766924 0.456188
1.767526 0.456909
1.768129 0.457413
1.768732 0.45763
1.769336 0.457558
1.76994 0.45763
1.770545 0.457413
1.771149 0.457413
1.771755 0.457774
1.77236 0.458206
1.772967 0.458711
1.773573 0.458855
1.77418 0.458783
1.774787 0.458783
1.775395 0.459144
1.776004 0.459288
1.776612 0.459288
1.777221 0.459792
1.777831 0.459937
1.778441 0.460009
1.779051 0.460153
1.779662 0.460441
1.780273 0.460874
1.780884 0.461378
1.781496 0.461667
1.782109 0.46145
1.782721 0.46145
1.783335 0.461667
1.783948 0.462171
1.784562 0.46246
1.785177 0.46246
1.785792 0.46246
1.786407 0.462676
1.787023 0.463181
1.787639 0.463109
1.788256 0.463036
1.788873 0.463325
1.789491 0.463613
1.790108 0.463685
1.790727 0.463974
1.791346 0.46419
1.791965 0.464406
1.792585 0.464334
1.793205 0.464478
1.793825 0.464767
1.794446 0.464911
1.795067 0.465199
1.795689 0.465487
1.796311 0.465704
1.796934 0.466136
1.797557 0.466208
1.79818 0.46628
1.798804 0.466425
1.799429 0.466641
1.800053 0.466929
1.800679 0.467001
1.801304 0.467074
1.801931 0.467218
1.802557 0.467506
1.803184 0.467506
1.803812 0.46765
1.804439 0.468155
1.805068 0.468443
1.805696 0.468587
1.806326 0.46902
1.806955 0.46938
1.807585 0.469525
1.808216 0.469597
1.808847 0.469813
1.809478 0.470029
1.81011 0.470101
1.810742 0.470029
1.811375 0.470245
1.812008 0.470462
1.812641 0.470822
1.813275 0.471327
1.81391 0.471471
1.814545 0.471471
1.81518 0.471471
1.815816 0.471759
1.816452 0.471976
1.817089 0.471976
1.817726 0.472408
1.818363 0.472841
1.819001 0.473057
1.81964 0.472913
1.820279 0.472769
1.820918 0.473273
1.821558 0.473706
1.822199 0.473778
1.822839 0.47421
1.82348 0.474571
1.824122 0.474859
1.824764 0.475076
1.825406 0.475003
1.826049 0.474715
1.826693 0.475148
1.827337 0.475652
1.827981 0.475796
1.828626 0.476013
1.829271 0.475941
1.829917 0.476229
1.830563 0.476662
1.83121 0.476878
1.831857 0.477094
1.832504 0.47731
1.833152 0.477743
1.833801 0.477815
1.83445 0.477599
1.835099 0.477527
1.835749 0.477743
1.836399 0.478103
1.83705 0.47832
1.837701 0.478175
1.838353 0.47868
1.839005 0.478968
1.839658 0.479041
1.840311 0.479473
1.840964 0.479401
1.841618 0.479329
1.842272 0.479761
1.842927 0.479978
1.843583 0.480482
1.844238 0.480915
1.844895 0.481275
1.845551 0.481347
1.846209 0.480699
1.846867 0.48041
1.847525 0.481059
1.848184 0.481492
1.848843 0.481492
1.849502 0.48178
1.850162 0.482068
1.850823 0.482068
1.851484 0.48214
1.852145 0.48214
1.852807 0.48214
1.853469 0.482068
1.854132 0.482213
1.854796 0.482573
1.855459 0.482861
1.856124 0.482717
1.856789 0.482861
1.857454 0.48315
1.85812 0.483654
1.858786 0.483726
1.859453 0.483294
1.86012 0.483438
1.860788 0.484159
1.861456 0.484519
1.862124 0.484303
1.862794 0.484231
1.863463 0.484375
1.864133 0.484447
1.864804 0.484519
1.865475 0.484736
1.866146 0.484736
1.866818 0.484591
1.867491 0.484231
1.868164 0.484447
1.868837 0.484664
1.869511 0.48488
1.870185 0.484375
1.87086 0.483798
1.871536 0.484303
1.872212 0.484231
1.872888 0.483654
1.873565 0.484159
1.874242 0.484591
1.87492 0.484087
1.875599 0.483654
1.876277 0.483654
1.876957 0.483726
1.877637 0.483798
1.878317 0.483654
1.878998 0.48351
1.879679 0.48351
1.880361 0.483366
1.881043 0.48315
1.881726 0.48315
1.882409 0.482861
1.883093 0.482213
1.883777 0.481636
1.884462 0.481636
1.885147 0.481347
1.885833 0.480554
1.886519 0.480122
1.887206 0.48005
1.887893 0.479906
1.888581 0.479257
1.889269 0.478608
1.889958 0.478175
1.890647 0.477887
1.891337 0.477094
1.892027 0.476301
1.892718 0.475724
1.893409 0.475292
1.894101 0.474931
1.894793 0.47421
1.895486 0.473634
1.896179 0.473201
1.896873 0.472697
1.897568 0.471976
1.898262 0.471255
1.898958 0.470318
1.899654 0.469525
1.90035 0.46938
1.901047 0.468948
1.901744 0.468299
1.902442 0.467578
1.90314 0.467146
1.903839 0.466713
1.904539 0.465632
1.905239 0.464911
1.905939 0.464767
1.90664 0.46419
1.907342 0.464046
1.908044 0.463902
1.908746 0.463325
1.909449 0.462604
1.910153 0.46246
1.910857 0.462388
1.911561 0.462243
1.912266 0.462171
1.912972 0.461667
1.913678 0.461378
1.914385 0.461595
1.915092 0.461523
1.9158 0.461306
1.916508 0.461018
1.917217 0.461018
1.917926 0.461018
1.918636 0.46109
1.919346 0.460802
1.920057 0.460441
1.920768 0.460153
1.92148 0.460585
1.922193 0.460946
1.922906 0.46109
1.92362 0.460946
1.924333 0.461018
1.925048 0.461306
1.925763 0.461667
1.926479 0.461811
1.927195 0.461811
1.927912 0.461739
1.928629 0.461739
1.929346 0.462099
1.930065 0.462388
1.930784 0.462748
1.931503 0.462964
1.932223 0.463036
1.932943 0.463181
1.933664 0.463253
1.934386 0.463397
1.935108 0.463902
1.93583 0.464118
1.936554 0.464478
1.937277 0.464695
1.938002 0.464767
1.938726 0.465271
1.939452 0.465632
1.940177 0.465776
1.940904 0.465776
1.941631 0.466208
1.942358 0.466569
1.943086 0.466929
1.943815 0.466857
1.944544 0.46729
1.945274 0.467866
1.946004 0.468227
1.946735 0.468299
1.947466 0.468659
1.948198 0.468732
1.94893 0.468876
1.949663 0.469525
1.950397 0.469885
1.951131 0.469813
1.951865 0.470029
1.952601 0.47039
1.953336 0.470966
1.954073 0.471399
1.954809 0.471687
1.955547 0.471615
1.956285 0.471831
1.957023 0.472192
1.957762 0.472697
1.958502 0.472985
1.959242 0.473273
1.959983 0.473634
1.960724 0.473706
1.961466 0.473562
1.962208 0.474066
1.962951 0.474715
1.963695 0.475003
1.964439 0.47522
1.965183 0.475436
1.965929 0.475796
1.966674 0.475941
1.967421 0.476229
1.968168 0.476734
1.968915 0.47695
1.969663 0.47695
1.970412 0.47731
1.971161 0.477455
1.971911 0.477599
1.972661 0.478103
1.973413 0.47868
1.974164 0.478824
1.974916 0.478824
1.975669 0.479329
1.976422 0.479689
1.977176 0.479978
1.97793 0.480194
1.978685 0.480554
1.97944 0.480699
1.980196 0.480771
1.980953 0.481275
1.98171 0.481636
1.982468 0.481708
1.983226 0.481996
1.983986 0.482285
1.984745 0.482573
1.985505 0.482573
1.986266 0.483078
1.987027 0.483366
1.987789 0.483438
1.988552 0.483654
1.989315 0.484087
1.990078 0.484375
1.990842 0.484736
1.991607 0.485024
1.992373 0.48524
1.993139 0.485312
1.993905 0.485745
1.994673 0.486033
1.99544 0.486394
1.996209 0.486754
1.996978 0.487187
1.997747 0.487475
1.998517 0.487403
1.999288 0.487619
2.000059 0.488052
2.000831 0.48834
2.001604 0.48834
2.002377 0.488556
2.003151 0.488989
2.003925 0.489494
2.0047 0.489782
2.005476 0.489926
2.006252 0.490287
2.007029 0.490575
2.007806 0.490647
2.008584 0.491008
2.009362 0.491512
2.010141 0.491873
2.010921 0.491801
2.011701 0.491801
2.012482 0.492305
2.013264 0.492593
2.014046 0.49281
2.014829 0.493026
2.015612 0.493531
2.016396 0.493747
2.01718 0.494035
2.017966 0.49454
2.018752 0.495261
2.019538 0.495477
2.020325 0.495549
2.021113 0.49591
2.021901 0.496342
2.02269 0.496414
2.023479 0.496558
2.02427 0.496847
2.02506 0.497279
2.025852 0.497424
2.026644 0.497712
2.027436 0.498072
2.028229 0.498361
2.029023 0.498649
2.029818 0.498721
2.030613 0.499082
2.031409 0.499514
2.032204 0.499658
2.033001 0.500091
2.033799 0.500235
2.034597 0.500307
2.035396 0.500523
2.036195 0.500812
2.036996 0.501028
2.037796 0.501316
2.038598 0.501316
2.0394 0.501389
2.040203 0.501749
2.041006 0.502182
2.04181 0.502542
2.042614 0.502902
2.043419 0.503191
2.044225 0.503335
2.045032 0.503335
2.045839 0.503407
2.046646 0.503335
2.047455 0.503551
2.048264 0.503984
2.049073 0.5042
2.049883 0.504272
2.050694 0.504344
2.051505 0.5042
2.052317 0.504416
2.05313 0.504705
2.053944 0.505209
2.054758 0.50557
2.055573 0.505498
2.056388 0.505714
2.057204 0.506002
2.058021 0.506074
2.058838 0.506291
2.059656 0.506291
2.060475 0.506363
2.061294 0.506795
2.062114 0.506939
2.062935 0.506867
2.063756 0.507156
2.064577 0.507516
2.0654 0.507444
2.066223 0.507444
2.067047 0.507732
2.067871 0.507732
2.068696 0.507949
2.069522 0.508165
2.070349 0.508525
2.071176 0.508598
2.072004 0.508814
2.072833 0.50903
2.073662 0.508886
2.074492 0.508958
2.075322 0.508958
2.076153 0.50903
2.076985 0.509246
2.077817 0.509391
2.07865 0.509463
2.079484 0.509823
2.080319 0.510039
2.081154 0.510039
2.08199 0.510111
2.082826 0.509967
2.083663 0.510328
2.084501 0.510616
2.08534 0.510616
2.086179 0.510832
2.087018 0.510904
2.087859 0.510832
2.0887 0.510904
2.089542 0.511049
2.090385 0.511193
2.091228 0.511049
2.092072 0.510976
2.092917 0.511265
2.093762 0.511337
2.094608 0.511553
2.095454 0.51177
2.096302 0.51177
2.09715 0.511842
2.097999 0.511986
2.098848 0.51213
2.099698 0.512202
2.100549 0.512346
2.1014 0.512274
2.102252 0.512418
2.103105 0.512563
2.103959 0.512779
2.104813 0.513139
2.105668 0.513355
2.106524 0.513283
2.10738 0.513428
2.108237 0.513572
2.109094 0.513644
2.109953 0.513572
2.110812 0.513716
2.111672 0.51386
2.112532 0.514004
2.113394 0.514221
2.114255 0.514437
2.115118 0.514437
2.115981 0.514509
2.116845 0.514653
2.11771 0.514581
2.118576 0.514581
2.119442 0.514725
2.120309 0.514869
2.121176 0.515014
2.122045 0.515014
2.122913 0.514942
2.123783 0.515086
2.124654 0.515302
2.125525 0.515374
2.126396 0.515446
2.127269 0.515518
2.128142 0.515518
2.129016 0.515734
2.129891 0.516095
2.130766 0.516023
2.131642 0.515879
2.132519 0.515879
2.133397 0.516023
2.134275 0.516239
2.135154 0.516239
2.136034 0.516167
2.136914 0.516383
2.137795 0.516455
2.138677 0.516744
2.13956 0.51696
2.140444 0.517176
2.141328 0.517248
2.142213 0.517248
2.143099 0.517176
2.143985 0.517104
2.144872 0.517248
2.14576 0.517248
2.146648 0.51732
2.147537 0.517393
2.148427 0.51732
2.149318 0.517537
2.150209 0.517969
2.151101 0.518041
2.151994 0.517969
2.152888 0.518258
2.153783 0.518546
2.154678 0.518618
2.155574 0.518618
2.15647 0.518979
2.157368 0.519123
2.158266 0.519123
2.159165 0.519267
2.160064 0.519411
2.160964 0.519411
2.161865 0.519411
2.162767 0.519483
2.16367 0.519699
2.164573 0.52006
2.165478 0.52006
2.166383 0.520132
2.167288 0.520204
2.168195 0.520637
2.169102 0.520925
2.17001 0.520925
2.170919 0.520853
2.171828 0.521069
2.172739 0.521069
2.17365 0.521213
2.174561 0.521358
2.175474 0.521213
2.176387 0.521358
2.177301 0.521646
2.178216 0.522006
2.179132 0.522078
2.180048 0.522223
2.180965 0.522151
2.181883 0.52179
2.182801 0.521862
2.183721 0.521862
2.184641 0.521862
2.185562 0.521934
2.186484 0.521934
2.187407 0.521862
2.18833 0.522006
2.189254 0.522223
2.190179 0.522223
2.191105 0.521934
2.192032 0.52179
2.192959 0.52179
2.193887 0.521934
2.194816 0.522006
2.195745 0.521934
2.196676 0.522151
2.197607 0.522151
2.198539 0.522006
2.199472 0.521934
2.200405 0.521862
2.201339 0.52179
2.202275 0.521646
2.203211 0.521718
2.204147 0.52179
2.205085 0.521574
2.206023 0.521646
2.206962 0.521718
2.207902 0.521862
2.208843 0.52179
2.209784 0.521862
2.210727 0.521934
2.21167 0.522151
2.212614 0.522367
2.213559 0.522295
2.214504 0.522006
2.215451 0.522151
2.216398 0.522367
2.217346 0.522511
2.218295 0.522727
2.219244 0.522871
2.220195 0.522944
2.221146 0.522944
2.222098 0.522871
2.223051 0.52316
2.224005 0.52352
2.224959 0.523592
2.225914 0.523737
2.226871 0.52352
2.227827 0.523448
2.228785 0.523664
2.229744 0.523881
2.230703 0.524025
2.231663 0.524097
2.232625 0.524169
2.233587 0.524385
2.234549 0.524674
2.235513 0.524746
2.236477 0.52489
2.237442 0.524818
2.238408 0.52489
2.239375 0.525034
2.240343 0.525178
2.241312 0.525178
2.242281 0.52525
2.243252 0.525323
2.244223 0.52525
2.245195 0.52525
2.246168 0.525611
2.247141 0.525683
2.248116 0.525539
2.249091 0.525539
2.250067 0.525467
2.251044 0.525539
2.252022 0.525683
2.253 0.526043
2.25398 0.526332
2.254961 0.526404
2.255942 0.52626
2.256924 0.526404
2.257907 0.526692
2.258891 0.526548
2.259876 0.526404
2.260861 0.526404
2.261847 0.526692
2.262835 0.526908
2.263823 0.526908
2.264812 0.526692
2.265802 0.526836
2.266792 0.527053
2.267784 0.526908
2.268776 0.52662
2.26977 0.526764
2.270764 0.527125
2.271759 0.527197
2.272755 0.527197
2.273752 0.527125
2.27475 0.527269
2.275748 0.527341
2.276747 0.527269
2.277748 0.527269
2.278749 0.527197
2.279751 0.527197
2.280754 0.527485
2.281758 0.527629
2.282763 0.527629
2.283768 0.527557
2.284775 0.527485
2.285782 0.527485
2.286791 0.527485
2.2878 0.527413
2.28881 0.527485
2.289821 0.527557
2.290832 0.527485
2.291845 0.527197
2.292859 0.527269
2.293873 0.527269
2.294889 0.526981
2.295905 0.526836
2.296922 0.526981
2.29794 0.526981
2.29896 0.52662
2.299979 0.526188
2.301001 0.526188
2.302022 0.52626
2.303045 0.526116
2.304068 0.525971
2.305093 0.525827
2.306118 0.525683
2.307145 0.525683
2.308172 0.525611
2.309201 0.525539
2.31023 0.525467
2.31126 0.525106
2.31229 0.52489
2.313322 0.524769
2.314355 0.524769
2.315388 0.524466
2.316423 0.524224
2.317458 0.524285
2.318495 0.524406
2.319532 0.523861
2.32057 0.523558
2.321609 0.52368
2.32265 0.523438
2.323691 0.523195
2.324733 0.523074
2.325776 0.522832
2.32682 0.522772
2.327865 0.522227
2.32891 0.521985
2.329957 0.521864
2.331005 0.521622
2.332053 0.521319
2.333103 0.520896
2.334153 0.520775
2.335205 0.520593
2.336257 0.52023
2.33731 0.519927
2.338365 0.519443
2.33942 0.519262
2.340476 0.518777
2.341533 0.518596
2.342591 0.518596
2.34365 0.518475
2.34471 0.518051
2.345771 0.517809
2.346833 0.517446
2.347896 0.517143
2.34896 0.51678
2.350024 0.516478
2.35109 0.516175
2.352157 0.515993
2.353225 0.515872
2.354293 0.51557
2.355363 0.515025
2.356434 0.514904
2.357505 0.514965
2.358577 0.514723
2.359651 0.514481
2.360726 0.514178
2.361801 0.513875
2.362878 0.513815
2.363955 0.513331
2.365033 0.513149
2.366114 0.512907
2.367194 0.512362
2.368275 0.512181
2.369358 0.512181
2.370441 0.512181
2.371525 0.51206
2.372611 0.511757
2.373697 0.511636
2.374785 0.511394
2.375873 0.510668
2.376962 0.510123
2.378052 0.510063
2.379144 0.509942
2.380236 0.510002
2.38133 0.50976
2.382424 0.509457
2.383519 0.509034
2.384615 0.508913
2.385713 0.508671
2.386811 0.508671
2.387911 0.508429
2.389011 0.508005
2.390113 0.508126
2.391215 0.507884
2.392318 0.5074
2.393423 0.506976
2.394528 0.506552
2.395635 0.50625
2.396743 0.505766
2.397851 0.505705
2.398961 0.505403
2.400071 0.504858
2.401183 0.504313
2.402296 0.50395
2.40341 0.503405
2.404524 0.503224
2.40564 0.502982
2.406757 0.502255
2.407875 0.501771
2.408994 0.501832
2.410113 0.501469
2.411234 0.500924
2.412356 0.500319
2.413479 0.499895
2.414603 0.499472
2.415729 0.498866
2.416855 0.498443
2.417982 0.497959
2.419111 0.497232
2.42024 0.496446
2.421371 0.49578
2.422502 0.49578
2.423635 0.495719
2.424768 0.494933
2.425903 0.494206
2.427038 0.494025
2.428176 0.493964
2.429314 0.493783
2.430453 0.493117
2.431592 0.492512
2.432734 0.491967
2.433876 0.491483
2.435019 0.49118
2.436163 0.491059
2.437308 0.490696
2.438454 0.490515
2.439602 0.490151
2.44075 0.489909
2.4419 0.489546
2.443051 0.488881
2.444203 0.487973
2.445355 0.48767
2.44651 0.487368
2.447665 0.487186
2.448821 0.486762
2.449978 0.486218
2.451137 0.485855
2.452296 0.485431
2.453457 0.485007
2.454618 0.485007
2.455781 0.484644
2.456945 0.483978
2.45811 0.483676
2.459276 0.483676
2.460443 0.483313
2.461612 0.48301
2.462781 0.482405
2.463952 0.482042
2.465123 0.481739
2.466296 0.481437
2.46747 0.481255
2.468645 0.481255
2.469821 0.480892
2.470998 0.480347
2.472176 0.479984
2.473356 0.479803
2.474536 0.479621
2.475718 0.479439
2.476901 0.479016
2.478085 0.478713
2.47927 0.47829
2.480456 0.477926
2.481644 0.477624
2.482832 0.477684
2.484022 0.477321
2.485213 0.47714
2.486404 0.477019
2.487597 0.476534
2.488792 0.47605
2.489987 0.475808
2.491184 0.475808
2.492381 0.475869
2.493581 0.475506
2.494781 0.475264
2.495982 0.475082
2.497184 0.474779
2.498387 0.474537
2.499592 0.474416
2.500798 0.474356
2.502005 0.474235
2.503213 0.473932
2.504422 0.473751
2.505633 0.473387
2.506844 0.473508
2.508057 0.473206
2.509271 0.473145
2.510486 0.472843
2.511703 0.472722
2.51292 0.472419
2.514138 0.472238
2.515358 0.471995
2.516579 0.472056
2.517802 0.472238
2.519025 0.472056
2.52025 0.471995
2.521476 0.472117
2.522703 0.471753
2.523931 0.471753
2.52516 0.471693
2.526391 0.471632
2.527622 0.471451
2.528856 0.471632
2.53009 0.471088
2.531325 0.470301
2.532562 0.47024
2.5338 0.470967
2.535039 0.47018
2.536279 0.469938
2.53752 0.470967
2.538763 0.471209
2.540007 0.471209
2.541252 0.470543
2.542498 0.469454
2.543746 0.470059
2.544994 0.471209
2.546244 0.47139
2.547495 0.470725
2.548748 0.471572
2.550002 0.471511
2.551256 0.470664
2.552513 0.47024
2.553771 0.472238
2.555029 0.473872
2.556289 0.474416
2.55755 0.474477
2.558813 0.473266
2.560076 0.46903
2.561341 0.465762
2.562607 0.466004
2.563875 0.467093
2.565143 0.470603
2.566413 0.474053
2.567684 0.473085
2.568957 0.469514
2.57023 0.470301
2.571505 0.472117
2.572781 0.466972
2.574058 0.468183
2.575337 0.470603
2.576617 0.469151
2.577898 0.471451
2.579181 0.473266
2.580465 0.470422
2.58175 0.469272
2.583036 0.464188
2.584324 0.464067
2.585613 0.468001
2.586903 0.466307
2.588195 0.467275
2.589488 0.469696
2.590782 0.471632
2.592077 0.468969
2.593373 0.455171
2.594671 0.444096
2.595971 0.45505
2.597271 0.467456
2.598573 0.47133
2.599876 0.470119
2.601181 0.467214
2.602487 0.465278
2.603794 0.461404
2.605102 0.455958
2.606412 0.458742
2.607723 0.462978
2.609035 0.463704
2.610349 0.465278
2.611664 0.466549
2.612981 0.46558
2.614299 0.465278
2.615618 0.459226
2.616938 0.455534
2.61826 0.459589
2.619583 0.455171
2.620907 0.455776
2.622233 0.46322
2.62356 0.464673
2.624888 0.461162
2.626217 0.454989
2.627548 0.457471
2.628881 0.454989
2.630215 0.44809
2.63155 0.453416
2.632886 0.456442
2.634224 0.456321
2.635564 0.458621
2.636904 0.458621
2.638246 0.457955
2.63959 0.456926
2.640934 0.455413
2.64228 0.454263
2.643628 0.453839
2.644976 0.450632
2.646327 0.450208
2.647678 0.451358
2.649031 0.451056
2.650386 0.448816
2.651741 0.444398
2.653098 0.443309
2.654457 0.443551
2.655817 0.442704
2.657177 0.44343
2.65854 0.43998
2.659904 0.437681
2.66127 0.437318
2.662637 0.435683
2.664005 0.426182
2.665375 0.418133
2.666745 0.41783
2.668118 0.422006
2.669492 0.412988
2.670867 0.410991
2.672244 0.421219
2.673622 0.421643
2.675002 0.41553
2.676383 0.409176
2.677765 0.408268
2.67915 0.407421
2.680535 0.410265
2.681922 0.408752
2.68331 0.404031
2.6847 0.400763
2.68609 0.397677
2.687483 0.394651
2.688877 0.391383
2.690272 0.387086
2.691669 0.380066
2.693067 0.36893
2.694467 0.362333
2.695868 0.359852
2.69727 0.356705
2.698674 0.351077
2.70008 0.343451
2.701487 0.337338
2.702896 0.334373
2.704306 0.330439
2.705717 0.326808
2.70713 0.322451
2.708544 0.316035
2.70996 0.30841
2.711378 0.305263
2.712797 0.306231
2.714217 0.302963
2.715639 0.297093
2.717062 0.290133
2.718487 0.280873
2.719913 0.268769
2.721341 0.264109
2.72277 0.259449
2.7242 0.250492
2.725633 0.246982
2.727067 0.244077
2.728502 0.238933
2.729939 0.232881
2.731377 0.226889
2.732817 0.220353
2.734258 0.213151
2.735701 0.208733
2.737146 0.204497
2.738592 0.196811
2.740039 0.19088
2.741488 0.188701
2.742939 0.187612
2.744391 0.184889
2.745844 0.181197
2.747299 0.177263
2.748756 0.173874
2.750214 0.170424
2.751674 0.167035
2.753135 0.16298
2.754598 0.157049
2.756062 0.15475
2.757528 0.155415
2.758996 0.154144
2.760465 0.151845
2.761936 0.149121
2.763408 0.148032
2.764882 0.148032
2.766357 0.147185
2.767834 0.145974
2.769313 0.144764
2.770793 0.143493
2.772275 0.143674
2.773758 0.143493
2.775243 0.142585
2.77673 0.141677
2.778218 0.141314
2.779707 0.140406
2.781199 0.139499
2.782691 0.138833
2.784185 0.138349
2.785681 0.136775
2.787179 0.135565
2.788678 0.135686
2.790179 0.135867
2.791682 0.135323
2.793186 0.134718
2.794692 0.134233
2.7962 0.13381
2.797709 0.133144
2.799219 0.132599
2.800731 0.131389
2.802245 0.129755
2.803761 0.129271
2.805278 0.129694
2.806797 0.129573
2.808318 0.12915
2.80984 0.128726
2.811363 0.128302
2.812889 0.127576
2.814416 0.126971
2.815945 0.126487
2.817475 0.125882
2.819007 0.124913
2.82054 0.124308
2.822076 0.123884
2.823613 0.123461
2.825152 0.122916
2.826692 0.122795
2.828234 0.122674
2.829778 0.122553
2.831324 0.12225
2.832871 0.12219
2.83442 0.122069
2.835971 0.122069
2.837523 0.121887
2.839077 0.121827
2.840632 0.121827
2.84219 0.121766
2.843749 0.121645
2.84531 0.121464
2.846872 0.12104
2.848437 0.120737
2.850003 0.120677
2.85157 0.120556
2.85314 0.120132
2.854711 0.119769
2.856283 0.119588
2.857857 0.119588
2.859434 0.119466
2.861012 0.119103
2.862592 0.118498
2.864173 0.118075
2.865757 0.117772
2.867342 0.11753
2.868929 0.117288
2.870517 0.117046
2.872108 0.116743
2.873699 0.11644
2.875293 0.115896
2.876889 0.115654
2.878486 0.115472
2.880085 0.115351
2.881686 0.115109
2.883289 0.114806
2.884893 0.114564
2.886499 0.114383
2.888107 0.11408
2.889717 0.113838
2.891329 0.113657
2.892942 0.113536
2.894558 0.113172
2.896175 0.113112
2.897794 0.11287
2.899415 0.112446
2.901037 0.112083
2.902662 0.112083
2.904288 0.112023
2.905916 0.112023
2.907546 0.11178
2.909178 0.111296
2.910811 0.110873
2.912446 0.110873
2.914083 0.110873
2.915722 0.110873
2.917363 0.110691
2.919006 0.110631
2.92065 0.11057
2.922296 0.110388
2.923944 0.110207
2.925594 0.110267
2.927246 0.110146
2.9289 0.110146
2.930556 0.109965
2.932213 0.109844
2.933873 0.109844
2.935534 0.110025
2.937198 0.109723
2.938863 0.109481
2.94053 0.10942
2.942199 0.10942
2.943869 0.109481
2.945542 0.109602
2.947217 0.10936
2.948893 0.109239
2.950572 0.109239
2.952252 0.109239
2.953934 0.109178
2.955618 0.109239
2.957304 0.10936
2.958992 0.109299
2.960681 0.109299
2.962373 0.10942
2.964067 0.10942
2.965763 0.10942
2.96746 0.10936
2.96916 0.10936
2.970861 0.10936
2.972565 0.10936
2.974271 0.10936
2.975978 0.109541
2.977687 0.10942
2.979398 0.109541
2.981112 0.109723
2.982827 0.109783
2.984544 0.109723
2.986264 0.109783
2.987985 0.109783
2.989709 0.109783
2.991434 0.109844
2.993161 0.109904
2.99489 0.109844
2.996621 0.109965
2.998354 0.110086
3.000089 0.110086
3.001826 0.110086
3.003565 0.110207
3.005306 0.110267
3.00705 0.110267
3.008795 0.110267
3.010542 0.110328
3.012291 0.110449
3.014043 0.110449
3.015796 0.110449
3.017552 0.11057
3.019309 0.110691
3.021069 0.110752
3.02283 0.110812
3.024594 0.111175
3.02636 0.111478
3.028127 0.111599
3.029897 0.111478
3.031669 0.111478
3.033443 0.111599
3.035219 0.111901
3.036998 0.111901
3.038778 0.111901
3.04056 0.111962
3.042344 0.112144
3.04413 0.112204
3.045919 0.112325
3.047709 0.112567
3.049502 0.11293
3.051297 0.113051
3.053094 0.113112
3.054893 0.113112
3.056694 0.113293
3.058498 0.113414
3.060303 0.113596
3.062111 0.113717
3.063921 0.113959
3.065733 0.114201
3.067547 0.114443
3.069363 0.114504
3.071181 0.114625
3.073001 0.114746
3.074824 0.114806
3.076649 0.114927
3.078476 0.11523
3.080305 0.115472
3.082136 0.115775
3.08397 0.116017
3.085805 0.116138
3.087644 0.116138
3.089484 0.116319
3.091326 0.116501
3.093171 0.116925
3.095017 0.117106
3.096866 0.117348
3.098717 0.117651
3.10057 0.117893
3.102426 0.118196
3.104284 0.118438
3.106144 0.11868
3.108006 0.118982
3.109871 0.119224
3.111737 0.119466
3.113606 0.119648
3.115477 0.120011
3.11735 0.120435
3.119226 0.120858
3.121104 0.120979
3.122984 0.121161
3.124866 0.121524
3.126751 0.122129
3.128638 0.122371
3.130527 0.122553
3.132419 0.122856
3.134313 0.1234
3.136209 0.123703
3.138108 0.124127
3.140008 0.124429
3.141912 0.124792
3.143817 0.125276
3.145725 0.12564
3.147635 0.125942
3.149547 0.126366
3.151462 0.12685
3.153378 0.127213
3.155298 0.127455
3.157219 0.127697
3.159143 0.128121
3.16107 0.128666
3.162998 0.12915
3.164929 0.129452
3.166862 0.129876
3.168798 0.13036
3.170736 0.130784
3.172677 0.131328
3.174619 0.131692
3.176565 0.131934
3.178513 0.132297
3.180463 0.132781
3.182415 0.133205
3.18437 0.133568
3.186327 0.13387
3.188287 0.134354
3.190248 0.134839
3.192213 0.135323
3.19418 0.135746
3.196149 0.136231
3.198121 0.136715
3.200095 0.137199
3.202072 0.137501
3.204051 0.137925
3.206032 0.138288
3.208016 0.138651
3.210002 0.139075
3.211991 0.139559
3.213982 0.140043
3.215976 0.140527
3.217972 0.140891
3.219971 0.141254
3.221972 0.141677
3.223976 0.14198
3.225982 0.142283
3.227991 0.142767
3.230002 0.14313
3.232016 0.143614
3.234032 0.143977
3.236051 0.144461
3.238072 0.144703
3.240096 0.145066
3.242123 0.145551
3.244152 0.145914
3.246183 0.146216
3.248217 0.1467
3.250253 0.147064
3.252293 0.147487
3.254334 0.147729
3.256378 0.148092
3.258425 0.148395
3.260474 0.148698
3.262526 0.149182
3.26458 0.149787
3.266638 0.150271
3.268697 0.150634
3.27076 0.150937
3.272825 0.151482
3.274892 0.152087
3.276962 0.152631
3.279035 0.153055
3.28111 0.1536
3.283188 0.154205
3.285269 0.15475
3.287352 0.155355
3.289438 0.1559
3.291526 0.156263
3.293617 0.156807
3.295711 0.157534
3.297807 0.158018
3.299906 0.158381
3.302008 0.158926
3.304113 0.15947
3.30622 0.159954
3.30833 0.160439
3.310443 0.161104
3.312558 0.161709
3.314676 0.162194
3.316797 0.162678
3.31892 0.163222
3.321046 0.163646
3.323175 0.164191
3.325307 0.164796
3.327442 0.165341
3.329579 0.165583
3.331719 0.166006
3.333861 0.166612
3.336007 0.167096
3.338155 0.167519
3.340306 0.168004
3.342458 0.168306
3.344615 0.16873
3.346774 0.169153
3.348936 0.169577
3.351101 0.16988
3.353268 0.170061
3.355439 0.170364
3.357612 0.170666
3.359789 0.170787
3.361968 0.170969
3.364149 0.170969
3.366334 0.170969
3.368521 0.17103
3.370711 0.171272
3.372904 0.171514
3.3751 0.171635
3.3773 0.171937
3.379501 0.1723
3.381706 0.172603
3.383913 0.173329
3.386123 0.173934
3.388336 0.174419
3.390553 0.174963
3.392771 0.175326
3.394992 0.175508
3.397217 0.175629
3.399445 0.17575
3.401675 0.175932
3.403909 0.175932
3.406146 0.175932
3.408385 0.175992
3.410627 0.176174
3.412873 0.176295
3.415121 0.176476
3.417372 0.176839
3.419626 0.177445
3.421884 0.178231
3.424144 0.179139
3.426407 0.179986
3.428673 0.180713
3.430943 0.181499
3.433215 0.182347
3.43549 0.183012
3.437768 0.183618
3.440049 0.184041
3.442333 0.184465
3.444621 0.184768
3.446911 0.185252
3.449204 0.185736
3.4515 0.186099
3.4538 0.186583
3.456102 0.187007
3.458408 0.187491
3.460716 0.188036
3.463028 0.188459
3.465343 0.188822
3.467662 0.189125
3.469983 0.189609
3.472307 0.190275
3.474634 0.191243
3.476965 0.192514
3.479298 0.193725
3.481635 0.194693
3.483975 0.195661
3.486317 0.196751
3.488663 0.197719
3.491012 0.198506
3.493365 0.199232
3.49572 0.199716
3.498079 0.200261
3.500441 0.200866
3.502806 0.201592
3.505175 0.20256
3.507547 0.203529
3.509921 0.204497
3.512299 0.205707
3.514681 0.206857
3.517065 0.208007
3.519453 0.209097
3.521844 0.210246
3.524238 0.211275
3.526636 0.212365
3.529036 0.213272
3.53144 0.21412
3.533848 0.215088
3.536258 0.216056
3.538672 0.216904
3.541089 0.217993
3.543509 0.218961
3.545932 0.219869
3.548359 0.220898
3.55079 0.221927
3.553223 0.222653
3.55566 0.2235
3.558101 0.224348
3.560545 0.225134
3.562992 0.225921
3.565443 0.226768
3.567896 0.227616
3.570354 0.228584
3.572814 0.229492
3.575278 0.230279
3.577746 0.231065
3.580216 0.231973
3.582691 0.23276
3.585169 0.233547
3.58765 0.234333
3.590135 0.23506
3.592623 0.235725
3.595114 0.236512
3.597609 0.237299
3.600107 0.238025
3.602608 0.238691
3.605114 0.239538
3.607622 0.240204
3.610135 0.24087
3.61265 0.241414
3.61517 0.24208
3.617692 0.242746
3.620219 0.243411
3.622749 0.244017
3.625283 0.244682
3.627819 0.245348
3.63036 0.246014
3.632904 0.246558
3.635452 0.247043
3.638003 0.247587
3.640558 0.248253
3.643116 0.248798
3.645679 0.249403
3.648244 0.250069
3.650813 0.250674
3.653386 0.251218
3.655962 0.251703
3.658543 0.252368
3.661126 0.253034
3.663713 0.253579
3.666304 0.254123
3.668898 0.254668
3.671497 0.255334
3.674099 0.256
3.676705 0.256605
3.679314 0.257149
3.681927 0.257755
3.684544 0.258239
3.687165 0.258844
3.689789 0.259389
3.692417 0.259873
3.695049 0.260418
3.697685 0.260902
3.700324 0.261325
3.702967 0.26187
3.705615 0.262536
3.708265 0.26302
3.71092 0.263444
3.713578 0.263807
3.71624 0.264109
3.718906 0.264533
3.721576 0.265017
3.724249 0.26538
3.726926 0.265683
3.729607 0.266046
3.732292 0.266288
3.734981 0.266651
3.737674 0.266893
3.740371 0.267196
3.743071 0.267498
3.745776 0.26774
3.748485 0.268043
3.751197 0.268346
3.753913 0.268467
3.756634 0.268769
3.759358 0.269072
3.762086 0.269375
3.764818 0.269496
3.767554 0.269738
3.770293 0.269919
3.773037 0.27004
3.775785 0.270222
3.778537 0.270524
3.781293 0.270766
3.784053 0.271009
3.786817 0.271251
3.789586 0.271372
3.792358 0.271432
3.795134 0.271735
3.797915 0.271916
3.800699 0.271977
3.803488 0.272158
3.80628 0.272401
3.809077 0.272522
3.811877 0.272643
3.814683 0.272824
3.817492 0.272945
3.820305 0.272945
3.823123 0.273066
3.825944 0.273066
3.82877 0.273066
3.8316 0.273187
3.834434 0.273429
3.837271 0.273429
3.840113 0.273308
3.84296 0.273308
3.845811 0.273248
3.848666 0.273066
3.851525 0.272945
3.854389 0.272824
3.857257 0.272703
3.86013 0.272401
3.863006 0.272219
3.865887 0.272037
3.868772 0.271856
3.871661 0.271553
3.874554 0.271372
3.877452 0.271069
3.880355 0.270706
3.883262 0.270282
3.886173 0.26998
3.889088 0.269496
3.892008 0.269072
3.894932 0.268769
3.897861 0.268406
3.900793 0.268043
3.903731 0.267559
3.906672 0.267075
3.909618 0.266591
3.912569 0.266106
3.915524 0.265562
3.918483 0.264896
3.921447 0.26423
3.924416 0.263625
3.927389 0.26302
3.930367 0.262173
3.933349 0.261567
3.936336 0.260962
3.939327 0.260539
3.942322 0.259994
3.945323 0.259449
3.948327 0.258844
3.951337 0.258057
3.954351 0.257149
3.95737 0.256121
3.960393 0.254729
3.963421 0.253155
3.966453 0.251461
3.96949 0.250008
3.972532 0.2491
3.975579 0.249282
3.978629 0.250432
3.981685 0.252247
3.984745 0.254002
3.98781 0.255213
3.99088 0.255636
3.993955 0.255576
3.997034 0.255092
4.000118 0.254184
4.003208 0.253034
4.006302 0.251763
4.0094 0.250432
4.012504 0.249645
4.015612 0.249524
4.018724 0.25025
4.021842 0.251642
4.024965 0.253397
4.028091 0.255273
4.031223 0.257331
4.03436 0.259328
4.037502 0.261265
4.040649 0.262959
4.043801 0.264714
4.046958 0.266227
4.050119 0.26774
4.053287 0.269193
4.056458 0.270766
4.059635 0.27234
4.062816 0.273914
4.066003 0.275366
4.069194 0.276758
4.072391 0.278029
4.075593 0.279421
4.078799 0.280692
4.082011 0.282023
4.085227 0.283173
4.088449 0.284444
4.091676 0.285594
4.094908 0.286623
4.098145 0.287591
4.101388 0.288499
4.104634 0.289346
4.107887 0.290254
4.111144 0.29092
4.114407 0.291525
4.117675 0.29207
4.120948 0.292675
4.124227 0.293098
4.12751 0.293401
4.130799 0.293643
4.134094 0.293764
4.137393 0.293825
4.140697 0.293825
4.144008 0.293764
4.147323 0.293643
4.150643 0.293461
4.153969 0.293159
4.157301 0.292614
4.160638 0.29207
4.16398 0.291404
4.167327 0.290678
4.17068 0.28983
4.174038 0.288801
4.177401 0.287531
4.18077 0.286078
4.184143 0.284323
4.187523 0.282507
4.190908 0.280389
4.194299 0.277968
4.197695 0.275003
4.201097 0.271674
4.204504 0.267801
4.207917 0.263625
4.211336 0.258844
4.214759 0.253458
4.218189 0.247345
4.221624 0.240628
4.225064 0.233244
4.22851 0.225195
4.231962 0.216662
4.23542 0.207765
4.238883 0.198687
4.242352 0.18967
4.245827 0.180834
4.249307 0.172603
4.252793 0.165159
4.256284 0.158744
4.259782 0.15366
4.263285 0.150211
4.266792 0.14894
4.270307 0.150211
4.273828 0.1536
4.277354 0.158744
4.280886 0.165159
4.284424 0.172543
4.287968 0.180471
4.291517 0.188641
4.295074 0.196569
4.298635 0.204255
4.302202 0.211457
4.305776 0.218296
4.309355 0.224771
4.31294 0.230884
4.316531 0.236452
4.320128 0.241535
4.323732 0.246014
4.327342 0.250129
4.330956 0.2537
4.334578 0.257089
4.338205 0.259933
4.341838 0.262475
4.345478 0.264714
4.349123 0.266833
4.352774 0.268588
4.356431 0.270282
4.360096 0.271614
4.363765 0.272764
4.367442 0.273732
4.371124 0.274458
4.374813 0.274882
4.378508 0.275184
4.38221 0.275184
4.385918 0.275184
4.389631 0.275245
4.393351 0.275608
4.397078 0.276455
4.40081 0.277484
4.404549 0.27821
4.408295 0.278876
4.412045 0.279481
4.415803 0.279966
4.419568 0.280208
4.423338 0.280389
4.427116 0.28045
4.4309 0.280389
4.43469 0.280329
4.438487 0.280268
4.442291 0.279966
4.446101 0.279663
4.449917 0.279239
4.45374 0.278876
4.45757 0.278392
4.461406 0.277968
4.465249 0.277363
4.469098 0.276697
4.472954 0.276032
4.476817 0.275427
4.480686 0.27464
4.484562 0.273853
4.488445 0.272945
4.492334 0.271977
4.496231 0.270766
4.500134 0.269496
4.504043 0.268104
4.507959 0.26653
4.511883 0.264654
4.515813 0.262717
4.51975 0.260357
4.523694 0.257755
4.527645 0.255031
4.531602 0.252489
4.535568 0.250069
4.539539 0.24789
4.543518 0.245772
4.547503 0.243714
4.551496 0.241475
4.555496 0.239296
4.559502 0.237178
4.563516 0.235241
4.567537 0.233728
4.571565 0.232457
4.5756 0.231186
4.579642 0.229915
4.583691 0.228463
4.587747 0.226708
4.591811 0.224529
4.595881 0.222048
4.599958 0.219264
4.604044 0.216117
4.608136 0.212849
4.612236 0.209641
4.616343 0.206615
4.620458 0.204073
4.624579 0.201955
4.628708 0.200382
4.632845 0.199292
4.636989 0.198385
4.64114 0.197416
4.645299 0.196751
4.649466 0.196206
4.653639 0.195903
4.65782 0.195903
4.662009 0.196206
4.666206 0.196569
4.67041 0.196811
4.674621 0.196993
4.67884 0.197053
4.683066 0.196993
4.687301 0.196811
4.691543 0.196569
4.695792 0.196327
4.700048 0.196206
4.704313 0.196327
4.708586 0.196569
4.712867 0.196751
4.717155 0.196751
4.721451 0.196751
4.725755 0.196508
4.730067 0.196085
4.734388 0.195359
4.738715 0.194269
4.743051 0.192817
4.747394 0.191062
4.751746 0.188943
4.756105 0.186704
4.760472 0.184283
4.764848 0.181621
4.769232 0.178776
4.773623 0.175992
4.778023 0.173329
4.782431 0.170727
4.786847 0.168306
4.791271 0.166188
4.795703 0.164493
4.800144 0.163283
4.804591 0.16292
4.809048 0.163828
4.813513 0.165643
4.817986 0.167882
4.822468 0.170061
4.826958 0.172179
4.831457 0.174116
4.835964 0.175992
4.84048 0.177808
4.845004 0.179502
4.849536 0.180834
4.854077 0.181257
4.858626 0.180531
4.863184 0.17926
4.867751 0.178292
4.872326 0.178473
4.876908 0.179684
4.8815 0.181257
4.886101 0.182649
4.89071 0.183497
4.895329 0.183799
4.899956 0.183497
4.904591 0.182649
4.909236 0.181439
4.91389 0.179986
4.918552 0.178473
4.923223 0.176839
4.927903 0.175024
4.932591 0.173027
4.937289 0.170606
4.941996 0.16764
4.946712 0.16407
4.951437 0.159894
4.956171 0.155476
4.960914 0.150937
4.965665 0.146579
4.970426 0.143069
4.975196 0.140951
4.979976 0.140346
4.984764 0.140527
4.989561 0.140648
4.994367 0.140285
4.999184 0.139317
5.004009 0.138228
5.008844 0.137865
5.013688 0.139257
5.018541 0.143251
5.023404 0.15015
5.028277 0.159289
5.033159 0.169517
5.038051 0.179805
5.042951 0.189428
5.047862 0.198264
5.052782 0.206373
5.057711 0.213696
5.06265 0.220172
5.0676 0.225861
5.072558 0.230884
5.077527 0.23506
5.082504 0.238751
5.087492 0.242564
5.09249 0.245953
5.097497 0.248677
5.102514 0.251158
5.10754 0.253337
5.112577 0.255031
5.117624 0.256423
5.122681 0.257452
5.127748 0.25836
5.132825 0.259086
5.137912 0.25951
5.143009 0.259389
5.148117 0.258965
5.153234 0.259268
5.158362 0.258844
5.1635 0.257876
5.168648 0.256484
5.173806 0.255031
5.178975 0.253942
5.184154 0.25376
5.189344 0.254366
5.194544 0.255334
5.199754 0.256242
5.204975 0.257392
5.210206 0.257392
5.215447 0.257694
5.2207 0.258784
5.225963 0.258844
5.231235 0.258299
5.236519 0.257634
5.241814 0.25721
5.247119 0.256665
5.252435 0.256
5.257762 0.255334
5.2631 0.254487
5.268449 0.253639
5.273809 0.25255
5.27918 0.251763
5.284561 0.251037
5.289953 0.249645
5.295357 0.249221
5.300771 0.249282
5.306197 0.248798
5.311634 0.248435
5.31708 0.24795
5.322538 0.247345
5.328009 0.24668
5.33349 0.246316
5.338983 0.245832
5.344487 0.244259
5.350003 0.242685
5.355529 0.243593
5.361069 0.244561
5.366619 0.244924
5.37218 0.245106
5.377753 0.245651
5.383337 0.246195
5.388933 0.246861
5.394541 0.247345
5.40016 0.24795
5.405792 0.248011
5.411435 0.247829
5.417089 0.245772
5.422756 0.244319
5.428434 0.246558
5.434124 0.247406
5.439826 0.24668
5.44554 0.245893
5.451264 0.245106
5.457003 0.243532
5.462753 0.24087
5.468515 0.240204
5.47429 0.239236
5.480077 0.237723
5.485876 0.23742
5.491687 0.236331
5.497512 0.234515
5.503348 0.232639
5.509196 0.230884
5.515058 0.228524
5.520931 0.225921
5.526816 0.223803
5.532715 0.221685
5.538626 0.219082
5.544551 0.215935
5.550487 0.212123
5.556436 0.209036
5.562398 0.206434
5.568373 0.202984
5.57436 0.197658
5.58036 0.19324
5.586374 0.191485
5.592398 0.189004
5.598437 0.186099
5.604489 0.184949
5.610555 0.185312
5.616633 0.185312
5.622725 0.185373
5.62883 0.184162
5.634949 0.180955
5.641082 0.176839
5.647227 0.176053
5.653385 0.17454
5.659557 0.172543
5.665742 0.170364
5.671941 0.166733
5.678154 0.165159
5.68438 0.166067
5.69062 0.166793
5.696874 0.16873
5.703141 0.168972
5.709422 0.167338
5.715717 0.167398
5.722026 0.167459
5.728348 0.166491
5.734685 0.164433
5.741033 0.161588
5.747398 0.15826
5.753777 0.156444
5.76017 0.1513
5.766577 0.145369
5.772999 0.145066
5.779435 0.143674
5.785885 0.14083
5.792351 0.137683
5.798831 0.134052
5.805324 0.130663
5.811832 0.126426
5.818355 0.120314
5.824893 0.116804
5.831445 0.115654
5.838012 0.113959
5.844594 0.111659
5.851191 0.108694
5.857803 0.105365
5.864429 0.102521
5.871071 0.100221
5.877727 0.095319
5.884399 0.093443
5.891086 0.092475
5.897785 0.090296
5.904502 0.090841
5.911235 0.089691
5.917983 0.087693
5.924747 0.085454
5.931525 0.08152
5.93832 0.078979
5.94513 0.079705
5.951957 0.078979
5.958798 0.077345
5.965655 0.074621
5.972528 0.073229
5.979417 0.07214
5.986322 0.069961
5.993242 0.06869
6.000179 0.068327
6.00713 0.066754
6.014098 0.06512
6.021083 0.064393
6.028085 0.063485
6.035102 0.062033
6.042136 0.058886
6.049186 0.056284
6.056253 0.057736
6.063337 0.057918
6.070437 0.056284
6.077554 0.05586
6.084687 0.056223
6.091837 0.055618
6.099004 0.054771
6.106188 0.053258
6.113389 0.051926
6.120608 0.052289
6.127842 0.05241
6.135094 0.051503
6.142364 0.050655
6.14965 0.049929
6.156953 0.048961
6.164274 0.048416
6.171613 0.048174
6.178967 0.046721
6.18634 0.045753
6.193731 0.046177
6.201139 0.046056
6.208566 0.045511
6.216011 0.045208
6.223473 0.044966
6.230953 0.044724
6.238452 0.044361
6.245968 0.044119
6.253502 0.043998
6.261055 0.043877
6.268626 0.043756
6.276215 0.043695
6.283823 0.043635
6.291449 0.043574
6.299095 0.043574
6.306758 0.043574
6.31444 0.043635
6.32214 0.043695
6.32986 0.043574
6.337598 0.042788
6.345355 0.042364
6.353131 0.043453
6.360924 0.043635
6.368739 0.043272
6.376572 0.043514
6.384425 0.043877
6.392297 0.043877
6.400189 0.043393
6.4081 0.041517
6.416031 0.041033
6.423983 0.042364
6.431953 0.042727
6.439943 0.042788
6.447953 0.042788
6.455982 0.042485
6.464032 0.042001
6.472102 0.041154
6.480192 0.040185
6.488305 0.038854
6.496436 0.038491
6.504587 0.039156
6.512758 0.038854
6.52095 0.037886
6.529163 0.037583
6.537397 0.036857
6.545651 0.035949
6.553923 0.03492
6.562219 0.033831
6.570536 0.032439
6.578875 0.031894
6.587234 0.031289
6.595614 0.030563
6.604017 0.029836
6.61244 0.028989
6.620886 0.028021
6.629353 0.026689
6.637841 0.025479
6.646351 0.025539
6.654883 0.025479
6.663437 0.024813
6.672013 0.023966
6.680611 0.02324
6.689233 0.022998
6.697875 0.022695
6.70654 0.021908
6.715228 0.021424
6.723937 0.021121
6.73267 0.020758
6.741425 0.020335
6.750203 0.020032
6.759001 0.019669
6.767824 0.019124
6.776671 0.018519
6.785541 0.017974
6.794435 0.017793
6.803351 0.017853
6.812291 0.017672
6.821255 0.017188
6.830244 0.016764
6.839254 0.016522
6.848289 0.015977
6.857347 0.015312
6.86643 0.015251
6.875537 0.015977
6.884668 0.016825
6.893823 0.017914
6.902999 0.018701
6.912203 0.019124
6.921432 0.019064
6.930685 0.01858
6.939963 0.017853
6.949265 0.017067
6.958593 0.01628
6.967947 0.015977
6.977327 0.015917
6.98673 0.015917
6.996159 0.01628
7.005613 0.017006
7.015093 0.017793
7.024599 0.018519
7.03413 0.019003
7.043687 0.019366
7.053272 0.020032
7.062882 0.020819
7.072517 0.021303
7.082179 0.021848
7.091867 0.022453
7.101583 0.023058
7.111324 0.023482
7.121092 0.024087
7.130883 0.024813
7.140706 0.025418
7.150555 0.026024
7.160431 0.026871
7.170335 0.027658
7.180266 0.028868
7.190225 0.029836
7.200211 0.030623
7.210228 0.031531
7.22027 0.032741
7.23034 0.033831
7.240438 0.03492
7.250565 0.036009
7.26072 0.036978
7.270903 0.037825
7.281115 0.038854
7.291358 0.040004
7.301627 0.041093
7.311926 0.042122
7.322253 0.042969
7.33261 0.043514
7.342996 0.04424
7.353412 0.045148
7.363857 0.046056
7.374328 0.046721
7.384833 0.047448
7.395367 0.048174
7.405932 0.04884
7.416527 0.049445
7.427153 0.05005
7.437809 0.050595
7.448495 0.051079
7.459215 0.05126
7.469963 0.051624
7.480742 0.051987
7.491552 0.052289
7.502394 0.052471
7.513267 0.05235
7.524172 0.05235
7.535108 0.05235
7.546078 0.052229
7.557078 0.052229
7.56811 0.052168
7.579175 0.051866
7.590272 0.051624
7.601401 0.051321
7.612564 0.051079
7.623759 0.050776
7.634982 0.050534
7.646243 0.050353
7.657537 0.04999
7.668865 0.049505
7.680227 0.049021
7.691622 0.048416
7.703051 0.047871
7.714513 0.047448
7.726013 0.046903
7.737544 0.046237
7.74911 0.045632
7.76071 0.045087
7.772346 0.044361
7.784016 0.043756
7.795721 0.043151
7.807461 0.042606
7.819234 0.041819
7.831045 0.041033
7.842893 0.040427
7.854775 0.039943
7.866695 0.039277
7.87865 0.038672
7.890642 0.037946
7.90267 0.03728
7.914737 0.036736
7.926839 0.03613
7.938978 0.035465
7.951155 0.03492
7.963368 0.034254
7.97562 0.033649
7.987909 0.033044
8.000236 0.032439
8.012604 0.031834
8.025007 0.031228
8.03745 0.030623
8.04993 0.030078
8.062449 0.029534
8.075007 0.028868
8.087605 0.028263
8.100242 0.027718
8.112914 0.026992
8.12563 0.026387
8.138387 0.02566
8.151183 0.024934
8.16402 0.024208
8.176896 0.023482
8.189815 0.022634
8.202773 0.021969
8.215774 0.021364
8.228815 0.020819
8.241898 0.020335
8.255021 0.019911
8.268188 0.019427
8.281395 0.019064
8.294645 0.018701
8.307939 0.018217
8.321277 0.017672
8.334655 0.017127
8.348077 0.016704
8.361541 0.01634
8.37505 0.016038
8.388601 0.015917
8.402197 0.015675
8.415837 0.015493
8.429516 0.015312
8.443245 0.015251
8.457019 0.015069
8.470837 0.015069
8.484701 0.015251
8.49861 0.015493
8.512566 0.015675
8.526567 0.015856
8.540616 0.016038
8.554709 0.01628
8.56885 0.016401
8.583036 0.01634
8.59727 0.016038
8.611551 0.015735
8.62588 0.015735
8.640257 0.01634
8.654684 0.017369
8.669156 0.018459
8.683678 0.019608
8.698248 0.02094
8.712867 0.022453
8.727534 0.024329
8.742252 0.02681
8.75702 0.030139
8.771832 0.033891
8.786699 0.03837
8.801618 0.043938
8.816586 0.050474
8.831606 0.057555
8.846677 0.064998
8.861799 0.071898
8.876974 0.077345
8.892203 0.081036
8.907482 0.083276
8.922813 0.084123
8.938197 0.083639
8.953634 0.082307
8.969126 0.080794
8.98467 0.078918
9.000268 0.077224
9.015924 0.075832
9.031631 0.074621
9.047393 0.073592
9.06321 0.072563
9.079082 0.071414
9.095011 0.070203
9.110995 0.068751
9.127035 0.066996
9.143127 0.064454
9.159282 0.060944
9.175492 0.057252
9.191761 0.055981
9.208088 0.058704
9.224472 0.064151
9.240915 0.069235
9.257417 0.072806
9.27398 0.075408
9.290601 0.077284
9.307281 0.078373
9.32402 0.079221
9.34082 0.080128
9.35768 0.080976
9.374602 0.08152
9.391585 0.082005
9.408624 0.082428
9.42573 0.082912
9.442899 0.083215
9.460131 0.083639
9.477425 0.084183
9.494783 0.084789
9.512204 0.085394
9.52969 0.085999
9.547244 0.086725
9.564858 0.087512
9.582539 0.088238
9.600284 0.08848
9.618095 0.087512
9.635973 0.085454
9.653916 0.082912
9.671927 0.080794
9.690009 0.078979
9.708156 0.07686
9.72637 0.07444
9.744653 0.071958
9.763004 0.069659
9.781425 0.068024
9.799915 0.066935
9.818476 0.066148
9.837101 0.065604
9.855803 0.06518
9.874576 0.06512
9.89342 0.065301
9.912336 0.065725
9.931326 0.06633
9.950388 0.067117
9.969523 0.068024
9.988736 0.068932
10.008019 0.06978
10.027377 0.070566
10.04681 0.071414
10.066319 0.072261
10.085902 0.073169
10.105563 0.073955
10.1253 0.074742
10.145119 0.07565
10.165011 0.076437
10.184982 0.076921
10.205031 0.0768
10.22516 0.076134
10.245367 0.074924
10.265656 0.072382
10.286023 0.068024
10.306466 0.061851
10.326997 0.055315
10.34761 0.051503
10.368304 0.053197
10.389083 0.058583
10.409945 0.064454
10.43089 0.06978
10.45192 0.0745
10.473039 0.078131
10.49424 0.080552
10.515526 0.082005
10.536899 0.083276
10.558359 0.084789
10.579906 0.086302
10.601542 0.087693
10.623267 0.088843
10.645084 0.08957
10.666988 0.089812
10.688982 0.089812
10.711066 0.089691
10.733243 0.089509
10.755511 0.089146
10.777872 0.088843
10.800325 0.088722
10.822865 0.088299
10.845508 0.087572
10.868244 0.087149
10.891077 0.086846
10.914005 0.086483
10.937031 0.085938
10.960154 0.085394
10.983374 0.085212
11.006698 0.085212
11.030116 0.085091
11.053635 0.08497
11.077253 0.085091
11.100973 0.085152
11.124795 0.085091
11.14872 0.085091
11.172747 0.08497
11.196871 0.084667
11.221107 0.083639
11.245447 0.082307
11.269894 0.080552
11.294447 0.07801
11.319107 0.074258
11.343875 0.06984
11.368752 0.066148
11.393744 0.063062
11.418839 0.060459
11.444047 0.058583
11.469365 0.05707
11.494797 0.055134
11.52034 0.051987
11.545999 0.048719
11.571771 0.053258
11.597663 0.064635
11.623667 0.074016
11.649787 0.079281
11.676025 0.082005
11.702382 0.083699
11.728858 0.084546
11.755454 0.084607
11.782171 0.084607
11.809002 0.084365
11.835962 0.083699
11.863048 0.082912
11.890256 0.082307
11.91759 0.081944
11.94505 0.081763
11.972636 0.08152
12.000351 0.081097
12.028198 0.080492
12.056171 0.079826
12.084274 0.079221
12.112508 0.078615
12.140875 0.078192
12.169374 0.077587
12.198009 0.076618
12.226777 0.07565
12.255688 0.074924
12.28473 0.073955
12.31391 0.072685
12.343228 0.071474
12.372687 0.070022
12.402287 0.068327
12.432029 0.067056
12.461913 0.066148
12.491931 0.065362
12.522105 0.065059
12.552425 0.065422
12.582892 0.066088
12.613507 0.066451
12.644272 0.066511
12.675187 0.066511
12.706254 0.066269
12.737479 0.065785
12.768852 0.06518
12.80038 0.064696
12.832064 0.064393
12.863906 0.064393
12.895905 0.064514
12.928064 0.064817
12.960384 0.065241
12.992874 0.065604
13.025519 0.065422
13.05833 0.064938
13.091305 0.064635
13.124448 0.064212
13.157759 0.063728
13.191238 0.063243
13.22489 0.062517
13.258701 0.061912
13.292698 0.061367
13.326869 0.060823
13.361217 0.060217
13.395742 0.059854
13.430446 0.059431
13.46533 0.058825
13.500397 0.05816
13.535651 0.057676
13.571085 0.057131
13.606705 0.056526
13.642511 0.055739
13.678508 0.055073
13.714694 0.05465
13.751073 0.054165
13.787644 0.053258
13.82442 0.052289
13.861383 0.051624
13.898545 0.050595
13.935907 0.049324
13.97347 0.048658
14.011236 0.048598
14.049208 0.048113
14.087384 0.047206
14.125755 0.046419
14.16435 0.045632
14.203156 0.044543
14.242176 0.043151
14.281411 0.041759
14.320862 0.040427
14.360532 0.039217
14.400422 0.038491
14.440542 0.038128
14.48088 0.038128
14.521442 0.03837
14.562233 0.03837
14.603253 0.038067
14.644506 0.037583
14.685991 0.037099
14.727713 0.036009
14.76966 0.034981
14.811859 0.033891
14.8543 0.032681
14.896984 0.031591
14.939916 0.030199
14.983094 0.029231
15.026524 0.028263
15.070205 0.026931
15.11415 0.0256
15.158343 0.023905
15.202796 0.02209
15.24751 0.020516
15.292488 0.019185
15.337732 0.018095
15.383245 0.017188
15.429028 0.016764
15.475092 0.01634
15.521424 0.015856
15.568036 0.01513
15.614927 0.014041
15.662103 0.012709
15.709563 0.011559
15.757313 0.010712
15.805353 0.010107
15.853672 0.009441
15.902304 0.008594
15.951234 0.008231
16.000465 0.008291
16.050003 0.009078
16.099848 0.011499
16.150003 0.016704
16.200472 0.024329
16.251265 0.031652
16.30237 0.036917
16.353796 0.041093
16.405548 0.04424
16.45763 0.046661
16.510042 0.048779
16.56279 0.050655
16.615877 0.051381
16.669313 0.050111
16.723085 0.045511
16.777206 0.039338
16.831676 0.03377
16.886503 0.029352
16.941689 0.026447
16.997234 0.025539
17.053146 0.02675
17.109409 0.029655
17.166063 0.034617
17.223093 0.041456
17.280504 0.04654
17.338299 0.04769
17.396481 0.046177
17.455055 0.044845
17.514025 0.044603
17.573404 0.045269
17.633179 0.046177
17.693359 0.047871
17.753954 0.049566
17.814964 0.050353
17.876394 0.050534
17.938251 0.050837
18.000536 0.05126
18.063269 0.05126
18.126427 0.0512
18.190027 0.051926
18.254078 0.05241
18.318579 0.052229
18.383539 0.051926
18.448961 0.051745
18.514851 0.052108
18.58119 0.052289
18.648029 0.051805
18.715351 0.050837
18.783159 0.050413
18.851461 0.050292
18.920263 0.049082
18.989569 0.047266
19.059383 0.047266
19.129725 0.047508
19.200575 0.046903
19.271952 0.045572
19.343863 0.045935
19.416311 0.045995
19.489305 0.044906
19.562849 0.04424
19.636951 0.04424
19.711594 0.04424
19.786827 0.043574
19.862638 0.042848
19.939034 0.041577
20.016018 0.040427
20.093599 0.040669
20.171785 0.04073
20.250582 0.03958
20.330009 0.03837
20.410049 0.038007
20.490723 0.037462
20.572035 0.037583
20.653994 0.037159
20.73661 0.03613
20.819889 0.036009
20.903841 0.03613
20.988487 0.03607
21.073807 0.036615
21.159821 0.036554
21.246542 0.036373
21.333977 0.037825
21.422132 0.038793
21.511023 0.038128
21.600651 0.038309
21.691 0.037886
21.782139 0.037099
21.874046 0.036373
21.966734 0.036978
22.060209 0.036494
22.154484 0.034738
22.249567 0.033347
22.34547 0.033044
22.442221 0.032741
22.539797 0.032439
22.638224 0.030442
22.737514 0.029957
22.837679 0.030321
22.93873 0.029594
23.04068 0.030078
23.143541 0.030018
23.247343 0.029836
23.35206 0.030078
23.457727 0.028626
23.564352 0.028081
23.671953 0.028263
23.78054 0.028142
23.890127 0.028444
24.000731 0.028868
24.112324 0.026871
24.224998 0.027173
24.338732 0.02911
24.453537 0.029655
