1.493132 0.233153
1.493562 0.23285
1.493993 0.233067
1.494423 0.232632
1.494854 0.232415
1.495285 0.232329
1.495717 0.232329
1.496148 0.231721
1.49658 0.230896
1.497012 0.230636
1.497445 0.230375
1.497877 0.230028
1.49831 0.229811
1.498744 0.229203
1.499177 0.228769
1.499611 0.228812
1.500045 0.228509
1.500479 0.228248
1.500913 0.228335
1.501348 0.228031
1.501783 0.227467
1.502218 0.227033
1.502653 0.226859
1.503089 0.226555
1.503525 0.226338
1.503961 0.226425
1.504398 0.226381
1.504834 0.225557
1.505271 0.225296
1.505709 0.225426
1.506146 0.225209
1.506584 0.22547
1.507022 0.22573
1.50746 0.225774
1.507898 0.22547
1.508337 0.225036
1.508776 0.225036
1.509215 0.224992
1.509655 0.224688
1.510094 0.224906
1.510534 0.225209
1.510975 0.224949
1.511415 0.224515
1.511856 0.224558
1.512297 0.224602
1.512738 0.224515
1.51318 0.224775
1.513622 0.224906
1.514064 0.224819
1.514506 0.224645
1.514948 0.224732
1.515391 0.224949
1.515834 0.224732
1.516278 0.224688
1.516721 0.224385
1.517165 0.224298
1.517609 0.224254
1.518054 0.224385
1.518499 0.224558
1.518944 0.224775
1.519389 0.224688
1.519834 0.224688
1.52028 0.224732
1.520726 0.224471
1.521172 0.224385
1.521619 0.224645
1.522065 0.224775
1.522512 0.224732
1.52296 0.224558
1.523407 0.224385
1.523855 0.224124
1.524303 0.22382
1.524751 0.22343
1.5252 0.22356
1.525649 0.224037
1.526098 0.224081
1.526547 0.224124
1.526997 0.223994
1.527447 0.223864
1.527897 0.223864
1.528347 0.223733
1.528798 0.223603
1.529249 0.22369
1.5297 0.223994
1.530152 0.224168
1.530604 0.224037
1.531055 0.22369
1.531508 0.223733
1.53196 0.223907
1.532413 0.223951
1.532866 0.224168
1.53332 0.223994
1.533773 0.223864
1.534227 0.224168
1.534682 0.224558
1.535136 0.224732
1.535591 0.224819
1.536046 0.224732
1.536501 0.224775
1.536956 0.224775
1.537412 0.225036
1.537868 0.2256
1.538324 0.225904
1.538781 0.226468
1.539238 0.226816
1.539695 0.226859
1.540153 0.226946
1.54061 0.227293
1.541068 0.227467
1.541527 0.227944
1.541985 0.228248
1.542444 0.228552
1.542903 0.228639
1.543363 0.228986
1.543822 0.229464
1.544282 0.230288
1.544742 0.230636
1.545203 0.230766
1.545663 0.2312
1.546124 0.23146
1.546586 0.231417
1.547047 0.231591
1.547509 0.232198
1.547971 0.232806
1.548433 0.233153
1.548896 0.233544
1.549359 0.233674
1.549822 0.233891
1.550285 0.234152
1.550749 0.234586
1.551213 0.23489
1.551677 0.235367
1.552142 0.235671
1.552607 0.235715
1.553072 0.236018
1.553537 0.236453
1.554003 0.2368
1.554469 0.237234
1.554935 0.237668
1.555402 0.237798
1.555868 0.237885
1.556336 0.238189
1.556803 0.238536
1.557271 0.238797
1.557738 0.23897
1.558207 0.239535
1.558675 0.239665
1.559144 0.239925
1.559613 0.240359
1.560082 0.240793
1.560552 0.241314
1.561022 0.241531
1.561492 0.241662
1.561963 0.242052
1.562433 0.242139
1.562905 0.242573
1.563376 0.243094
1.563848 0.243311
1.564319 0.243485
1.564792 0.243528
1.565264 0.244179
1.565737 0.244787
1.56621 0.245004
1.566683 0.245351
1.567156 0.245829
1.56763 0.246089
1.568105 0.246654
1.568579 0.246958
1.569054 0.247001
1.569529 0.247175
1.570004 0.247522
1.57048 0.247913
1.570956 0.248173
1.571432 0.248434
1.571908 0.248694
1.572385 0.249172
1.572862 0.249649
1.57334 0.25004
1.573817 0.250561
1.574295 0.250908
1.574773 0.251212
1.575252 0.251863
1.575731 0.252123
1.57621 0.251776
1.576689 0.252037
1.577169 0.252861
1.577649 0.253426
1.578129 0.25386
1.57861 0.254337
1.57909 0.254728
1.579572 0.255075
1.580053 0.255336
1.580535 0.255683
1.581017 0.255987
1.581499 0.256117
1.581982 0.256334
1.582465 0.256638
1.582948 0.256898
1.583431 0.257463
1.583915 0.257853
1.584399 0.258027
1.584884 0.258331
1.585368 0.258895
1.585853 0.259112
1.586339 0.25946
1.586824 0.259894
1.58731 0.259937
1.587796 0.260111
1.588283 0.260675
1.588769 0.261022
1.589256 0.26137
1.589744 0.261717
1.590231 0.261977
1.590719 0.262151
1.591208 0.262411
1.591696 0.262672
1.592185 0.263019
1.592674 0.26341
1.593163 0.263931
1.593653 0.264322
1.594143 0.264408
1.594634 0.264495
1.595124 0.264756
1.595615 0.264973
1.596107 0.26532
1.596598 0.265841
1.59709 0.266145
1.597582 0.266275
1.598075 0.266405
1.598568 0.266535
1.599061 0.266926
1.599554 0.267317
1.600048 0.267577
1.600542 0.267881
1.601036 0.267881
1.60153 0.268011
1.602025 0.268402
1.602521 0.268576
1.603016 0.268793
1.603512 0.269314
1.604008 0.269574
1.604505 0.269531
1.605001 0.269444
1.605498 0.269617
1.605996 0.269878
1.606493 0.269965
1.606991 0.270312
1.60749 0.270616
1.607988 0.270876
1.608487 0.27105
1.608986 0.27131
1.609486 0.271658
1.609986 0.271831
1.610486 0.271918
1.610986 0.271918
1.611487 0.272179
1.611988 0.272309
1.61249 0.272092
1.612991 0.272048
1.613493 0.272526
1.613996 0.27309
1.614498 0.273221
1.615001 0.273221
1.615505 0.273307
1.616008 0.273438
1.616512 0.273481
1.617016 0.273698
1.617521 0.273828
1.618026 0.273915
1.618531 0.273915
1.619036 0.273915
1.619542 0.273958
1.620048 0.274219
1.620554 0.274653
1.621061 0.274566
1.621568 0.274436
1.622076 0.274523
1.622583 0.274827
1.623091 0.275174
1.6236 0.275044
1.624108 0.274827
1.624617 0.275
1.625127 0.275087
1.625636 0.275087
1.626146 0.275434
1.626656 0.275782
1.627167 0.275912
1.627678 0.275912
1.628189 0.275868
1.628701 0.275825
1.629212 0.275868
1.629725 0.276346
1.630237 0.276433
1.63075 0.276606
1.631263 0.276737
1.631777 0.276563
1.63229 0.27665
1.632804 0.276997
1.633319 0.276997
1.633834 0.277084
1.634349 0.277171
1.634864 0.276954
1.63538 0.277041
1.635896 0.277475
1.636412 0.277648
1.636929 0.277518
1.637446 0.277344
1.637964 0.277692
1.638481 0.278213
1.638999 0.278256
1.639518 0.277996
1.640036 0.277909
1.640555 0.277996
1.641075 0.278126
1.641594 0.278343
1.642114 0.278386
1.642634 0.27843
1.643155 0.27869
1.643676 0.278907
1.644197 0.278864
1.644719 0.27869
1.645241 0.278516
1.645763 0.278647
1.646286 0.278864
1.646809 0.279081
1.647332 0.279081
1.647856 0.279037
1.64838 0.279298
1.648904 0.279558
1.649429 0.279602
1.649953 0.279689
1.650479 0.279602
1.651004 0.279732
1.651531 0.279862
1.652057 0.280079
1.652583 0.280253
1.65311 0.280036
1.653638 0.279906
1.654165 0.279732
1.654693 0.279775
1.655222 0.280166
1.65575 0.280557
1.656279 0.28047
1.656809 0.280296
1.657338 0.28047
1.657868 0.2806
1.658399 0.280774
1.658929 0.2806
1.65946 0.280687
1.659992 0.280991
1.660523 0.280991
1.661055 0.280947
1.661588 0.280904
1.662121 0.281121
1.662654 0.281295
1.663187 0.281338
1.663721 0.281338
1.664255 0.281599
1.664789 0.281685
1.665324 0.281512
1.665859 0.281599
1.666395 0.281555
1.666931 0.281599
1.667467 0.281859
1.668003 0.281685
1.66854 0.281382
1.669077 0.281338
1.669615 0.281468
1.670153 0.281859
1.670691 0.282076
1.671229 0.282033
1.671769 0.282163
1.672308 0.28212
1.672847 0.281816
1.673387 0.281859
1.673928 0.28212
1.674468 0.282163
1.675009 0.282337
1.675551 0.282163
1.676093 0.28212
1.676635 0.28212
1.677177 0.282293
1.67772 0.282423
1.678263 0.282293
1.678806 0.282163
1.67935 0.282163
1.679894 0.282423
1.680439 0.28251
1.680984 0.282337
1.681529 0.282337
1.682074 0.282337
1.682621 0.28225
1.683167 0.28238
1.683714 0.28251
1.68426 0.28238
1.684808 0.28225
1.685356 0.28238
1.685904 0.282467
1.686452 0.28251
1.687001 0.28251
1.68755 0.282597
1.6881 0.28238
1.68865 0.28251
1.6892 0.282684
1.689751 0.282554
1.690302 0.282293
1.690853 0.282293
1.691405 0.282423
1.691957 0.282423
1.692509 0.282337
1.693061 0.282206
1.693615 0.282076
1.694168 0.282163
1.694722 0.282293
1.695276 0.282337
1.695831 0.282206
1.696385 0.282033
1.696941 0.282206
1.697497 0.28225
1.698053 0.282163
1.698609 0.282206
1.699166 0.28225
1.699723 0.282206
1.70028 0.282163
1.700838 0.282337
1.701396 0.282293
1.701955 0.28225
1.702514 0.282206
1.703073 0.282206
1.703633 0.282163
1.704193 0.282206
1.704753 0.28212
1.705314 0.282033
1.705875 0.282163
1.706436 0.282033
1.706998 0.281902
1.707561 0.282033
1.708123 0.282033
1.708686 0.281989
1.70925 0.281902
1.709813 0.281772
1.710377 0.281902
1.710942 0.281772
1.711507 0.281685
1.712072 0.281772
1.712638 0.281902
1.713204 0.281989
1.71377 0.281902
1.714337 0.281816
1.714904 0.281859
1.715471 0.281989
1.716039 0.281902
1.716607 0.281946
1.717176 0.282076
1.717745 0.282033
1.718314 0.281816
1.718884 0.281772
1.719454 0.281946
1.720024 0.282033
1.720595 0.281859
1.721167 0.281816
1.721738 0.281772
1.72231 0.281729
1.722883 0.281946
1.723455 0.281989
1.724029 0.281859
1.724602 0.281859
1.725176 0.281946
1.72575 0.281946
1.726325 0.281902
1.7269 0.282033
1.727476 0.282076
1.728051 0.282033
1.728628 0.282033
1.729204 0.28212
1.729781 0.281989
1.730358 0.281989
1.730936 0.281989
1.731514 0.281989
1.732093 0.28225
1.732672 0.28251
1.733251 0.282684
1.733831 0.282597
1.734411 0.282337
1.734991 0.28225
1.735572 0.282206
1.736153 0.282467
1.736735 0.282554
1.737317 0.282554
1.7379 0.28264
1.738482 0.282684
1.739066 0.28264
1.739649 0.282684
1.740233 0.282597
1.740817 0.282727
1.741402 0.282901
1.741987 0.282857
1.742573 0.28251
1.743159 0.282467
1.743745 0.282684
1.744332 0.282771
1.744919 0.282771
1.745506 0.282771
1.746094 0.282944
1.746683 0.28264
1.747271 0.282467
1.74786 0.282857
1.74845 0.283074
1.74904 0.282944
1.74963 0.282857
1.750221 0.28264
1.750812 0.282727
1.751403 0.282771
1.751995 0.282684
1.752588 0.28264
1.75318 0.282727
1.753773 0.282771
1.754367 0.282684
1.754961 0.282727
1.755555 0.282944
1.75615 0.282814
1.756745 0.28264
1.75734 0.282467
1.757936 0.28238
1.758533 0.282423
1.759129 0.28251
1.759726 0.282337
1.760324 0.281946
1.760922 0.281946
1.76152 0.28212
1.762119 0.282076
1.762718 0.281989
1.763318 0.281772
1.763918 0.281382
1.764518 0.281338
1.765119 0.281164
1.76572 0.281034
1.766322 0.280904
1.766924 0.280774
1.767526 0.2806
1.768129 0.280427
1.768732 0.280253
1.769336 0.280079
1.76994 0.279689
1.770545 0.279472
1.771149 0.279428
1.771755 0.279124
1.77236 0.278864
1.772967 0.278603
1.773573 0.278386
1.77418 0.278213
1.774787 0.278082
1.775395 0.278082
1.776004 0.277952
1.776612 0.277735
1.777221 0.277561
1.777831 0.277561
1.778441 0.277561
1.779051 0.277431
1.779662 0.277214
1.780273 0.277171
1.780884 0.277301
1.781496 0.277388
1.782109 0.277388
1.782721 0.277344
1.783335 0.277431
1.783948 0.277605
1.784562 0.277865
1.785177 0.277865
1.785792 0.277822
1.786407 0.277822
1.787023 0.277909
1.787639 0.278126
1.788256 0.278516
1.788873 0.278647
1.789491 0.278777
1.790108 0.279081
1.790727 0.279168
1.791346 0.279385
1.791965 0.279732
1.792585 0.279906
1.793205 0.280036
1.793825 0.280166
1.794446 0.28047
1.795067 0.28073
1.795689 0.280904
1.796311 0.281078
1.796934 0.281425
1.797557 0.281859
1.79818 0.282076
1.798804 0.282033
1.799429 0.282206
1.800053 0.282467
1.800679 0.282771
1.801304 0.283074
1.801931 0.283248
1.802557 0.283292
1.803184 0.283509
1.803812 0.283856
1.804439 0.283943
1.805068 0.284073
1.805696 0.284377
1.806326 0.284594
1.806955 0.284768
1.807585 0.284898
1.808216 0.285071
1.808847 0.285202
1.809478 0.285462
1.81011 0.285809
1.810742 0.285983
1.811375 0.286026
1.812008 0.286157
1.812641 0.28646
1.813275 0.286721
1.81391 0.286981
1.814545 0.287155
1.81518 0.287459
1.815816 0.28785
1.816452 0.288023
1.817089 0.288153
1.817726 0.288414
1.818363 0.288674
1.819001 0.288891
1.81964 0.289022
1.820279 0.289239
1.820918 0.289456
1.821558 0.289803
1.822199 0.290237
1.822839 0.290498
1.82348 0.290801
1.824122 0.291018
1.824764 0.291279
1.825406 0.29167
1.826049 0.29206
1.826693 0.292017
1.827337 0.292104
1.827981 0.292408
1.828626 0.292798
1.829271 0.292885
1.829917 0.293059
1.830563 0.293493
1.83121 0.29371
1.831857 0.29384
1.832504 0.294057
1.833152 0.294231
1.833801 0.294361
1.83445 0.294535
1.835099 0.294795
1.835749 0.295099
1.836399 0.295229
1.83705 0.295273
1.837701 0.295359
1.838353 0.29562
1.839005 0.295837
1.839658 0.295967
1.840311 0.296011
1.840964 0.295967
1.841618 0.296097
1.842272 0.296228
1.842927 0.296271
1.843583 0.296271
1.844238 0.296401
1.844895 0.296488
1.845551 0.296531
1.846209 0.296531
1.846867 0.296792
1.847525 0.296835
1.848184 0.297009
1.848843 0.297009
1.849502 0.296966
1.850162 0.297183
1.850823 0.297226
1.851484 0.297096
1.852145 0.297139
1.852807 0.297269
1.853469 0.297356
1.854132 0.2974
1.854796 0.2974
1.855459 0.297443
1.856124 0.29766
1.856789 0.29753
1.857454 0.297269
1.85812 0.297226
1.858786 0.297269
1.859453 0.297356
1.86012 0.2974
1.860788 0.297096
1.861456 0.296792
1.862124 0.296835
1.862794 0.296835
1.863463 0.296879
1.864133 0.296922
1.864804 0.296705
1.865475 0.296401
1.866146 0.296228
1.866818 0.296271
1.867491 0.296271
1.868164 0.296011
1.868837 0.29562
1.869511 0.295359
1.870185 0.295273
1.87086 0.295099
1.871536 0.294752
1.872212 0.294665
1.872888 0.294491
1.873565 0.29397
1.874242 0.293536
1.87492 0.293536
1.875599 0.293276
1.876277 0.292928
1.876957 0.292494
1.877637 0.29206
1.878317 0.291539
1.878998 0.291105
1.879679 0.290671
1.880361 0.290237
1.881043 0.289846
1.881726 0.289152
1.882409 0.288588
1.883093 0.28837
1.883777 0.287893
1.884462 0.287155
1.885147 0.286417
1.885833 0.285983
1.886519 0.285462
1.887206 0.284724
1.887893 0.283856
1.888581 0.283031
1.889269 0.282423
1.889958 0.281772
1.890647 0.280904
1.891337 0.279862
1.892027 0.279081
1.892718 0.278299
1.893409 0.277561
1.894101 0.276823
1.894793 0.275825
1.895486 0.274653
1.896179 0.273655
1.896873 0.272656
1.897568 0.271614
1.898262 0.270442
1.898958 0.269574
1.899654 0.268489
1.90035 0.267317
1.901047 0.266275
1.901744 0.26519
1.902442 0.263974
1.90314 0.262629
1.903839 0.261239
1.904539 0.259981
1.905239 0.258808
1.905939 0.257506
1.90664 0.256204
1.907342 0.254815
1.908044 0.253382
1.908746 0.251993
1.909449 0.250734
1.910153 0.249432
1.910857 0.247999
1.911561 0.246741
1.912266 0.245308
1.912972 0.243876
1.913678 0.24253
1.914385 0.241054
1.915092 0.239578
1.9158 0.238189
1.916508 0.236539
1.917217 0.23502
1.917926 0.233761
1.918636 0.232372
1.919346 0.230896
1.920057 0.229377
1.920768 0.227901
1.92148 0.226512
1.922193 0.225209
1.922906 0.223951
1.92362 0.222518
1.924333 0.220999
1.925048 0.219479
1.925763 0.21796
1.926479 0.216614
1.927195 0.215225
1.927912 0.213879
1.928629 0.212577
1.929346 0.211188
1.930065 0.209756
1.930784 0.208236
1.931503 0.206891
1.932223 0.205675
1.932943 0.204286
1.933664 0.202853
1.934386 0.201595
1.935108 0.200249
1.93583 0.19886
1.936554 0.197384
1.937277 0.195908
1.938002 0.194649
1.938726 0.193434
1.939452 0.192088
1.940177 0.190742
1.940904 0.189396
1.941631 0.187964
1.942358 0.186575
1.943086 0.185229
1.943815 0.184014
1.944544 0.182625
1.945274 0.181235
1.946004 0.18002
1.946735 0.178631
1.947466 0.177242
1.948198 0.17607
1.94893 0.174898
1.949663 0.173422
1.950397 0.171946
1.951131 0.17034
1.951865 0.16895
1.952601 0.167778
1.953336 0.166389
1.954073 0.16513
1.954809 0.163828
1.955547 0.162439
1.956285 0.161093
1.957023 0.159661
1.957762 0.158272
1.958502 0.156796
1.959242 0.155276
1.959983 0.153931
1.960724 0.152628
1.961466 0.151022
1.962208 0.149416
1.962951 0.148157
1.963695 0.147072
1.964439 0.145683
1.965183 0.144467
1.965929 0.143512
1.966674 0.142644
1.967421 0.142036
1.968168 0.141559
1.968915 0.141255
1.969663 0.141081
1.970412 0.140995
1.971161 0.141038
1.971911 0.141342
1.972661 0.141559
1.973413 0.141863
1.974164 0.14234
1.974916 0.142818
1.975669 0.143339
1.976422 0.143946
1.977176 0.144554
1.97793 0.145162
1.978685 0.1459
1.97944 0.146681
1.980196 0.147506
1.980953 0.148331
1.98171 0.149199
1.982468 0.150241
1.983226 0.151239
1.983986 0.152108
1.984745 0.152932
1.985505 0.153844
1.986266 0.154712
1.987027 0.15545
1.987789 0.156145
1.988552 0.156969
1.989315 0.157838
1.990078 0.158489
1.990842 0.15914
1.991607 0.159748
1.992373 0.160182
1.993139 0.160616
1.993905 0.16105
1.994673 0.161354
1.99544 0.161701
1.996209 0.161788
1.996978 0.161788
1.997747 0.161962
1.998517 0.162048
1.999288 0.162005
2.000059 0.161918
2.000831 0.161875
2.001604 0.161788
2.002377 0.161614
2.003151 0.161614
2.003925 0.161788
2.0047 0.161788
2.005476 0.161831
2.006252 0.161875
2.007029 0.162135
2.007806 0.162699
2.008584 0.163134
2.009362 0.163611
2.010141 0.164175
2.010921 0.164913
2.011701 0.165651
2.012482 0.166476
2.013264 0.167431
2.014046 0.168386
2.014829 0.169168
2.015612 0.170209
2.016396 0.171295
2.01718 0.172336
2.017966 0.173639
2.018752 0.174898
2.019538 0.176026
2.020325 0.177198
2.021113 0.178327
2.021901 0.179586
2.02269 0.180801
2.023479 0.181843
2.02427 0.182885
2.02506 0.184057
2.025852 0.185142
2.026644 0.186097
2.027436 0.186922
2.028229 0.187747
2.029023 0.188615
2.029818 0.18944
2.030613 0.190134
2.031409 0.190916
2.032204 0.191697
2.033001 0.192348
2.033799 0.192913
2.034597 0.193607
2.035396 0.194345
2.036195 0.194823
2.036996 0.195257
2.037796 0.195647
2.038598 0.196212
2.0394 0.196863
2.040203 0.19721
2.041006 0.197514
2.04181 0.197992
2.042614 0.198599
2.043419 0.199077
2.044225 0.199337
2.045032 0.199728
2.045839 0.200205
2.046646 0.200683
2.047455 0.20116
2.048264 0.201508
2.049073 0.201898
2.049883 0.20255
2.050694 0.20307
2.051505 0.203505
2.052317 0.203635
2.05313 0.203808
2.053944 0.204329
2.054758 0.20498
2.055573 0.205371
2.056388 0.205718
2.057204 0.206153
2.058021 0.206587
2.058838 0.206934
2.059656 0.207411
2.060475 0.207802
2.061294 0.208193
2.062114 0.208497
2.062935 0.208887
2.063756 0.209365
2.064577 0.209756
2.0654 0.210103
2.066223 0.210363
2.067047 0.210667
2.067871 0.211101
2.068696 0.211362
2.069522 0.211449
2.070349 0.211666
2.071176 0.211969
2.072004 0.212273
2.072833 0.212534
2.073662 0.212838
2.074492 0.213185
2.075322 0.213359
2.076153 0.213489
2.076985 0.213793
2.077817 0.214053
2.07865 0.21414
2.079484 0.214487
2.080319 0.214834
2.081154 0.215052
2.08199 0.215138
2.082826 0.215052
2.083663 0.215182
2.084501 0.215572
2.08534 0.215703
2.086179 0.215746
2.087018 0.215876
2.087859 0.216007
2.0887 0.21618
2.089542 0.216397
2.090385 0.216745
2.091228 0.216918
2.092072 0.216875
2.092917 0.216918
2.093762 0.217222
2.094608 0.217439
2.095454 0.217526
2.096302 0.2177
2.09715 0.21796
2.097999 0.21809
2.098848 0.218134
2.099698 0.218437
2.100549 0.218655
2.1014 0.218915
2.102252 0.219175
2.103105 0.219393
2.103959 0.219653
2.104813 0.22
2.105668 0.220304
2.106524 0.220651
2.10738 0.220868
2.108237 0.221216
2.109094 0.22152
2.109953 0.221823
2.110812 0.222214
2.111672 0.222388
2.112532 0.222735
2.113394 0.223169
2.114255 0.223603
2.115118 0.224124
2.115981 0.224471
2.116845 0.224906
2.11771 0.225383
2.118576 0.225904
2.119442 0.226251
2.120309 0.226599
2.121176 0.227033
2.122045 0.227554
2.122913 0.228074
2.123783 0.228509
2.124654 0.228986
2.125525 0.229377
2.126396 0.229898
2.127269 0.230332
2.128142 0.230809
2.129016 0.231287
2.129891 0.231764
2.130766 0.232155
2.131642 0.232546
2.132519 0.233153
2.133397 0.233718
2.134275 0.234108
2.135154 0.234542
2.136034 0.235107
2.136914 0.235454
2.137795 0.235758
2.138677 0.236062
2.13956 0.236366
2.140444 0.2368
2.141328 0.237234
2.142213 0.237711
2.143099 0.238189
2.143985 0.238536
2.144872 0.23884
2.14576 0.239318
2.146648 0.239621
2.147537 0.239752
2.148427 0.240142
2.149318 0.240533
2.150209 0.240967
2.151101 0.241184
2.151994 0.241314
2.152888 0.241531
2.153783 0.241879
2.154678 0.242269
2.155574 0.242573
2.15647 0.24279
2.157368 0.243181
2.158266 0.243398
2.159165 0.243528
2.160064 0.243832
2.160964 0.244049
2.161865 0.244223
2.162767 0.244396
2.16367 0.24457
2.164573 0.244787
2.165478 0.244917
2.166383 0.244961
2.167288 0.245134
2.168195 0.245351
2.169102 0.245525
2.17001 0.245612
2.170919 0.245699
2.171828 0.245786
2.172739 0.245916
2.17365 0.246046
2.174561 0.246176
2.175474 0.24635
2.176387 0.246437
2.177301 0.246437
2.178216 0.24648
2.179132 0.246524
2.180048 0.24661
2.180965 0.246654
2.181883 0.246567
2.182801 0.246654
2.183721 0.246697
2.184641 0.246741
2.185562 0.246784
2.186484 0.246958
2.187407 0.246801
2.18833 0.246919
2.189254 0.247271
2.190179 0.247466
2.191105 0.247349
2.192032 0.247349
2.192959 0.24774
2.193887 0.247818
2.194816 0.247662
2.195745 0.247466
2.196676 0.247544
2.197607 0.247701
2.198539 0.247857
2.199472 0.247896
2.200405 0.247974
2.201339 0.248053
2.202275 0.248444
2.203211 0.248717
2.204147 0.248678
2.205085 0.248874
2.206023 0.249069
2.206962 0.24903
2.207902 0.248991
2.208843 0.249265
2.209784 0.249695
2.210727 0.249773
2.21167 0.250125
2.212614 0.250477
2.213559 0.250673
2.214504 0.250712
2.215451 0.250986
2.216398 0.251455
2.217346 0.251611
2.218295 0.251768
2.219244 0.252002
2.220195 0.252354
2.221146 0.252511
2.222098 0.252863
2.223051 0.253254
2.224005 0.25341
2.224959 0.253801
2.225914 0.254075
2.226871 0.254271
2.227827 0.254427
2.228785 0.254662
2.229744 0.254896
2.230703 0.255287
2.231663 0.255405
2.232625 0.255639
2.233587 0.256187
2.234549 0.256461
2.235513 0.256617
2.236477 0.25693
2.237442 0.256969
2.238408 0.257008
2.239375 0.25736
2.240343 0.257829
2.241312 0.258259
2.242281 0.25865
2.243252 0.258885
2.244223 0.259042
2.245195 0.259237
2.246168 0.259394
2.247141 0.25955
2.248116 0.260019
2.249091 0.260606
2.250067 0.260723
2.251044 0.260997
2.252022 0.261349
2.253 0.261388
2.25398 0.261505
2.254961 0.261623
2.255942 0.261544
2.256924 0.262131
2.257907 0.2626
2.258891 0.262678
2.259876 0.262835
2.260861 0.262913
2.261847 0.263109
2.262835 0.263617
2.263823 0.263813
2.264812 0.264086
2.265802 0.264556
2.266792 0.26479
2.267784 0.264751
2.268776 0.264908
2.26977 0.264986
2.270764 0.265025
2.271759 0.265377
2.272755 0.265846
2.273752 0.266159
2.27475 0.265963
2.275748 0.26612
2.276747 0.266394
2.277748 0.266589
2.278749 0.266785
2.279751 0.266941
2.280754 0.267137
2.281758 0.267137
2.282763 0.267332
2.283768 0.267567
2.284775 0.267762
2.285782 0.267762
2.286791 0.267801
2.2878 0.267801
2.28881 0.267645
2.289821 0.267567
2.290832 0.267645
2.291845 0.268036
2.292859 0.268192
2.293873 0.268075
2.294889 0.268036
2.295905 0.26788
2.296922 0.267684
2.29794 0.267645
2.29896 0.267567
2.299979 0.267449
2.301001 0.267371
2.302022 0.267215
2.303045 0.267019
2.304068 0.266824
2.305093 0.26655
2.306118 0.266315
2.307145 0.265963
2.308172 0.265416
2.309201 0.265025
2.31023 0.264829
2.31126 0.264321
2.31229 0.263773
2.313322 0.263539
2.314355 0.263187
2.315388 0.262678
2.316423 0.262131
2.317458 0.261779
2.318495 0.261466
2.319532 0.26084
2.32057 0.260176
2.321609 0.25955
2.32265 0.258885
2.323691 0.25822
2.324733 0.257751
2.325776 0.257282
2.32682 0.256539
2.327865 0.255757
2.32891 0.254974
2.329957 0.254271
2.331005 0.253606
2.332053 0.252941
2.333103 0.252237
2.334153 0.251338
2.335205 0.250438
2.336257 0.249617
2.33731 0.248874
2.338365 0.247974
2.33942 0.247153
2.340476 0.246176
2.341533 0.245276
2.342591 0.244533
2.34365 0.243555
2.34471 0.242617
2.345771 0.241561
2.346833 0.240505
2.347896 0.239527
2.34896 0.238393
2.350024 0.237259
2.35109 0.236242
2.352157 0.235265
2.353225 0.234444
2.354293 0.233114
2.355363 0.231706
2.356434 0.230689
2.357505 0.229321
2.358577 0.227756
2.359651 0.226388
2.360726 0.225293
2.361801 0.22408
2.362878 0.222672
2.363955 0.221382
2.365033 0.219974
2.366114 0.21841
2.367194 0.216885
2.368275 0.215281
2.369358 0.213913
2.370441 0.212622
2.371525 0.211175
2.372611 0.209611
2.373697 0.208164
2.374785 0.206717
2.375873 0.205231
2.376962 0.203784
2.378052 0.202454
2.379144 0.201125
2.380236 0.199756
2.38133 0.198153
2.382424 0.196823
2.383519 0.195454
2.384615 0.194125
2.385713 0.192834
2.386811 0.191583
2.387911 0.190292
2.389011 0.188924
2.390113 0.187672
2.391215 0.186499
2.392318 0.185091
2.393423 0.183801
2.394528 0.182549
2.395635 0.18122
2.396743 0.179773
2.397851 0.178599
2.398961 0.177348
2.400071 0.175979
2.401183 0.174728
2.402296 0.173242
2.40341 0.171951
2.404524 0.171013
2.40564 0.169761
2.406757 0.168432
2.407875 0.167454
2.408994 0.166398
2.410113 0.165421
2.411234 0.164404
2.412356 0.163348
2.413479 0.162214
2.414603 0.161158
2.415729 0.160337
2.416855 0.159555
2.417982 0.158772
2.419111 0.157912
2.42024 0.157169
2.421371 0.156387
2.422502 0.155487
2.423635 0.154784
2.424768 0.154001
2.425903 0.153454
2.427038 0.152946
2.428176 0.15189
2.429314 0.150795
2.430453 0.15013
2.431592 0.149661
2.432734 0.148996
2.433876 0.148253
2.435019 0.147432
2.436163 0.146845
2.437308 0.146297
2.438454 0.145711
2.439602 0.145046
2.44075 0.144499
2.4419 0.143912
2.443051 0.143169
2.444203 0.142504
2.445355 0.142035
2.44651 0.141722
2.447665 0.141214
2.448821 0.140588
2.449978 0.140236
2.451137 0.139728
2.452296 0.139063
2.453457 0.138554
2.454618 0.138124
2.455781 0.137616
2.456945 0.137107
2.45811 0.136638
2.459276 0.136052
2.460443 0.135621
2.461612 0.135113
2.462781 0.134448
2.463952 0.133979
2.465123 0.133471
2.466296 0.132962
2.46747 0.132454
2.468645 0.132024
2.469821 0.131359
2.470998 0.130772
2.472176 0.130381
2.473356 0.129795
2.474536 0.129091
2.475718 0.128621
2.476901 0.128113
2.478085 0.127644
2.47927 0.127057
2.480456 0.126627
2.481644 0.126118
2.482832 0.125571
2.484022 0.125024
2.485213 0.124672
2.486404 0.124202
2.487597 0.123616
2.488792 0.122794
2.489987 0.122012
2.491184 0.121504
2.492381 0.121152
2.493581 0.120604
2.494781 0.120057
2.495982 0.11951
2.497184 0.118884
2.498387 0.118297
2.499592 0.117789
2.500798 0.117241
2.502005 0.116733
2.503213 0.116264
2.504422 0.11599
2.505633 0.115599
2.506844 0.115364
2.508057 0.11509
2.509271 0.11509
2.510486 0.115012
2.511703 0.114973
2.51292 0.114856
2.514138 0.114973
2.515358 0.11509
2.516579 0.115012
2.517802 0.115169
2.519025 0.115364
2.52025 0.115638
2.521476 0.116029
2.522703 0.116225
2.523931 0.116498
2.52516 0.116968
2.526391 0.117398
2.527622 0.117867
2.528856 0.118375
2.53009 0.118766
2.531325 0.118884
2.532562 0.118962
2.5338 0.119275
2.535039 0.11951
2.536279 0.119861
2.53752 0.120331
2.538763 0.120565
2.540007 0.120683
2.541252 0.120604
2.542498 0.120292
2.543746 0.120213
2.544994 0.120213
2.546244 0.120096
2.547495 0.119744
2.548748 0.119236
2.550002 0.118649
2.551256 0.117984
2.552513 0.117202
2.553771 0.116772
2.555029 0.116264
2.556289 0.115403
2.55755 0.11466
2.558813 0.113839
2.560076 0.112431
2.561341 0.111219
2.562607 0.110711
2.563875 0.11075
2.565143 0.111336
2.566413 0.112157
2.567684 0.112431
2.568957 0.112431
2.57023 0.113487
2.571505 0.114895
2.572781 0.114856
2.574058 0.116107
2.575337 0.117828
2.576617 0.118571
2.577898 0.120213
2.579181 0.121739
2.580465 0.12213
2.58175 0.122912
2.583036 0.122834
2.584324 0.123694
2.585613 0.125493
2.586903 0.125923
2.588195 0.127018
2.589488 0.12823
2.590782 0.129364
2.592077 0.129795
2.593373 0.127487
2.594671 0.125258
2.595971 0.128113
2.597271 0.131398
2.598573 0.132845
2.599876 0.133197
2.601181 0.132962
2.602487 0.132806
2.603794 0.132336
2.605102 0.131359
2.606412 0.132297
2.607723 0.133549
2.609035 0.133862
2.610349 0.134448
2.611664 0.134917
2.612981 0.1348
2.614299 0.134917
2.615618 0.133705
2.616938 0.132845
2.61826 0.133901
2.619583 0.132962
2.620907 0.132923
2.622233 0.134761
2.62356 0.135309
2.624888 0.134487
2.626217 0.132806
2.627548 0.133353
2.628881 0.132962
2.630215 0.131241
2.63155 0.132297
2.632886 0.133079
2.634224 0.132845
2.635564 0.13304
2.636904 0.132806
2.638246 0.132454
2.63959 0.132219
2.640934 0.131789
2.64228 0.13132
2.643628 0.13085
2.644976 0.129873
2.646327 0.129443
2.647678 0.129482
2.649031 0.129208
2.650386 0.128543
2.651741 0.127174
2.653098 0.12651
2.654457 0.126353
2.655817 0.125923
2.657177 0.125884
2.65854 0.124906
2.659904 0.123968
2.66127 0.123537
2.662637 0.122951
2.664005 0.120644
2.665375 0.11861
2.666745 0.118141
2.668118 0.118727
2.669492 0.116616
2.670867 0.115638
2.672244 0.117632
2.673622 0.117554
2.675002 0.11599
2.676383 0.114308
2.677765 0.113839
2.67915 0.113409
2.680535 0.113878
2.681922 0.113526
2.68331 0.112236
2.6847 0.111454
2.68609 0.110828
2.687483 0.110241
2.688877 0.109694
2.690272 0.108951
2.691669 0.107856
2.693067 0.105783
2.694467 0.104727
2.695868 0.104727
2.69727 0.104571
2.698674 0.103984
2.70008 0.102811
2.701487 0.101677
2.702896 0.101169
2.704306 0.100386
2.705717 0.099409
2.70713 0.09804
2.708544 0.096046
2.70996 0.093973
2.711378 0.092839
2.712797 0.093113
2.714217 0.092448
2.715639 0.091118
2.717062 0.089632
2.718487 0.087677
2.719913 0.084822
2.721341 0.083844
2.72277 0.083258
2.7242 0.081185
2.725633 0.080481
2.727067 0.08009
2.728502 0.078839
2.729939 0.077157
2.731377 0.075554
2.732817 0.073833
2.734258 0.071839
2.735701 0.070314
2.737146 0.068906
2.738592 0.06652
2.740039 0.064408
2.741488 0.063274
2.742939 0.062531
2.744391 0.061319
2.745844 0.05995
2.747299 0.058386
2.748756 0.056783
2.750214 0.055258
2.751674 0.053732
2.753135 0.052051
2.754598 0.050017
2.756062 0.048688
2.757528 0.048023
2.758996 0.046889
2.760465 0.045559
2.761936 0.043917
2.763408 0.042665
2.764882 0.041609
2.766357 0.040475
2.767834 0.039302
2.769313 0.038129
2.770793 0.036956
2.772275 0.036174
2.773758 0.03547
2.775243 0.03457
2.77673 0.033632
2.778218 0.032693
2.779707 0.031754
2.781199 0.030894
2.782691 0.030151
2.784185 0.029486
2.785681 0.028587
2.787179 0.027805
2.788678 0.027296
2.790179 0.02671
2.791682 0.026123
2.793186 0.025615
2.794692 0.024989
2.7962 0.024402
2.797709 0.023855
2.799219 0.023425
2.800731 0.022916
2.802245 0.022252
2.803761 0.021626
2.805278 0.021352
2.806797 0.021039
2.808318 0.020687
2.80984 0.020257
2.811363 0.019788
2.812889 0.019358
2.814416 0.019006
2.815945 0.018654
2.817475 0.01838
2.819007 0.017989
2.82054 0.017598
2.822076 0.017285
2.823613 0.017129
2.825152 0.016777
2.826692 0.016464
2.828234 0.016268
2.829778 0.016034
2.831324 0.01576
2.832871 0.015564
2.83442 0.015408
2.835971 0.015291
2.837523 0.01486
2.839077 0.014469
2.840632 0.014196
2.84219 0.014039
2.843749 0.013883
2.84531 0.013726
2.846872 0.013609
2.848437 0.013218
2.850003 0.013062
2.85157 0.012944
2.85314 0.012749
2.854711 0.012553
2.856283 0.012553
2.857857 0.012358
2.859434 0.012123
2.861012 0.011888
2.862592 0.011576
2.864173 0.011497
2.865757 0.011536
2.867342 0.011615
2.868929 0.011771
2.870517 0.011732
2.872108 0.011693
2.873699 0.011888
2.875293 0.012084
2.876889 0.012201
2.878486 0.012279
2.880085 0.012436
2.881686 0.012631
2.883289 0.012788
2.884893 0.012905
2.886499 0.012866
2.888107 0.012983
2.889717 0.013101
2.891329 0.013062
2.892942 0.01314
2.894558 0.013218
2.896175 0.013257
2.897794 0.013257
2.899415 0.013335
2.901037 0.013414
2.902662 0.013453
2.904288 0.01357
2.905916 0.01357
2.907546 0.013453
2.909178 0.013531
2.910811 0.013765
2.912446 0.013805
2.914083 0.013844
2.915722 0.013961
2.917363 0.014039
2.919006 0.014117
2.92065 0.014117
2.922296 0.014
2.923944 0.014039
2.925594 0.014117
2.927246 0.014078
2.9289 0.014117
2.930556 0.014196
2.932213 0.014117
2.933873 0.014039
2.935534 0.014078
2.937198 0.014196
2.938863 0.014235
2.94053 0.014157
2.942199 0.014196
2.943869 0.014391
2.945542 0.014509
2.947217 0.014743
2.948893 0.015017
2.950572 0.015252
2.952252 0.015447
2.953934 0.015603
2.955618 0.015799
2.957304 0.01619
2.958992 0.016464
2.960681 0.01662
2.962373 0.016894
2.964067 0.017363
2.965763 0.017793
2.96746 0.018106
2.96916 0.018536
2.970861 0.019006
2.972565 0.019358
2.974271 0.019866
2.975978 0.020453
2.977687 0.021078
2.979398 0.021704
2.981112 0.022369
2.982827 0.022916
2.984544 0.023425
2.986264 0.023816
2.987985 0.024246
2.989709 0.024637
2.991434 0.024833
2.993161 0.024754
2.99489 0.024715
2.996621 0.024833
2.998354 0.024872
3.000089 0.024754
3.001826 0.024598
3.003565 0.024598
3.005306 0.024754
3.00705 0.024715
3.008795 0.024559
3.010542 0.024402
3.012291 0.024324
3.014043 0.024246
3.015796 0.024207
3.017552 0.024246
3.019309 0.024207
3.021069 0.024011
3.02283 0.024051
3.024594 0.02409
3.02636 0.023894
3.028127 0.023816
3.029897 0.023699
3.031669 0.023581
3.033443 0.023503
3.035219 0.023425
3.036998 0.023425
3.038778 0.023386
3.04056 0.023307
3.042344 0.023268
3.04413 0.02319
3.045919 0.023034
3.047709 0.022877
3.049502 0.022916
3.051297 0.022956
3.053094 0.022838
3.054893 0.022799
3.056694 0.022877
3.058498 0.022799
3.060303 0.022721
3.062111 0.022721
3.063921 0.02276
3.065733 0.022838
3.067547 0.022916
3.069363 0.023073
3.071181 0.023229
3.073001 0.023268
3.074824 0.023425
3.076649 0.023581
3.078476 0.023699
3.080305 0.023699
3.082136 0.023933
3.08397 0.024246
3.085805 0.02452
3.087644 0.024637
3.089484 0.024637
3.091326 0.024872
3.093171 0.025067
3.095017 0.025106
3.096866 0.025067
3.098717 0.025067
3.10057 0.025145
3.102426 0.025145
3.104284 0.025067
3.106144 0.025145
3.108006 0.025145
3.109871 0.025106
3.111737 0.025302
3.113606 0.025341
3.115477 0.025224
3.11735 0.025224
3.119226 0.025302
3.121104 0.025302
3.122984 0.025302
3.124866 0.02538
3.126751 0.02538
3.128638 0.02538
3.130527 0.02538
3.132419 0.025302
3.134313 0.025341
3.136209 0.025419
3.138108 0.025419
3.140008 0.025497
3.141912 0.025458
3.143817 0.02538
3.145725 0.025458
3.147635 0.025419
3.149547 0.025341
3.151462 0.025263
3.153378 0.025302
3.155298 0.025263
3.157219 0.025341
3.159143 0.02538
3.16107 0.025419
3.162998 0.025458
3.164929 0.025497
3.166862 0.025497
3.168798 0.025458
3.170736 0.025497
3.172677 0.025537
3.174619 0.025615
3.176565 0.025654
3.178513 0.025654
3.180463 0.025771
3.182415 0.025849
3.18437 0.025889
3.186327 0.026006
3.188287 0.026201
3.190248 0.026201
3.192213 0.026201
3.19418 0.026319
3.196149 0.026475
3.198121 0.026592
3.200095 0.026749
3.202072 0.026905
3.204051 0.026944
3.206032 0.027062
3.208016 0.027257
3.210002 0.027453
3.211991 0.027531
3.213982 0.027648
3.215976 0.027883
3.217972 0.028039
3.219971 0.028157
3.221972 0.028391
3.223976 0.028665
3.225982 0.028743
3.227991 0.028822
3.230002 0.029017
3.232016 0.029134
3.234032 0.029291
3.236051 0.029486
3.238072 0.029565
3.240096 0.029643
3.242123 0.02976
3.244152 0.029877
3.246183 0.029995
3.248217 0.030229
3.250253 0.030425
3.252293 0.030581
3.254334 0.03066
3.256378 0.030738
3.258425 0.030855
3.260474 0.030972
3.262526 0.031168
3.26458 0.031403
3.266638 0.031637
3.268697 0.031833
3.27076 0.031989
3.272825 0.032146
3.274892 0.032224
3.276962 0.032341
3.279035 0.032576
3.28111 0.032771
3.283188 0.032928
3.285269 0.033123
3.287352 0.033319
3.289438 0.033514
3.291526 0.03371
3.293617 0.033905
3.295711 0.034101
3.297807 0.034296
3.299906 0.034609
3.302008 0.034883
3.304113 0.035039
3.30622 0.035274
3.30833 0.035431
3.310443 0.035626
3.312558 0.0359
3.314676 0.036252
3.316797 0.036525
3.31892 0.036643
3.321046 0.03676
3.323175 0.037073
3.325307 0.037386
3.327442 0.03762
3.329579 0.037816
3.331719 0.038051
3.333861 0.038363
3.336007 0.038676
3.338155 0.038989
3.340306 0.039263
3.342458 0.039576
3.344615 0.03985
3.346774 0.040162
3.348936 0.040397
3.351101 0.040749
3.353268 0.041023
3.355439 0.041296
3.357612 0.041648
3.359789 0.041961
3.361968 0.042235
3.364149 0.042587
3.366334 0.043056
3.368521 0.043408
3.370711 0.043721
3.372904 0.044151
3.3751 0.044542
3.3773 0.044816
3.379501 0.045051
3.381706 0.045403
3.383913 0.045872
3.386123 0.046341
3.388336 0.046654
3.390553 0.047045
3.392771 0.047436
3.394992 0.047749
3.397217 0.04814
3.399445 0.048531
3.401675 0.048922
3.403909 0.049274
3.406146 0.049783
3.408385 0.050252
3.410627 0.050643
3.412873 0.051034
3.415121 0.051503
3.417372 0.051933
3.419626 0.052325
3.421884 0.052716
3.424144 0.053107
3.426407 0.053498
3.428673 0.053889
3.430943 0.05428
3.433215 0.05471
3.43549 0.05514
3.437768 0.055531
3.440049 0.055883
3.442333 0.056352
3.444621 0.056744
3.446911 0.057213
3.449204 0.057604
3.4515 0.058034
3.4538 0.058386
3.456102 0.058738
3.458408 0.05909
3.460716 0.059481
3.463028 0.059833
3.465343 0.060224
3.467662 0.060693
3.469983 0.061084
3.472307 0.061475
3.474634 0.061827
3.476965 0.062101
3.479298 0.062453
3.481635 0.062883
3.483975 0.063274
3.486317 0.063705
3.488663 0.064213
3.491012 0.064487
3.493365 0.06476
3.49572 0.065073
3.498079 0.065503
3.500441 0.066051
3.502806 0.066598
3.505175 0.06695
3.507547 0.067302
3.509921 0.067772
3.512299 0.068241
3.514681 0.06871
3.517065 0.069101
3.519453 0.06961
3.521844 0.070118
3.524238 0.070705
3.526636 0.071252
3.529036 0.0718
3.53144 0.072308
3.533848 0.072816
3.536258 0.07352
3.538672 0.074185
3.541089 0.074811
3.543509 0.075358
3.545932 0.075984
3.548359 0.07661
3.55079 0.077235
3.553223 0.0779
3.55566 0.078604
3.558101 0.079347
3.560545 0.080051
3.562992 0.080755
3.565443 0.081498
3.567896 0.082202
3.570354 0.082867
3.572814 0.083571
3.575278 0.084275
3.577746 0.084978
3.580216 0.085721
3.582691 0.086504
3.585169 0.087247
3.58765 0.087911
3.590135 0.088537
3.592623 0.08928
3.595114 0.090023
3.597609 0.090688
3.600107 0.091392
3.602608 0.092096
3.605114 0.092917
3.607622 0.09366
3.610135 0.094325
3.61265 0.095068
3.61517 0.09585
3.617692 0.096632
3.620219 0.097375
3.622749 0.098118
3.625283 0.0989
3.627819 0.099565
3.63036 0.100269
3.632904 0.101012
3.635452 0.101716
3.638003 0.102459
3.640558 0.103085
3.643116 0.103789
3.645679 0.104493
3.648244 0.105275
3.650813 0.105979
3.653386 0.106643
3.655962 0.107386
3.658543 0.108169
3.661126 0.108873
3.663713 0.109498
3.666304 0.110241
3.668898 0.110945
3.671497 0.111688
3.674099 0.112509
3.676705 0.113252
3.679314 0.113839
3.681927 0.114504
3.684544 0.115208
3.687165 0.115873
3.689789 0.116459
3.692417 0.117007
3.695049 0.117671
3.697685 0.118336
3.700324 0.119001
3.702967 0.119666
3.705615 0.120213
3.708265 0.120761
3.71092 0.121387
3.713578 0.121973
3.71624 0.122521
3.718906 0.123068
3.721576 0.123537
3.724249 0.124124
3.726926 0.124711
3.729607 0.125297
3.732292 0.125767
3.734981 0.126314
3.737674 0.126822
3.740371 0.12737
3.743071 0.127839
3.745776 0.12823
3.748485 0.1287
3.751197 0.129169
3.753913 0.129677
3.756634 0.130146
3.759358 0.130538
3.762086 0.131007
3.764818 0.131398
3.767554 0.131867
3.770293 0.132415
3.773037 0.132845
3.775785 0.133197
3.778537 0.13351
3.781293 0.133822
3.784053 0.134174
3.786817 0.134526
3.789586 0.134917
3.792358 0.135269
3.795134 0.13566
3.797915 0.135934
3.800699 0.136052
3.803488 0.136325
3.80628 0.136677
3.809077 0.136834
3.811877 0.137029
3.814683 0.137303
3.817492 0.137498
3.820305 0.137616
3.823123 0.137733
3.825944 0.13789
3.82877 0.138046
3.8316 0.138124
3.834434 0.138242
3.837271 0.138437
3.840113 0.138554
3.84296 0.138633
3.845811 0.138633
3.848666 0.138711
3.851525 0.138789
3.854389 0.138789
3.857257 0.13875
3.86013 0.138711
3.863006 0.138711
3.865887 0.138633
3.868772 0.138633
3.871661 0.138554
3.874554 0.138476
3.877452 0.138359
3.880355 0.138163
3.883262 0.138007
3.886173 0.137811
3.889088 0.137616
3.892008 0.13742
3.894932 0.137186
3.897861 0.136873
3.900793 0.136521
3.903731 0.136169
3.906672 0.135778
3.909618 0.135504
3.912569 0.135309
3.915524 0.135074
3.918483 0.134722
3.921447 0.134409
3.924416 0.134135
3.927389 0.133862
3.930367 0.13351
3.933349 0.133197
3.936336 0.132923
3.939327 0.132571
3.942322 0.132219
3.945323 0.131945
3.948327 0.131593
3.951337 0.131241
3.954351 0.130889
3.95737 0.130538
3.960393 0.130225
3.963421 0.129912
3.966453 0.12956
3.96949 0.129208
3.972532 0.128778
3.975579 0.128387
3.978629 0.127996
3.981685 0.127526
3.984745 0.12694
3.98781 0.12647
3.99088 0.126079
3.993955 0.12561
3.997034 0.125102
4.000118 0.124515
4.003208 0.12385
4.006302 0.123225
4.0094 0.122638
4.012504 0.121973
4.015612 0.121348
4.018724 0.120761
4.021842 0.120253
4.024965 0.119783
4.028091 0.119275
4.031223 0.118845
4.03436 0.118375
4.037502 0.117945
4.040649 0.117437
4.043801 0.116928
4.046958 0.116459
4.050119 0.116029
4.053287 0.11556
4.056458 0.11513
4.059635 0.114739
4.062816 0.114308
4.066003 0.113878
4.069194 0.11337
4.072391 0.112861
4.075593 0.112392
4.078799 0.111962
4.082011 0.111414
4.085227 0.110945
4.088449 0.110476
4.091676 0.110007
4.094908 0.109576
4.098145 0.109029
4.101388 0.108442
4.104634 0.107934
4.107887 0.107543
4.111144 0.107035
4.114407 0.106526
4.117675 0.106096
4.120948 0.105666
4.124227 0.105197
4.12751 0.104688
4.130799 0.104062
4.134094 0.103515
4.137393 0.103046
4.140697 0.102537
4.144008 0.102029
4.147323 0.101521
4.150643 0.10109
4.153969 0.100699
4.157301 0.100269
4.160638 0.099761
4.16398 0.099174
4.167327 0.098666
4.17068 0.098118
4.174038 0.097571
4.177401 0.097062
4.18077 0.096515
4.184143 0.095967
4.187523 0.095381
4.190908 0.094677
4.194299 0.093934
4.197695 0.093074
4.201097 0.092252
4.204504 0.091314
4.207917 0.09018
4.211336 0.089006
4.214759 0.087833
4.218189 0.08666
4.221624 0.085526
4.225064 0.084431
4.22851 0.083414
4.231962 0.082515
4.23542 0.081654
4.238883 0.080755
4.242352 0.079934
4.245827 0.079152
4.249307 0.078448
4.252793 0.0779
4.256284 0.077353
4.259782 0.076727
4.263285 0.076101
4.266792 0.075632
4.270307 0.075163
4.273828 0.074772
4.277354 0.074381
4.280886 0.074107
4.284424 0.073833
4.287968 0.073559
4.291517 0.073325
4.295074 0.07309
4.298635 0.072816
4.302202 0.072503
4.305776 0.072191
4.309355 0.07176
4.31294 0.071252
4.316531 0.070861
4.320128 0.070587
4.323732 0.070157
4.327342 0.069531
4.330956 0.068945
4.334578 0.068397
4.338205 0.067889
4.341838 0.067381
4.345478 0.066755
4.349123 0.066207
4.352774 0.065699
4.356431 0.065151
4.360096 0.064643
4.363765 0.064291
4.367442 0.063978
4.371124 0.063626
4.374813 0.063235
4.378508 0.062922
4.38221 0.062766
4.385918 0.062649
4.389631 0.062492
4.393351 0.062336
4.397078 0.062179
4.40081 0.062062
4.404549 0.061906
4.408295 0.06171
4.412045 0.061397
4.415803 0.061006
4.419568 0.060615
4.423338 0.060224
4.427116 0.059794
4.4309 0.059246
4.43469 0.058621
4.438487 0.057995
4.442291 0.057291
4.446101 0.056548
4.449917 0.055844
4.45374 0.055218
4.45757 0.05471
4.461406 0.05428
4.465249 0.053967
4.469098 0.053615
4.472954 0.053224
4.476817 0.052794
4.480686 0.052364
4.484562 0.051973
4.488445 0.05166
4.492334 0.051347
4.496231 0.051073
4.500134 0.05076
4.504043 0.050447
4.507959 0.050213
4.511883 0.050017
4.515813 0.049783
4.51975 0.049509
4.523694 0.049352
4.527645 0.049118
4.531602 0.048805
4.535568 0.048531
4.539539 0.048179
4.543518 0.047827
4.547503 0.047671
4.551496 0.047671
4.555496 0.047749
4.559502 0.047905
4.563516 0.048179
4.567537 0.048414
4.571565 0.04857
4.5756 0.048766
4.579642 0.04904
4.583691 0.049313
4.587747 0.049548
4.591811 0.049861
4.595881 0.050252
4.599958 0.050565
4.604044 0.050838
4.608136 0.051034
4.612236 0.051151
4.616343 0.05119
4.620458 0.051308
4.624579 0.051581
4.628708 0.051816
4.632845 0.052207
4.636989 0.052755
4.64114 0.053263
4.645299 0.053693
4.649466 0.053928
4.653639 0.054045
4.65782 0.054163
4.662009 0.05428
4.666206 0.054554
4.67041 0.05514
4.674621 0.055883
4.67884 0.056744
4.683066 0.057565
4.687301 0.05819
4.691543 0.058699
4.695792 0.059129
4.700048 0.059325
4.704313 0.059403
4.708586 0.059403
4.712867 0.059325
4.717155 0.059246
4.721451 0.059285
4.725755 0.059481
4.730067 0.059911
4.734388 0.060615
4.738715 0.061515
4.743051 0.06257
4.747394 0.063548
4.751746 0.064448
4.756105 0.06523
4.760472 0.065973
4.764848 0.066677
4.769232 0.067341
4.773623 0.067967
4.778023 0.068515
4.782431 0.069101
4.786847 0.069727
4.791271 0.070274
4.795703 0.070744
4.800144 0.071252
4.804591 0.07176
4.809048 0.072269
4.813513 0.072816
4.817986 0.073364
4.822468 0.073872
4.826958 0.074381
4.831457 0.074967
4.835964 0.075554
4.84048 0.076062
4.845004 0.076571
4.849536 0.077118
4.854077 0.077626
4.858626 0.078135
4.863184 0.078682
4.867751 0.079191
4.872326 0.079543
4.876908 0.079973
4.8815 0.080442
4.886101 0.080833
4.89071 0.081185
4.895329 0.081459
4.899956 0.081889
4.904591 0.082319
4.909236 0.082749
4.91389 0.083258
4.918552 0.083766
4.923223 0.084314
4.927903 0.084861
4.932591 0.085213
4.937289 0.085526
4.941996 0.085917
4.946712 0.086308
4.951437 0.086621
4.956171 0.086895
4.960914 0.087247
4.965665 0.087599
4.970426 0.087911
4.975196 0.088185
4.979976 0.08842
4.984764 0.088654
4.989561 0.088928
4.994367 0.089241
4.999184 0.089632
5.004009 0.089945
5.008844 0.090219
5.013688 0.090453
5.018541 0.090571
5.023404 0.090805
5.028277 0.091079
5.033159 0.091275
5.038051 0.091548
5.042951 0.091744
5.047862 0.0919
5.052782 0.092135
5.057711 0.092291
5.06265 0.092448
5.0676 0.092604
5.072558 0.092761
5.077527 0.092878
5.082504 0.093034
5.087492 0.09323
5.09249 0.093465
5.097497 0.093621
5.102514 0.093817
5.10754 0.093934
5.112577 0.094129
5.117624 0.094325
5.122681 0.094442
5.127748 0.09452
5.132825 0.094599
5.137912 0.094599
5.143009 0.094599
5.148117 0.094599
5.153234 0.094912
5.158362 0.095068
5.1635 0.095146
5.168648 0.095146
5.173806 0.095146
5.178975 0.095029
5.184154 0.094912
5.189344 0.094755
5.194544 0.09452
5.199754 0.094129
5.204975 0.093856
5.210206 0.093269
5.215447 0.092839
5.2207 0.092722
5.225963 0.092409
5.231235 0.0919
5.236519 0.091353
5.241814 0.090962
5.247119 0.090532
5.252435 0.09018
5.257762 0.089867
5.2631 0.089554
5.268449 0.089241
5.273809 0.088889
5.27918 0.088654
5.284561 0.088459
5.289953 0.087951
5.295357 0.087755
5.300771 0.087638
5.306197 0.087364
5.311634 0.087129
5.31708 0.086816
5.322538 0.086543
5.328009 0.086269
5.33349 0.085995
5.338983 0.085682
5.344487 0.085018
5.350003 0.084392
5.355529 0.084431
5.361069 0.084509
5.366619 0.084392
5.37218 0.084196
5.377753 0.084157
5.383337 0.084079
5.388933 0.084001
5.394541 0.083805
5.40016 0.083727
5.405792 0.083571
5.411435 0.083336
5.417089 0.082593
5.422756 0.081928
5.428434 0.082397
5.434124 0.082593
5.439826 0.08228
5.44554 0.081967
5.451264 0.081694
5.457003 0.081263
5.462753 0.080442
5.468515 0.080247
5.47429 0.080051
5.480077 0.079621
5.485876 0.079504
5.491687 0.079191
5.497512 0.078721
5.503348 0.078213
5.509196 0.077783
5.515058 0.077196
5.520931 0.076571
5.526816 0.076101
5.532715 0.075632
5.538626 0.075124
5.544551 0.074459
5.550487 0.073677
5.556436 0.073168
5.562398 0.072816
5.568373 0.07223
5.57436 0.071096
5.58036 0.070235
5.586374 0.070157
5.592398 0.069844
5.598437 0.068984
5.604489 0.068163
5.610555 0.067537
5.616633 0.066755
5.622725 0.066168
5.62883 0.065386
5.634949 0.064135
5.641082 0.062531
5.647227 0.062062
5.653385 0.061593
5.659557 0.061006
5.665742 0.060341
5.671941 0.05909
5.678154 0.058112
5.68438 0.057447
5.69062 0.056352
5.696874 0.055531
5.703141 0.054514
5.709422 0.053028
5.715717 0.052168
5.722026 0.051425
5.728348 0.050526
5.734685 0.049509
5.741033 0.048414
5.747398 0.047241
5.753777 0.04638
5.76017 0.044816
5.766577 0.042978
5.772999 0.042587
5.779435 0.042
5.785885 0.041023
5.792351 0.039967
5.798831 0.038833
5.805324 0.03766
5.811832 0.036408
5.818355 0.034687
5.824893 0.033475
5.831445 0.032889
5.838012 0.032224
5.844594 0.031403
5.851191 0.030347
5.857803 0.029252
5.864429 0.028196
5.871071 0.027296
5.877727 0.02581
5.884399 0.02495
5.891086 0.024402
5.897785 0.023503
5.904502 0.023307
5.911235 0.022877
5.917983 0.022173
5.924747 0.021469
5.931525 0.020492
5.93832 0.019827
5.94513 0.019905
5.951957 0.019749
5.958798 0.019397
5.965655 0.018732
5.972528 0.018263
5.979417 0.017911
5.986322 0.017363
5.993242 0.017011
6.000179 0.016777
6.00713 0.016347
6.014098 0.015955
6.021083 0.015916
6.028085 0.015995
6.035102 0.016034
6.042136 0.015682
6.049186 0.015525
6.056253 0.016268
6.063337 0.016855
6.070437 0.017207
6.077554 0.018185
6.084687 0.019514
6.091837 0.020648
6.099004 0.021509
6.106188 0.021939
6.113389 0.022252
6.120608 0.023073
6.127842 0.023738
6.135094 0.024011
6.142364 0.024246
6.14965 0.02452
6.156953 0.024637
6.164274 0.025028
6.171613 0.025419
6.178967 0.025458
6.18634 0.025576
6.193731 0.02628
6.201139 0.02671
6.208566 0.026944
6.216011 0.027101
6.223473 0.027375
6.230953 0.027492
6.238452 0.027531
6.245968 0.02757
6.253502 0.027648
6.261055 0.027687
6.268626 0.027727
6.276215 0.027805
6.283823 0.027883
6.291449 0.027883
6.299095 0.027961
6.306758 0.028
6.31444 0.028118
6.32214 0.028196
6.32986 0.028235
6.337598 0.027922
6.345355 0.027687
6.353131 0.028196
6.360924 0.028352
6.368739 0.028157
6.376572 0.028274
6.384425 0.028509
6.392297 0.028509
6.400189 0.028274
6.4081 0.027453
6.416031 0.027179
6.423983 0.028
6.431953 0.028352
6.439943 0.028548
6.447953 0.028704
6.455982 0.028743
6.464032 0.028626
6.472102 0.028391
6.480192 0.028039
6.488305 0.02757
6.496436 0.02757
6.504587 0.028313
6.512758 0.028548
6.52095 0.028391
6.529163 0.028626
6.537397 0.028665
6.545651 0.02847
6.553923 0.028274
6.562219 0.028118
6.570536 0.027727
6.578875 0.027844
6.587234 0.028
6.595614 0.028039
6.604017 0.028235
6.61244 0.028157
6.620886 0.028
6.629353 0.027453
6.637841 0.027062
6.646351 0.027609
6.654883 0.028039
6.663437 0.028
6.672013 0.027766
6.680611 0.027531
6.689233 0.027648
6.697875 0.027766
6.70654 0.027453
6.715228 0.027335
6.723937 0.027375
6.73267 0.027453
6.741425 0.027492
6.750203 0.027414
6.759001 0.027335
6.767824 0.027179
6.776671 0.026944
6.785541 0.026632
6.794435 0.026671
6.803351 0.027023
6.812291 0.026983
6.821255 0.026749
6.830244 0.026671
6.839254 0.026827
6.848289 0.026671
6.857347 0.026084
6.86643 0.025967
6.875537 0.026592
6.884668 0.026749
6.893823 0.026671
6.902999 0.026553
6.912203 0.026632
6.921432 0.026749
6.930685 0.026827
6.939963 0.026827
6.949265 0.026671
6.958593 0.026358
6.967947 0.026553
6.977327 0.026788
6.98673 0.026788
6.996159 0.026788
7.005613 0.026827
7.015093 0.026788
7.024599 0.026749
7.03413 0.026592
7.043687 0.026201
7.053272 0.026358
7.062882 0.026671
7.072517 0.02671
7.082179 0.026632
7.091867 0.026592
7.101583 0.026592
7.111324 0.026475
7.121092 0.026358
7.130883 0.026358
7.140706 0.026123
7.150555 0.025967
7.160431 0.026006
7.170335 0.02581
7.180266 0.02581
7.190225 0.02581
7.200211 0.025615
7.210228 0.025458
7.22027 0.025458
7.23034 0.025341
7.240438 0.025263
7.250565 0.025185
7.26072 0.025067
7.270903 0.024872
7.281115 0.024754
7.291358 0.024676
7.301627 0.02452
7.311926 0.024402
7.322253 0.024207
7.33261 0.024011
7.342996 0.023933
7.353412 0.023972
7.363857 0.023894
7.374328 0.023738
7.384833 0.02362
7.395367 0.023503
7.405932 0.023386
7.416527 0.023268
7.427153 0.023112
7.437809 0.022956
7.448495 0.02276
7.459215 0.022564
7.469963 0.022408
7.480742 0.022252
7.491552 0.022056
7.502394 0.021821
7.513267 0.021587
7.524172 0.021391
7.535108 0.021157
7.546078 0.020922
7.557078 0.020766
7.56811 0.020531
7.579175 0.020257
7.590272 0.020062
7.601401 0.019788
7.612564 0.019475
7.623759 0.019201
7.634982 0.018888
7.646243 0.018654
7.657537 0.01838
7.668865 0.018067
7.680227 0.017793
7.691622 0.017481
7.703051 0.017129
7.714513 0.016777
7.726013 0.016425
7.737544 0.016073
7.74911 0.015643
7.76071 0.015291
7.772346 0.014821
7.784016 0.01443
7.795721 0.014117
7.807461 0.013648
7.819234 0.01314
7.831045 0.012749
7.842893 0.012319
7.854775 0.011967
7.866695 0.011536
7.87865 0.011145
7.890642 0.010637
7.90267 0.010129
7.914737 0.009659
7.926839 0.009229
7.938978 0.008799
7.951155 0.008369
7.963368 0.0079
7.97562 0.007391
7.987909 0.006883
8.000236 0.006453
8.012604 0.006062
8.025007 0.005553
8.03745 0.005084
8.04993 0.004615
8.062449 0.004184
8.075007 0.003754
8.087605 0.003324
8.100242 0.002894
8.112914 0.002581
8.12563 0.002307
8.138387 0.002073
8.151183 0.001877
8.16402 0.001916
8.176896 0.002229
8.189815 0.002698
8.202773 0.00348
8.215774 0.00481
8.228815 0.007
8.241898 0.010598
8.255021 0.015916
8.268188 0.023112
8.281395 0.031989
8.294645 0.041531
8.307939 0.051073
8.321277 0.060185
8.334655 0.068241
8.348077 0.074263
8.361541 0.078017
8.37505 0.081381
8.388601 0.086113
8.402197 0.093191
8.415837 0.103046
8.429516 0.11513
8.443245 0.126627
8.457019 0.134448
8.470837 0.137459
8.484701 0.136482
8.49861 0.132258
8.512566 0.124711
8.526567 0.113448
8.540616 0.099917
8.554709 0.088576
8.56885 0.081654
8.583036 0.074302
8.59727 0.06214
8.611551 0.049822
8.62588 0.04333
8.640257 0.043447
8.654684 0.04857
8.669156 0.05604
8.683678 0.064291
8.698248 0.073286
8.712867 0.083649
8.727534 0.095107
8.742252 0.107778
8.75702 0.123186
8.771832 0.139884
8.786699 0.150482
8.801618 0.1497
8.816586 0.140353
8.831606 0.131515
8.846677 0.130342
8.861799 0.134292
8.876974 0.135739
8.892203 0.13085
8.907482 0.1208
8.922813 0.109224
8.938197 0.098783
8.953634 0.09018
8.969126 0.082945
8.98467 0.077001
9.000268 0.072034
9.015924 0.068124
9.031631 0.065073
9.047393 0.062414
9.06321 0.059989
9.079082 0.057878
9.095011 0.056392
9.110995 0.055649
9.127035 0.055531
9.143127 0.055649
9.159282 0.055649
9.175492 0.055609
9.191761 0.055531
9.208088 0.055492
9.224472 0.05557
9.240915 0.05557
9.257417 0.055453
9.27398 0.055218
9.290601 0.054866
9.307281 0.054671
9.32402 0.054358
9.34082 0.054006
9.35768 0.053615
9.374602 0.053185
9.391585 0.052833
9.408624 0.05252
9.42573 0.052285
9.442899 0.051933
9.460131 0.051621
9.477425 0.051464
9.494783 0.051269
9.512204 0.050956
9.52969 0.050487
9.547244 0.050017
9.564858 0.04947
9.582539 0.048609
9.600284 0.047632
9.618095 0.047084
9.635973 0.047045
9.653916 0.047006
9.671927 0.046615
9.690009 0.045637
9.708156 0.04376
9.72637 0.041062
9.744653 0.038285
9.763004 0.03719
9.781425 0.038324
9.799915 0.040201
9.818476 0.041844
9.837101 0.043408
9.855803 0.044581
9.874576 0.045129
9.89342 0.045364
9.912336 0.045324
9.931326 0.045207
9.950388 0.045207
9.969523 0.045207
9.988736 0.04509
10.008019 0.045051
10.027377 0.045012
10.04681 0.044738
10.066319 0.044464
10.085902 0.044347
10.105563 0.044229
10.1253 0.044073
10.145119 0.043878
10.165011 0.043682
10.184982 0.043447
10.205031 0.043252
10.22516 0.043017
10.245367 0.042743
10.265656 0.042509
10.286023 0.042196
10.306466 0.041844
10.326997 0.04157
10.34761 0.041218
10.368304 0.040866
10.389083 0.040593
10.409945 0.04028
10.43089 0.039889
10.45192 0.039302
10.473039 0.038872
10.49424 0.038559
10.515526 0.038246
10.536899 0.037816
10.558359 0.037425
10.579906 0.036917
10.601542 0.036369
10.623267 0.035861
10.645084 0.035391
10.666988 0.034961
10.688982 0.034375
10.711066 0.03371
10.733243 0.033123
10.755511 0.032654
10.777872 0.031989
10.800325 0.031403
10.822865 0.030933
10.845508 0.030347
10.868244 0.029682
10.891077 0.029291
10.914005 0.029056
10.937031 0.028587
10.960154 0.028196
10.983374 0.027922
11.006698 0.027766
11.030116 0.027687
11.053635 0.02757
11.077253 0.027414
11.100973 0.027296
11.124795 0.027179
11.14872 0.027062
11.172747 0.027101
11.196871 0.02714
11.221107 0.026944
11.245447 0.026671
11.269894 0.026553
11.294447 0.026358
11.319107 0.026045
11.343875 0.02581
11.368752 0.025537
11.393744 0.025185
11.418839 0.024833
11.444047 0.024363
11.469365 0.024051
11.494797 0.023738
11.52034 0.023229
11.545999 0.022721
11.571771 0.022369
11.597663 0.021978
11.623667 0.021509
11.649787 0.021078
11.676025 0.020687
11.702382 0.020218
11.728858 0.019749
11.755454 0.019397
11.782171 0.019045
11.809002 0.018693
11.835962 0.018341
11.863048 0.018028
11.890256 0.017911
11.91759 0.017793
11.94505 0.017754
11.972636 0.017793
12.000351 0.01795
12.028198 0.018067
12.056171 0.018263
12.084274 0.018693
12.112508 0.019084
12.140875 0.019397
12.169374 0.019671
12.198009 0.019866
12.226777 0.020101
12.255688 0.020257
12.28473 0.020374
12.31391 0.020609
12.343228 0.020883
12.372687 0.021274
12.402287 0.021704
12.432029 0.022213
12.461913 0.022682
12.491931 0.022799
12.522105 0.022956
12.552425 0.023151
12.582892 0.023229
12.613507 0.023307
12.644272 0.023425
12.675187 0.023347
12.706254 0.023151
12.737479 0.023073
12.768852 0.023034
12.80038 0.023034
12.832064 0.023268
12.863906 0.023464
12.895905 0.023425
12.928064 0.023386
12.960384 0.023503
12.992874 0.023659
13.025519 0.023933
13.05833 0.024129
13.091305 0.024402
13.124448 0.024794
13.157759 0.025263
13.191238 0.025654
13.22489 0.026045
13.258701 0.026475
13.292698 0.026905
13.326869 0.027257
13.361217 0.027375
13.395742 0.027531
13.430446 0.027805
13.46533 0.028078
13.500397 0.028
13.535651 0.027844
13.571085 0.027727
13.606705 0.027609
13.642511 0.027414
13.678508 0.027453
13.714694 0.02757
13.751073 0.027179
13.787644 0.026866
13.82442 0.026749
13.861383 0.026553
13.898545 0.02628
13.935907 0.026006
13.97347 0.02581
14.011236 0.02538
14.049208 0.025145
14.087384 0.025067
14.125755 0.024754
14.16435 0.024402
14.203156 0.023855
14.242176 0.023151
14.281411 0.02276
14.320862 0.022369
14.360532 0.021626
14.400422 0.020961
14.440542 0.02057
14.48088 0.020101
14.521442 0.019397
14.562233 0.018771
14.603253 0.018302
14.644506 0.017793
14.685991 0.016855
14.727713 0.015995
14.76966 0.015291
14.811859 0.014978
14.8543 0.015095
14.896984 0.015682
14.939916 0.01709
14.983094 0.018888
15.026524 0.020805
15.070205 0.022604
15.11415 0.023659
15.158343 0.023777
15.202796 0.023699
15.24751 0.023503
15.292488 0.023347
15.337732 0.023699
15.383245 0.024989
15.429028 0.027531
15.475092 0.030816
15.521424 0.033632
15.568036 0.034492
15.614927 0.033319
15.662103 0.031442
15.709563 0.029838
15.757313 0.028626
15.805353 0.027687
15.853672 0.026983
15.902304 0.026983
15.951234 0.027531
16.000465 0.028313
16.050003 0.029369
16.099848 0.030777
16.150003 0.032302
16.200472 0.033749
16.251265 0.035
16.30237 0.036565
16.353796 0.038051
16.405548 0.039263
16.45763 0.040319
16.510042 0.040788
16.56279 0.040593
16.615877 0.039967
16.669313 0.039263
16.723085 0.038324
16.777206 0.037425
16.831676 0.036682
16.886503 0.036095
16.941689 0.035431
16.997234 0.034727
17.053146 0.034296
17.109409 0.033984
17.166063 0.033827
17.223093 0.033944
17.280504 0.034453
17.338299 0.034805
17.396481 0.034922
17.455055 0.035
17.514025 0.035118
17.573404 0.035274
17.633179 0.035548
17.693359 0.035313
17.753954 0.035039
17.814964 0.035
17.876394 0.034531
17.938251 0.033944
18.000536 0.033358
18.063269 0.033006
18.126427 0.032771
18.190027 0.032458
18.254078 0.032146
18.318579 0.031833
18.383539 0.031754
18.448961 0.03152
18.514851 0.031246
18.58119 0.031011
18.648029 0.030816
18.715351 0.03066
18.783159 0.030855
18.851461 0.031285
18.920263 0.031011
18.989569 0.030894
19.059383 0.031363
19.129725 0.031794
19.200575 0.031872
19.271952 0.03238
19.343863 0.033006
19.416311 0.032928
19.489305 0.033045
19.562849 0.033319
19.636951 0.033319
19.711594 0.033397
19.786827 0.033397
19.862638 0.032967
19.939034 0.032263
20.016018 0.032106
20.093599 0.032028
20.171785 0.032067
20.250582 0.031715
20.330009 0.031051
20.410049 0.030347
20.490723 0.029604
20.572035 0.029369
20.653994 0.029408
20.73661 0.028704
20.819889 0.02757
20.903841 0.02671
20.988487 0.026397
21.073807 0.025889
21.159821 0.02624
21.246542 0.027023
21.333977 0.027609
21.422132 0.028391
21.511023 0.028548
21.600651 0.027844
21.691 0.027453
21.782139 0.026983
21.874046 0.025967
21.966734 0.025537
22.060209 0.024598
22.154484 0.025067
22.249567 0.027101
22.34547 0.027766
22.442221 0.026475
22.539797 0.025302
22.638224 0.024911
22.737514 0.026201
22.837679 0.026397
22.93873 0.025576
23.04068 0.025106
23.143541 0.025419
23.247343 0.025928
23.35206 0.025732
23.457727 0.025576
23.564352 0.025962
23.671953 0.02623
23.78054 0.026587
23.890127 0.02699
24.000731 0.027347
24.112324 0.028017
24.224998 0.02909
24.338732 0.028688
24.453537 0.028241
24.569429 0.027302
24.686426 0.027302
24.804543 0.027749
24.923796 0.027705
25.044222 0.027749
25.165796 0.027526
25.288555 0.027526
25.412519 0.028062
25.537704 0.028777
25.664127 0.028956
25.791811 0.029805
25.920769 0.031145
26.051052 0.032575
26.182623 0.033603
26.315529 0.034318
26.449793 0.035792
26.585432 0.037535
26.722471 0.039054
26.860929 0.040663
27.00083 0.041825
27.142149 0.043031
27.285002 0.044193
27.429367 0.044461
27.575268 0.044461
27.722729 0.044506
27.871777 0.043791
28.022434 0.042942
28.17473 0.043121
28.328716 0.043165
28.484369 0.042853
28.641743 0.043657
28.800863 0.045132
28.961761 0.045534
29.124468 0.046249
29.289013 0.047723
29.455427 0.048617
29.623777 0.0496
29.794029 0.050896
29.966249 0.051879
30.140471 0.053622
30.316732 0.055901
30.495066 0.057956
30.67551 0.059788
30.858103 0.061218
31.04282 0.061665
31.229824 0.061218
31.419096 0.060235
31.610676 0.059252
31.804607 0.059297
32.000931 0.060637
32.199696 0.062916
32.400944 0.066089
32.604759 0.069753
32.811115 0.072791
33.020103 0.07516
33.231773 0.078332
33.446171 0.080075
33.663353 0.080969
33.883377 0.081237
34.106293 0.081639
34.332088 0.08213
34.560966 0.083382
34.792919 0.084275
35.028008 0.084186
35.266293 0.083739
35.507843 0.083292
35.752724 0.082756
36.001007 0.081684
36.252811 0.080209
36.508114 0.077707
36.767036 0.074623
37.029659 0.072166
37.296059 0.069842
37.566319 0.066223
37.840527 0.064391
38.118767 0.063676
38.40118 0.061799
38.687756 0.059788
38.978642 0.058716
39.273933 0.057465
39.573734 0.057554
39.878147 0.057375
40.187283 0.056169
40.501244 0.055543
40.820042 0.054918
41.144012 0.054962
41.473164 0.055096
41.807625 0.054783
42.147522 0.0538
42.492992 0.053398
42.844173 0.052817
43.20121 0.052147
43.564312 0.05103
43.933502 0.048796
44.309002 0.0475
44.690975 0.047589
45.079594 0.047187
45.475029 0.04607
45.87746 0.04607
46.287083 0.048885
46.704159 0.052907
47.128742 0.05742
47.561119 0.061665
48.001499 0.063274
48.450111 0.062916
48.907188 0.06229
49.372971 0.062022
49.847713 0.063363
50.331509 0.066178
50.824955 0.070244
51.328171 0.074668
51.841454 0.07936
52.365105 0.083069
52.899441 0.083918
53.444794 0.083248
54.001511 0.082354
54.570061 0.081147
55.150593 0.078958
55.74361 0.078466
56.349518 0.08213
56.968742 0.089861
57.60173 0.097591
58.24894 0.101211
58.910862 0.105143
59.588123 0.112337
60.28101 0.118995
60.9902 0.12266
61.716274 0.121945
62.459846 0.1177
63.221554 0.111891
64.002068 0.108271
64.802094 0.104518
65.622093 0.1013
66.463402 0.098932
67.326561 0.09853
68.21244 0.099155
69.121933 0.100541
70.056015 0.103937
71.015686 0.103758
72.002014 0.100541
73.016319 0.096876
74.05941 0.092855
75.132736 0.091023
76.237625 0.096385
77.375504 0.105545
78.547859 0.112337
79.756294 0.114616
81.002487 0.111756
82.28849 0.108629
83.61573 0.108003
84.986481 0.103981
86.402931 0.101524
87.867393 0.10273
89.382355 0.102685
90.95047 0.099155
92.574593 0.101524
94.25721 0.10416
96.002708 0.103311
97.814079 0.101613
99.695114 0.095536
101.649918 0.087135
103.682915 0.084812
105.798889 0.092497
108.003029 0.104562
110.301392 0.116538
112.699249 0.116806
115.203682 0.117565
117.821953 0.123285
120.562004 0.126592
123.432541 0.128871
126.443092 0.129898
129.604187 0.125341
132.926254 0.120559
136.424286 0.121006
140.11142 0.129228
144.003372 0.130435
148.117722 0.132222
152.474106 0.142723
157.094498 0.142902
162.003662 0.14098
167.230545 0.156352
172.804886 0.161893
178.763672 0.163457
185.148087 0.166853
192.005402 0.163412
199.390213 0.161803
207.365814 0.149694
216.006042 0.144778
