3.69212786891 0.332549143482
3.68985082363 0.331755641691
3.6875763105 0.331529002538
3.68530432561 0.330411718285
3.68303486509 0.330493340554
3.68076792506 0.329363338429
3.67850350164 0.33115357834
3.67624159096 0.330224343811
3.67398218917 0.329654829336
3.67172529243 0.329184682748
3.66947089688 0.32808799206
3.6672189987 0.325593709343
3.66496959405 0.325519791144
3.66272267913 0.324005328399
3.66047825012 0.325041644742
3.65823630321 0.324017035793
3.65599683461 0.324480413793
3.65375984053 0.325372307497
3.6515253172 0.324921370493
3.64929326083 0.324097466215
3.64706366766 0.323743758207
3.64483653393 0.322539659524
3.6426118559 0.3199880034
3.64038962982 0.319785745842
3.63816985194 0.319670514818
3.63595251856 0.319073842756
3.63373762593 0.317832249285
3.63152517035 0.317946290423
3.62931514812 0.317568531319
3.62710755552 0.317228366027
3.62490238888 0.317944322652
3.6226996445 0.31659677768
3.62049931872 0.314228994906
3.61830140784 0.315331102411
3.61610590823 0.314828063024
3.61391281621 0.314222833245
3.61172212815 0.313877611927
3.60953384039 0.314692564229
3.60734794931 0.314984654605
3.60516445128 0.312288173955
3.60298334268 0.311872252895
3.60080461989 0.309978288159
3.59862827931 0.309766727418
3.59645431734 0.309269290116
3.59428273039 0.30935824874
3.59211351488 0.307917960187
3.58994666722 0.308118457889
3.58778218386 0.305900317408
3.58562006121 0.304077705627
3.58346029573 0.304158282252
3.58130288387 0.303409885463
3.57914782209 0.302306183353
3.57699510684 0.301847105887
3.57484473461 0.300106766443
3.57269670186 0.299924409011
3.57055100508 0.299403322048
3.56840764078 0.299183868608
3.56626660543 0.298328793617
3.56412789556 0.297812047404
3.56199150766 0.295812510358
3.55985743827 0.296750262147
3.5577256839 0.296043034559
3.5555962411 0.295054028604
3.55346910639 0.293322145015
3.55134427633 0.293402701186
3.54922174746 0.29342779501
3.54710151635 0.293735123
3.54498357957 0.291882527077
3.54286793368 0.292017125826
3.54075457527 0.29266423446
3.53864350092 0.292782089188
3.53653470723 0.292268378348
3.53442819079 0.290373312094
3.53232394821 0.290239715574
3.5302219761 0.291112346562
3.52812227108 0.290445569546
3.52602482978 0.290314788907
3.52392964884 0.289348842523
3.52183672487 0.288320371289
3.51974605455 0.288221690398
3.51765763451 0.287075991236
3.51557146141 0.286866549626
3.51348753192 0.286953060857
3.5114058427 0.287594368611
3.50932639045 0.288692477497
3.50724917183 0.288702343067
3.50517418354 0.288337779003
3.50310142228 0.287205314179
3.50103088475 0.285618530056
3.49896256766 0.283760775973
3.49689646772 0.284122165797
3.49483258165 0.284129044991
3.4927709062 0.284304794777
3.49071143808 0.284850161386
3.48865417403 0.284997944809
3.48659911082 0.285600239163
3.48454624518 0.284297836442
3.48249557389 0.281547982271
3.48044709369 0.281781010005
3.47840080138 0.281211129475
3.47635669371 0.282330750804
3.47431476749 0.282116642552
3.47227501949 0.282861739364
3.47023744652 0.28235214442
3.46820204538 0.282063403914
3.46616881287 0.281429777097
3.46413774581 0.282194684837
3.46210884103 0.282239122085
3.46008209534 0.28188908498
3.45805750558 0.278796791898
3.4560350686 0.277830639078
3.45401478123 0.276111149297
3.45199664032 0.278298848535
3.44998064274 0.277931434023
3.44796678535 0.277999609868
3.44595506501 0.277387548998
3.4439454786 0.277811238575
3.441938023 0.27539670127
3.4399326951 0.274584713777
3.43792949179 0.274645832083
3.43592840996 0.275233412024
3.43392944653 0.275981713704
3.4319325984 0.276039595339
3.4299378625 0.276247641414
3.42794523573 0.274094271033
3.42595471503 0.273693964501
3.42396629733 0.27323815978
3.42197997958 0.274158330933
3.41999575871 0.27451660163
3.41801363168 0.274828272243
3.41603359544 0.273961694197
3.41405564696 0.273622818978
3.41207978321 0.274851705562
3.41010600116 0.274018105182
3.40813429778 0.273960676994
3.40616467007 0.274014417783
3.40419711501 0.273916790076
3.4022316296 0.27530276034
3.40026821085 0.275484843982
3.39830685576 0.275343745024
3.39634756134 0.275158043046
3.39439032462 0.276246186862
3.39243514261 0.277006959276
3.39048201236 0.276551118036
3.38853093089 0.278417988347
3.38658189524 0.278533842499
3.38463490247 0.27910381078
3.38268994963 0.279220506975
3.38074703377 0.27862888285
3.37880615196 0.278742774024
3.37686730126 0.277944844801
3.37493047876 0.276604990499
3.37299568152 0.278911062465
3.37106290665 0.279236693698
3.36913215122 0.280897171478
3.36720341233 0.279587933646
3.36527668709 0.279530378254
3.36335197261 0.278278838736
3.36142926599 0.279429291392
3.35950856435 0.279238075953
3.35758986482 0.279351157423
3.35567316452 0.27886806325
3.35375846059 0.280909493255
3.35184575018 0.28355993681
3.34993503041 0.282535989536
3.34802629845 0.281416992625
3.34611955145 0.280614368165
3.34421478657 0.281953850842
3.34231200097 0.284782433474
3.34041119183 0.285217154617
3.33851235633 0.283408848307
3.33661549163 0.282859781585
3.33472059494 0.281583717796
3.33282766344 0.283254996685
3.33093669433 0.282632205267
3.32904768482 0.283826096261
3.3271606321 0.282631946829
3.3252755334 0.282173942141
3.32339238593 0.282641259591
3.32151118692 0.283375133635
3.31963193358 0.283055577415
3.31775462317 0.282650302468
3.3158792529 0.281822264883
3.31400582004 0.282262273218
3.31213432182 0.281486260764
3.3102647555 0.280937730143
3.30839711834 0.280960468616
3.30653140761 0.27925401988
3.30466762056 0.280381717098
3.30280575448 0.278757940915
3.30094580665 0.279640839058
3.29908777434 0.279109195434
3.29723165485 0.279714352575
3.29537744547 0.279236187587
3.2935251435 0.278490065888
3.29167474625 0.276834383362
3.28982625101 0.276110019924
3.28797965512 0.27368469783
3.28613495588 0.271712622393
3.28429215061 0.27179915409
3.28245123665 0.272985370757
3.28061221134 0.273821865612
3.278775072 0.272750109936
3.27693981598 0.271903710384
3.27510644063 0.270938101354
3.27327494331 0.270608623347
3.27144532136 0.26898207966
3.26961757215 0.267086619958
3.26779169306 0.267387867041
3.26596768144 0.266935077261
3.26414553469 0.268172263435
3.26232525017 0.268876679816
3.26050682528 0.265639967533
3.25869025741 0.263569370736
3.25687554395 0.260605140431
3.2550626823 0.262599613787
3.25325166988 0.261893726982
3.25144250408 0.261205056774
3.24963518233 0.258885707525
3.24782970204 0.258098767922
3.24602606064 0.259383627154
3.24422425556 0.257460344718
3.24242428423 0.258520895733
3.24062614409 0.256427499522
3.23882983257 0.256263384504
3.23703534714 0.255532447123
3.23524268524 0.254660468314
3.23345184433 0.253552998939
3.23166282187 0.250869499467
3.22987561532 0.25063003934
3.22809022216 0.250027651338
3.22630663986 0.250157937708
3.2245248659 0.249489546236
3.22274489776 0.247311077417
3.22096673294 0.246427898643
3.21919036892 0.245520534572
3.21741580321 0.244973028552
3.21564303331 0.243545067772
3.21387205672 0.242725397235
3.21210287096 0.243985543559
3.21033547354 0.243279859942
3.20856986198 0.24209228093
3.2068060338 0.240411043739
3.20504398654 0.236879324869
3.20328371773 0.236224345448
3.20152522491 0.236989470761
3.19976850562 0.237722265374
3.1980135574 0.236502530547
3.19626037781 0.237725246699
3.19450896441 0.236858847254
3.19275931475 0.233750227453
3.1910114264 0.2343719196
3.18926529692 0.231810290474
3.18752092389 0.234211514227
3.1857783049 0.233006120715
3.18403743751 0.231166628907
3.18229831932 0.230011759241
3.18056094791 0.225631084731
3.17882532089 0.225242503104
3.17709143585 0.224829237367
3.17535929039 0.223581198508
3.17362888212 0.226282187816
3.17190020866 0.222226503172
3.17017326762 0.223857760619
3.16844805661 0.22247022548
3.16672457328 0.222758074431
3.16500281523 0.220255918581
3.16328278012 0.217419608302
3.16156446557 0.218918259221
3.15984786923 0.218547212617
3.15813298873 0.2166800281
3.15641982174 0.214127210062
3.15470836591 0.213583643278
3.15299861889 0.21343028479
3.15129057836 0.215065895586
3.14958424196 0.215645806674
3.14787960738 0.211692068794
3.14617667229 0.212096451444
3.14447543437 0.210656493448
3.1427758913 0.210504385823
3.14107804077 0.209383380014
3.13938188047 0.21149897159
3.1376874081 0.21052222791
3.13599462135 0.208473411081
3.13430351793 0.20755018055
3.13261409555 0.206391784335
3.13092635192 0.206561338463
3.12924028476 0.205199510495
3.12755589178 0.205233739295
3.1258731707 0.204929706129
3.12419211927 0.205776647392
3.1225127352 0.204585272646
3.12083501624 0.200466204516
3.11915896012 0.202097049824
3.11748456459 0.201603221044
3.11581182739 0.204134255616
3.11414074628 0.200250335713
3.11247131902 0.200303716931
3.11080354336 0.198801336236
3.10913741706 0.199985910914
3.1074729379 0.197651690997
3.10581010364 0.197379088674
3.10414891207 0.197035990006
3.10248936096 0.198138999842
3.10083144808 0.197597966581
3.09917517125 0.195783322808
3.09752052823 0.194435229287
3.09586751683 0.195361728348
3.09421613484 0.197461834917
3.09256638007 0.197052028541
3.09091825033 0.195567447543
3.08927174342 0.192955047136
3.08762685716 0.194210494813
3.08598358937 0.195520877721
3.08434193786 0.197911088366
3.08270190047 0.193213271347
3.08106347502 0.192186458138
3.07942665935 0.190281618144
3.07779145129 0.191147645926
3.07615784868 0.194534612699
3.07452584938 0.19427095281
3.07289545122 0.191745086529
3.07126665206 0.192872015306
3.06963944975 0.191933891621
3.06801384216 0.192168692005
3.06638982714 0.189908304673
3.06476740257 0.189777798571
3.06314656631 0.186939229401
3.06152731624 0.188659064355
3.05990965024 0.188577470724
3.05829356618 0.188336437713
3.05667906196 0.188454954754
3.05506613546 0.188977047788
3.05345478457 0.187768461383
3.0518450072 0.185615996182
3.05023680124 0.185873038925
3.0486301646 0.185831406012
3.04702509517 0.184528114948
3.04542159088 0.184318798381
3.04381964964 0.184031468705
3.04221926937 0.18484434465
3.04062044798 0.183607584554
3.0390231834 0.18283211136
3.03742747357 0.180413356866
3.03583331641 0.180364747529
3.03424070986 0.182164614039
3.03264965186 0.180955668625
3.03106014035 0.180849463557
3.02947217328 0.178903716792
3.02788574861 0.180343755346
3.02630086427 0.180705365163
3.02471751824 0.181179934967
3.02313570847 0.181231940636
3.02155543292 0.178218998502
3.01997668957 0.178938159334
3.01839947638 0.179472022039
3.01682379134 0.18077217495
3.01524963241 0.182207356766
3.01367699758 0.181351836993
3.01210588484 0.179184708476
3.01053629217 0.177623009484
3.00896821757 0.17993883318
3.00740165902 0.178295077826
3.00583661454 0.179654639985
3.00427308212 0.177201428167
3.00271105978 0.176613164549
3.0011505455 0.174009709539
2.99959153732 0.173970722264
2.99803403325 0.177787245544
2.9964780313 0.177093317209
2.9949235295 0.17535267288
2.99337052588 0.174434494502
2.99181901846 0.174936073824
2.99026900528 0.173170802226
2.98872048438 0.174289428377
2.98717345379 0.17336145171
2.98562791155 0.174848562935
2.98408385572 0.175350708977
2.98254128434 0.172444504395
2.98100019547 0.171388111393
2.97946058716 0.172993988429
2.97792245747 0.175967162764
2.97638580447 0.175472689439
2.97485062622 0.173662419752
2.97331692079 0.175301132338
2.97178468626 0.173196600622
2.97025392069 0.174272902812
2.96872462217 0.171362945804
2.96719678879 0.173169767436
2.96567041862 0.171455104884
2.96414550976 0.171859440091
2.96262206029 0.171252121887
2.96110006832 0.173707049276
2.95957953195 0.174006179475
2.95806044927 0.173212270906
2.95654281839 0.172703893371
2.95502663742 0.170532895034
2.95351190447 0.171219873361
2.95199861766 0.171637192131
2.9504867751 0.173414397356
2.94897637492 0.173569019249
2.94746741523 0.169748159604
2.94595989417 0.169703026618
2.94445380987 0.170148283922
2.94294916047 0.171447438779
2.94144594408 0.17352413204
2.93994415887 0.173219577591
2.93844380297 0.169917816006
2.93694487453 0.167053997986
2.9354473717 0.169241480911
2.93395129263 0.170497769191
2.93245663547 0.172425993924
2.93096339839 0.170556105165
2.92947157954 0.168994549623
2.9279811771 0.168399273819
2.92649218923 0.168932764583
2.9250046141 0.171095633242
2.92351844989 0.169184814771
2.92203369477 0.169170357872
2.92055034692 0.166261978627
2.91906840453 0.168385780804
2.91758786578 0.169318336505
2.91610872887 0.167619156121
2.91463099199 0.167858360041
2.91315465332 0.166883707674
2.91167971107 0.166715508342
2.91020616345 0.168109960065
2.90873400865 0.169740567029
2.90726324489 0.168776365983
2.90579387037 0.168403435102
2.90432588331 0.167566481596
2.90285928192 0.167855218246
2.90139406443 0.167899327328
2.89993022906 0.167798004743
2.89846777403 0.169060830869
2.89700669757 0.167921324985
2.89554699791 0.167332553704
2.89408867329 0.169057773113
2.89263172194 0.168878215116
2.89117614211 0.169067200516
2.88972193203 0.167952308178
2.88826908996 0.167311549724
2.88681761414 0.165471380239
2.88536750283 0.165660758116
2.88391875428 0.167169960463
2.88247136674 0.166058336563
2.88102533848 0.16640017797
2.87958066777 0.16246665133
2.87813735286 0.164998420126
2.87669539203 0.165191397156
2.87525478354 0.165518186894
2.87381552569 0.163602875485
2.87237761673 0.163795826618
2.87094105496 0.162148557829
2.86950583865 0.162703967068
2.8680719661 0.161249159938
2.86663943559 0.162072428451
2.86520824541 0.162557847233
2.86377839387 0.163404674629
2.86234987925 0.161723971674
2.86092269986 0.160607641224
2.85949685399 0.159759684566
2.85807233997 0.159119543792
2.85664915609 0.159032230041
2.85522730067 0.159081943821
2.85380677202 0.158334531058
2.85238756846 0.156246605793
2.85096968831 0.154121145645
2.8495531299 0.15343579674
2.84813789154 0.154673550918
2.84672397156 0.151728645647
2.84531136831 0.149314265221
2.8439000801 0.148086424026
2.84249010529 0.149867201754
2.8410814422 0.150904132598
2.83967408918 0.14991124374
2.83826804457 0.148893567348
2.83686330672 0.146781255565
2.83545987399 0.142499448966
2.83405774472 0.143805582822
2.83265691727 0.145807315877
2.83125739 0.145697446036
2.82985916126 0.141941257611
2.82846222944 0.140268155999
2.82706659287 0.139905713683
2.82567224995 0.141795211852
2.82427919904 0.139229812096
2.82288743851 0.138671469903
2.82149696675 0.136120438497
2.82010778212 0.136148477465
2.81871988302 0.134919516693
2.81733326782 0.134288672538
2.81594793492 0.132949578349
2.81456388271 0.132147102546
2.81318110958 0.131836253517
2.81179961392 0.130176832873
2.81041939413 0.13165811497
2.80904044861 0.128887302339
2.80766277578 0.125438815272
2.80628637402 0.123954713338
2.80491124175 0.123798377671
2.80353737739 0.123986803753
2.80216477934 0.124989986072
2.80079344602 0.122338084097
2.79942337586 0.12054562163
2.79805456726 0.118049236827
2.79668701866 0.117630747008
2.79532072848 0.117376013432
2.79395569516 0.117042605816
2.79259191711 0.114808229334
2.79122939278 0.113456028977
2.78986812061 0.113366051337
2.78850809903 0.112795291551
2.78714932648 0.111918970939
2.78579180142 0.109833313818
2.78443552227 0.107430519986
2.78308048751 0.106702783804
2.78172669557 0.105490718923
2.78037414491 0.103953925034
2.77902283398 0.103066141914
2.77767276126 0.100268768639
2.77632392519 0.0988852078316
2.77497632425 0.0976142130357
2.77362995689 0.0960396957262
2.7722848216 0.0953480145394
2.77094091683 0.0920602127645
2.76959824107 0.0910111558144
2.76825679279 0.0904217406127
2.76691657048 0.0899759773175
2.7655775726 0.0886709718071
2.76423979765 0.0882995795591
2.76290324411 0.0865025962073
2.76156791047 0.0851375082274
2.76023379523 0.0857302064372
2.75890089687 0.0845863126411
2.75756921389 0.0844293155486
2.7562387448 0.0827923283552
2.75490948808 0.0828976859375
2.75358144225 0.0807547453189
2.75225460581 0.080672727184
2.75092897727 0.0802987991643
2.74960455514 0.0809951651226
2.74828133793 0.0799288508598
2.74695932415 0.079245526123
2.74563851234 0.0799968958775
2.74431890099 0.0774615297025
2.74300048865 0.0777107052841
2.74168327383 0.0751402573818
2.74036725505 0.0750067126958
2.73905243086 0.0745724138431
2.73773879977 0.0735531983644
2.73642636033 0.0751140115683
2.73511511108 0.0744938841098
2.73380505054 0.0734237549164
2.73249617726 0.0745409923246
2.73118848979 0.0745069693367
2.72988198667 0.0769358451291
2.72857666645 0.0762872622782
2.72727252767 0.0752396476176
2.7259695689 0.0738352374082
2.72466778869 0.0749479902814
2.72336718559 0.0749705138579
2.72206775816 0.0754192511184
2.72076950498 0.0741952821901
2.71947242459 0.0728451359907
2.71817651557 0.0731233977732
2.71688177648 0.0735947354769
2.7155882059 0.0719261206311
2.7142958024 0.071677691033
2.71300456456 0.0723983141
2.71171449095 0.0720112973234
2.71042558015 0.0717009064952
2.70913783075 0.0724342126888
2.70785124133 0.0735065364518
2.70656581048 0.0744854893067
2.70528153679 0.0756026371522
2.70399841884 0.077042471279
2.70271645524 0.0797646243036
2.70143564457 0.0824485099242
2.70015598544 0.0842073237626
2.69887747644 0.085896692803
2.69760011618 0.088314616195
2.69632390327 0.0907379224504
2.6950488363 0.0946931278868
2.69377491389 0.098169364106
2.69250213465 0.101871218676
2.6912304972 0.10511891446
2.68996000014 0.108558943776
2.6886906421 0.112728312271
2.6874224217 0.117848205126
2.68615533756 0.122371345666
2.6848893883 0.127025812343
2.68362457255 0.131576692965
2.68236088893 0.135691802717
2.68109833609 0.140133927859
2.67983691265 0.145360724301
2.67857661725 0.148379609763
2.67731744852 0.153678213153
2.6760594051 0.157783586398
2.67480248564 0.16233725448
2.67354668878 0.167240543957
2.67229201316 0.171211573318
2.67103845744 0.17492198884
2.66978602026 0.175510108492
2.66853470027 0.179264176466
2.66728449613 0.182496176236
2.6660354065 0.185686459446
2.66478743003 0.188941781472
2.66354056539 0.19274926077
2.66229481123 0.195871128005
2.66105016623 0.196360076235
2.65980662904 0.198765570349
2.65856419835 0.202080160391
2.65732287281 0.205770257217
2.6560826511 0.207513810142
2.6548435319 0.209620983832
2.65360551389 0.212418718649
2.65236859573 0.213541692742
2.65113277613 0.215793778044
2.64989805375 0.21917723387
2.64866442728 0.221944262838
2.64743189542 0.224740349304
2.64620045684 0.226203201583
2.64497011025 0.228825676993
2.64374085434 0.231146548727
2.64251268779 0.233035296103
2.64128560932 0.235832673766
2.64005961761 0.238220334815
2.63883471138 0.240492945707
2.63761088932 0.243164869201
2.63638815014 0.244849644776
2.63516649255 0.246272329419
2.63394591525 0.247812027058
2.63272641697 0.250280777073
2.63150799641 0.252725169195
2.63029065229 0.253805387578
2.62907438332 0.255669775537
2.62785918823 0.258952547746
2.62664506574 0.258941047388
2.62543201458 0.260133867655
2.62422003345 0.262082602084
2.62300912111 0.263718326712
2.62179927627 0.26570141398
2.62059049767 0.266066948833
2.61938278403 0.266188860235
2.61817613411 0.267617591093
2.61697054662 0.268276492538
2.61576602032 0.2698732043
2.61456255394 0.271677845455
2.61336014623 0.273100000079
2.61215879593 0.273740003581
2.61095850179 0.274499966646
2.60975926256 0.276416992174
2.60856107699 0.27581184909
2.60736394383 0.275066859025
2.60616786184 0.276824494615
2.60497282977 0.278900506897
2.60377884639 0.280526684628
2.60258591045 0.281416992443
2.60139402072 0.281594435811
2.60020317595 0.282591225773
2.59901337492 0.283414760754
2.5978246164 0.284077327335
2.59663689915 0.283641977271
2.59545022195 0.284301817875
2.59426458358 0.285469865179
2.59307998279 0.287624470331
2.59189641838 0.287752900381
2.59071388913 0.288267494891
2.58953239381 0.288795554053
2.58835193121 0.289253155593
2.58717250011 0.289032491171
2.58599409931 0.289050301742
2.58481672758 0.289869717202
2.58364038372 0.291688941523
2.58246506652 0.29275496805
2.58129077478 0.29238514818
2.5801175073 0.292632597288
2.57894526286 0.293558844066
2.57777404028 0.29334404438
2.57660383835 0.294388687127
2.57543465587 0.295318500936
2.57426649166 0.295895875064
2.57309934451 0.29630624794
2.57193321325 0.297445010509
2.57076809667 0.298336313298
2.56960399359 0.298774523525
2.56844090283 0.298621055418
2.5672788232 0.29957032726
2.56611775352 0.300123650382
2.56495769261 0.299403934533
2.56379863929 0.301134137857
2.56264059238 0.302036996443
2.56148355072 0.301933044818
2.56032751312 0.30251751326
2.55917247842 0.303237136312
2.55801844544 0.303112626711
2.55686541302 0.303278426459
2.55571338 0.304046993585
2.5545623452 0.304183435836
2.55341230747 0.304633338007
2.55226326565 0.305070859511
2.55111521857 0.305911296283
2.54996816508 0.30580890966
2.54882210403 0.306818168685
2.54767703426 0.308628693558
2.54653295461 0.308783835359
2.54538986395 0.308111412547
2.54424776111 0.308817101613
2.54310664496 0.309442913563
2.54196651435 0.310006110772
2.54082736813 0.311000380145
2.53968920517 0.312056978686
2.53855202433 0.312625867723
2.53741582446 0.313891710884
2.53628060443 0.314427209721
2.5351463631 0.313560826311
2.53401309935 0.314093375568
2.53288081204 0.315808807868
2.53174950004 0.315856315702
2.53061916223 0.315808445141
2.52948979747 0.316482417714
2.52836140465 0.317151432431
2.52723398264 0.317994818996
2.52610753033 0.319464829369
2.52498204658 0.319811330314
2.52385753029 0.319274888917
2.52273398033 0.320343912875
2.5216113956 0.320350270567
2.52048977498 0.321228339914
2.51936911735 0.320784990206
2.51824942162 0.321447651419
2.51713068667 0.32275702866
2.5160129114 0.323380247331
2.51489609471 0.323296576429
2.51378023548 0.324737845682
2.51266533262 0.325214830419
2.51155138503 0.326028827798
2.51043839162 0.326511625735
2.50932635128 0.326593841406
2.50821526292 0.327490100593
2.50710512545 0.328111244138
2.50599593778 0.328774445101
2.50488769882 0.329185198437
2.50378040748 0.328977215635
2.50267406267 0.329807779039
2.50156866332 0.330613176641
2.50046420833 0.331797021319
2.49936069662 0.332473397785
2.49825812713 0.332235787833
2.49715649876 0.333153328693
2.49605581044 0.332742901172
2.49495606109 0.3340906638
2.49385724965 0.334736193931
2.49275937505 0.335066807471
2.4916624362 0.335467764529
2.49056643204 0.336675000746
2.48947136151 0.339121372615
2.48837722354 0.339593377436
2.48728401707 0.341300224176
2.48619174103 0.341610135919
2.48510039436 0.342503425159
2.48400997601 0.343803872738
2.48292048491 0.34627153258
2.48183192002 0.347337155509
2.48074428027 0.347549060793
2.47965756462 0.348011370095
2.478571772 0.34806103826
2.47748690139 0.349010338071
2.47640295171 0.349983653303
2.47531992194 0.350998890181
2.47423781101 0.351692020663
2.4731566179 0.353020726865
2.47207634155 0.353498695199
2.47099698094 0.354803397939
2.46991853501 0.355545888512
2.46884100273 0.35562646381
2.46776438306 0.355990965351
2.46668867498 0.356333353863
2.46561387745 0.357259354927
2.46453998943 0.358988424106
2.4634670099 0.359521136372
2.46239493783 0.359773607499
2.4613237722 0.359491814393
2.46025351197 0.360976164233
2.45918415612 0.361439778342
2.45811570364 0.362528533042
2.4570481535 0.363685022417
2.45598150468 0.364189213188
2.45491575616 0.365053030283
2.45385090693 0.365492636732
2.45278695598 0.365847715691
2.45172390229 0.367306490596
2.45066174484 0.368061483334
2.44960048264 0.369468917903
2.44854011467 0.370467343677
2.44748063991 0.371279181403
2.44642205738 0.372430668146
2.44536436606 0.374104873279
2.44430756495 0.375375219867
2.44325165305 0.376601904598
2.44219662935 0.377619063495
2.44114249287 0.378888112695
2.44008924261 0.380385133878
2.43903687756 0.382577940946
2.43798539673 0.383791196102
2.43693479914 0.385327442387
2.43588508379 0.387037727214
2.43483624969 0.388713674161
2.43378829585 0.390319632299
2.43274122129 0.391829716573
2.43169502502 0.393418175321
2.43064970606 0.394816911477
2.42960526343 0.396459231785
2.42856169613 0.397083458633
2.42751900321 0.397790214789
2.42647718366 0.399297431755
2.42543623653 0.400990767594
2.42439616083 0.401705663423
2.4233569556 0.403149503595
2.42231861985 0.404047102043
2.42128115262 0.405112740661
2.42024455293 0.405714435272
2.41920881983 0.406604902318
2.41817395233 0.407282962006
2.41713994949 0.408729143236
2.41610681033 0.409088560233
2.41507453388 0.409758518278
2.4140431192 0.410807734139
2.41301256532 0.411252831333
2.41198287128 0.411527830654
2.41095403612 0.411499339587
2.40992605889 0.411451442689
2.40889893864 0.411546902144
2.40787267441 0.41188546088
2.40684726525 0.412459824088
2.40582271021 0.412809128204
2.40479900834 0.412137889833
2.40377615869 0.411646465775
2.40275416032 0.411084600449
2.40173301229 0.410863410338
2.40071271365 0.409900447333
2.39969326345 0.409701226539
2.39867466077 0.40842302795
2.39765690465 0.407767456953
2.39663999416 0.406963360184
2.39562392837 0.406281105252
2.39460870634 0.405759529986
2.39359432713 0.405342972171
2.39258078982 0.405337097915
2.39156809347 0.404559652756
2.39055623716 0.403019070783
2.38954521995 0.403517874805
2.38853504091 0.404036256914
2.38752569913 0.404655218817
2.38651719368 0.404685683086
2.38550952363 0.404778888672
2.38450268806 0.405440294699
2.38349668606 0.405745469116
2.3824915167 0.407398863408
2.38148717907 0.408648576087
2.38048367224 0.409912773535
2.37948099531 0.410568481462
2.37847914737 0.411413829542
2.37747812749 0.41222751732
2.37647793476 0.413811639651
2.37547856829 0.415396607591
2.37448002715 0.417003397872
2.37348231045 0.418200947858
2.37248541727 0.4190958523
2.37148934671 0.41991799235
2.37049409787 0.421519223002
2.36949966985 0.421858278964
2.36850606174 0.422070226726
2.36751327265 0.422662603002
2.36652130168 0.423075707075
2.36553014792 0.422883563831
2.3645398105 0.423373558808
2.3635502885 0.423506514288
2.36256158104 0.423905307816
2.36157368723 0.424426675475
2.36058660617 0.425368784001
2.35960033698 0.425774028506
2.35861487877 0.426117668455
2.35763023065 0.427145693415
2.35664639173 0.427770946287
2.35566336114 0.428835652624
2.35468113799 0.429090389454
2.3536997214 0.430777979285
2.35271911048 0.431419049033
2.35173930437 0.43345483161
2.35076030217 0.435037017163
2.34978210302 0.436584864012
2.34880470603 0.437145042799
2.34782811035 0.438303789351
2.34685231508 0.439409349385
2.34587731936 0.440935076705
2.34490312232 0.441832799714
2.3439297231 0.442845695515
2.34295712081 0.443381624134
2.34198531461 0.443646583448
2.34101430361 0.44384246277
2.34004408696 0.444859257727
2.33907466379 0.445449707424
2.33810603325 0.444719625563
2.33713819446 0.444529109647
2.33617114658 0.444919433579
2.33520488874 0.445989335795
2.33423942009 0.445847345733
2.33327473977 0.446144908533
2.33231084692 0.444996472837
2.3313477407 0.445073700924
2.33038542025 0.445396754627
2.32942388472 0.445569204384
2.32846313327 0.446821513147
2.32750316503 0.447121417858
2.32654397917 0.446752204171
2.32558557484 0.446305236136
2.32462795119 0.44627514523
2.32367110738 0.447199498287
2.32271504257 0.447585862139
2.32175975592 0.448368645503
2.32080524659 0.4489243486
2.31985151373 0.449449053258
2.31889855651 0.449955470989
2.3179463741 0.450676621383
2.31699496566 0.451513726572
2.31604433034 0.452481133237
2.31509446733 0.453318902044
2.31414537579 0.454430358206
2.31319705489 0.455640921861
2.3122495038 0.456448505827
2.31130272169 0.458423891914
2.31035670773 0.459785594034
2.30941146109 0.461204959374
2.30846698097 0.461493307146
2.30752326652 0.46324944172
2.30658031692 0.464237466669
2.30563813136 0.465666534755
2.30469670902 0.466746736279
2.30375604907 0.467922784585
2.3028161507 0.46859021268
2.30187701309 0.470322796608
2.30093863543 0.472151920007
2.30000101689 0.473498637481
2.29906415668 0.473459662599
2.29812805397 0.474150016172
2.29719270795 0.474443837537
2.29625811782 0.476226711982
2.29532428276 0.477859285228
2.29439120197 0.479128651432
2.29345887465 0.479627843991
2.29252729997 0.479178033696
2.29159647715 0.480396388559
2.29066640538 0.481549260032
2.28973708386 0.483298692325
2.28880851178 0.483324239228
2.28788068834 0.484093310909
2.28695361275 0.485149066682
2.28602728421 0.48632257341
2.28510170193 0.487657067911
2.2841768651 0.487995304914
2.28325277293 0.488552623194
2.28232942464 0.489495021091
2.28140681942 0.491094640029
2.28048495649 0.492153736629
2.27956383505 0.493426827689
2.27864345433 0.494393718093
2.27772381352 0.494837671825
2.27680491185 0.495511096097
2.27588674853 0.497336844814
2.27496932277 0.498839235022
2.2740526338 0.500070054599
2.27313668082 0.50072246467
2.27222146306 0.500597524332
2.27130697974 0.501355327615
2.27039323007 0.502487450748
2.26948021329 0.503730272755
2.26856792861 0.504817877779
2.26765637526 0.504827793067
2.26674555246 0.505732937289
2.26583545945 0.50579034107
2.26492609544 0.506902005654
2.26401745967 0.508185045955
2.26310955136 0.508692317292
2.26220236975 0.508896686602
2.26129591407 0.508987437196
2.26039018355 0.508834191311
2.25948517742 0.509875296866
2.25858089493 0.511169085962
2.2576773353 0.511922706612
2.25677449778 0.512240134268
2.25587238159 0.511792017816
2.25497098599 0.51128285145
2.25407031021 0.511811365036
2.25317035348 0.512556991386
2.25227111507 0.512708023139
2.2513725942 0.512522012069
2.25047479012 0.512551947817
2.24957770208 0.513175044703
2.24868132933 0.514123862364
2.2477856711 0.514697805655
2.24689072666 0.513488482557
2.24599649525 0.513071559771
2.24510297611 0.51349285182
2.24421016851 0.513694799081
2.24331807169 0.513129310368
2.24242668491 0.513042710442
2.24153600743 0.512340732676
2.24064603849 0.513181034476
2.23975677736 0.513007409076
2.23886822329 0.513011302299
2.23798037555 0.512541498997
2.23709323338 0.512890677659
2.23620679606 0.512902573514
2.23532106285 0.512679345457
2.234436033 0.511689520274
2.23355170578 0.510897793781
2.23266808046 0.509961635607
2.23178515631 0.508861572482
2.23090293258 0.508509754783
2.23002140855 0.507738330393
2.22914058348 0.506002090166
2.22826045665 0.503300403819
2.22738102733 0.500527215375
2.22650229479 0.498075479277
2.2256242583 0.496018474904
2.22474691713 0.493308991677
2.22387027057 0.488876276945
2.22299431788 0.484013669508
2.22211905834 0.478569865114
2.22124449124 0.473349058549
2.22037061584 0.467285983126
2.21949743144 0.460345194189
2.2186249373 0.452677598026
2.21775313272 0.444791860994
2.21688201697 0.437835507529
2.21601158935 0.430666095794
2.21514184912 0.422619335737
2.21427279559 0.415650783714
2.21340442803 0.40866702281
2.21253674573 0.403947757413
2.21166974799 0.399351465485
2.21080343408 0.395894414291
2.20993780331 0.394350468315
2.20907285497 0.393925524975
2.20820858834 0.395250789902
2.20734500272 0.396323314512
2.2064820974 0.398569633027
2.20561987168 0.401492553998
2.20475832486 0.404930251861
2.20389745623 0.409477416776
2.20303726509 0.413205335256
2.20217775074 0.416926108464
2.20131891248 0.4194237755
2.20046074962 0.421894809517
2.19960326144 0.425461399006
2.19874644727 0.427833136729
2.19789030639 0.430014676161
2.19703483812 0.430933943947
2.19618004176 0.431996440532
2.19532591661 0.433975185401
2.19447246199 0.436106280395
2.19361967721 0.437851660663
2.19276756157 0.439400235118
2.19191611438 0.439927832344
2.19106533495 0.442162125994
2.19021522261 0.444293946924
2.18936577665 0.446101126183
2.1885169964 0.447776615459
2.18766888117 0.448871031725
2.18682143027 0.450331266528
2.18597464303 0.452165583046
2.18512851875 0.453222157074
2.18428305677 0.454463335283
2.18343825639 0.455541459691
2.18259411695 0.45566693975
2.18175063775 0.455778885663
2.18090781813 0.456364915807
2.18006565741 0.457034621275
2.1792241549 0.457081498874
2.17838330995 0.457440134217
2.17754312186 0.456847179475
2.17670358998 0.456859920794
2.17586471362 0.457056571975
2.17502649212 0.456912152637
2.1741889248 0.456911370835
2.173352011 0.456270679325
2.17251575005 0.455591253441
2.17168014127 0.455141212268
2.17084518401 0.454937391694
2.1700108776 0.455089497375
2.16917722137 0.454625391838
2.16834421466 0.454295290108
2.1675118568 0.454343405955
2.16668014714 0.454333981509
2.16584908501 0.453820012913
2.16501866975 0.455037019462
2.1641889007 0.456442841792
2.16335977721 0.45690711397
2.1625312986 0.457649878156
2.16170346424 0.457952492041
2.16087627346 0.46023452026
2.16004972561 0.461807728605
2.15922382002 0.463785258184
2.15839855606 0.465235305375
2.15757393306 0.46649045681
2.15674995038 0.468709026654
2.15592660736 0.472007689944
2.15510390335 0.475007922093
2.15428183771 0.47786371911
2.15346040979 0.480517387536
2.15263961893 0.483672210727
2.15181946449 0.487229960735
2.15099994584 0.492402594404
2.15018106231 0.496520456821
2.14936281327 0.499973300338
2.14854519808 0.501975608983
2.14772821609 0.505723438157
2.14691186666 0.509699312215
2.14609614915 0.514078381095
2.14528106292 0.517511496046
2.14446660733 0.51959828945
2.14365278175 0.523057313167
2.14283958553 0.525083540707
2.14202701805 0.528317849004
2.14121507866 0.530435227298
2.14040376673 0.534710087767
2.13959308162 0.537759771717
2.13878302271 0.539791254515
2.13797358937 0.541642680159
2.13716478095 0.543595208236
2.13635659683 0.54574975114
2.13554903639 0.54809078856
2.13474209898 0.550672720091
2.13393578399 0.549615270519
2.13313009078 0.552291962566
2.13232501874 0.555032722259
2.13152056723 0.556133032425
2.13071673563 0.555091952551
2.12991352332 0.558252669201
2.12911092967 0.558710839188
2.12830895407 0.557058083743
2.12750759588 0.557808836572
2.12670685449 0.560723927876
2.12590672929 0.558655667375
2.12510721964 0.556506386807
2.12430832494 0.560817675863
2.12351004456 0.564169387156
2.1227123779 0.566093516836
2.12191532432 0.565191983128
2.12111888323 0.565008137372
2.120323054 0.567687094944
2.11952783603 0.565969750459
2.11873322869 0.564498900782
2.11793923138 0.566877158704
2.11714584349 0.571442197939
2.11635306441 0.574732285256
2.11556089353 0.57985614747
2.11476933023 0.582683936664
2.11397837392 0.581458846287
2.11318802398 0.577783094427
2.11239827982 0.576970286704
2.11160914082 0.5790813341
2.11082060638 0.580146682746
2.11003267589 0.581915568673
2.10924534876 0.582967659236
2.10845862438 0.584064001546
2.10767250216 0.587469758928
2.10688698148 0.588895306654
2.10610206175 0.588507658375
2.10531774238 0.587762302474
2.10453402276 0.590025361198
2.1037509023 0.590579606026
2.10296838039 0.590886922643
2.10218645646 0.591830832665
2.10140512989 0.591964320467
2.1006244001 0.592445121813
2.09984426648 0.592948450378
2.09906472846 0.594909313157
2.09828578544 0.594884565553
2.09750743682 0.593693372857
2.09672968202 0.593667653473
2.09595252045 0.594745891281
2.09517595151 0.596911099565
2.09439997463 0.596986344536
2.09362458921 0.598274927633
2.09284979466 0.596372602515
2.09207559041 0.596636560022
2.09130197586 0.596952894292
2.09052895043 0.598403481471
2.08975651355 0.598341980461
2.08898466462 0.598502384216
2.08821340306 0.599797347643
2.08744272829 0.60058872553
2.08667263974 0.600071077462
2.08590313682 0.599441234357
2.08513421896 0.600149466024
2.08436588557 0.601177618132
2.08359813608 0.600894510794
2.08283096992 0.602630861084
2.0820643865 0.603291725904
2.08129838525 0.60443842294
2.0805329656 0.603861380288
2.07976812697 0.603934372141
2.07900386879 0.604207697568
2.07824019049 0.604773103726
2.0774770915 0.606194912069
2.07671457124 0.606909635681
2.07595262916 0.606060651696
2.07519126466 0.605988664331
2.0744304772 0.604965217893
2.0736702662 0.60671798757
2.0729106311 0.607545455286
2.07215157132 0.609648037445
2.0713930863 0.609969459892
2.07063517549 0.609390960914
2.06987783831 0.610325603081
2.06912107419 0.610950632017
2.06836488259 0.612250014633
2.06760926294 0.6131510699
2.06685421466 0.61279430066
2.06609973722 0.611372965928
2.06534583004 0.612278348952
2.06459249256 0.612499592823
2.06383972424 0.614172508337
2.0630875245 0.614180866934
2.0623358928 0.615922590168
2.06158482858 0.61490197194
2.06083433128 0.615143857731
2.06008440035 0.615337099181
2.05933503523 0.617058680349
2.05858623537 0.617536171169
2.05783800023 0.617798266329
2.05709032924 0.617156927408
2.05634322185 0.616137032266
2.05559667752 0.616092844629
2.0548506957 0.617229026273
2.05410527583 0.618161078664
2.05336041737 0.618894143911
2.05261611977 0.618499828169
2.05187238249 0.617192427803
2.05112920498 0.616933889001
2.05038658668 0.617390078655
2.04964452707 0.618669764447
2.04890302559 0.620171931009
2.0481620817 0.619870175705
2.04742169486 0.620005143619
2.04668186453 0.61894219493
2.04594259016 0.618369535066
2.04520387121 0.619905064921
2.04446570715 0.619196995233
2.04372809744 0.619527838755
2.04299104153 0.619227462873
2.0422545389 0.619143817837
2.04151858899 0.620072155694
2.04078319128 0.620521044694
2.04004834523 0.620576240202
2.03931405031 0.621222015354
2.03858030597 0.620937762308
2.0378471117 0.62121335948
2.03711446695 0.621796973279
2.03638237119 0.622293998359
2.03565082389 0.622443508551
2.03491982452 0.62268714366
2.03418937255 0.623069403338
2.03345946745 0.621717454332
2.03273010869 0.621987426747
2.03200129574 0.622840696617
2.03127302808 0.622799168568
2.03054530518 0.622155735635
2.0298181265 0.622097785627
2.02909149154 0.622451089029
2.02836539975 0.623044872199
2.02763985063 0.623153884475
2.02691484363 0.623261799421
2.02619037825 0.624021454711
2.02546645396 0.625107656406
2.02474307023 0.62441467466
2.02402022655 0.624167556782
2.0232979224 0.624666355129
2.02257615725 0.625043658613
2.02185493059 0.624719170947
2.0211342419 0.624275355908
2.02041409066 0.624049415477
2.01969447636 0.624336503972
2.01897539848 0.624602508324
2.0182568565 0.624177132154
2.01753884991 0.624696997079
2.01682137819 0.625113558601
2.01610444083 0.626406226723
2.01538803732 0.624984636624
2.01467216714 0.624591887205
2.01395682979 0.623855489377
2.01324202475 0.625339088201
2.01252775151 0.625206187047
2.01181400957 0.624951436009
2.0111007984 0.624695853482
2.01038811752 0.623996661044
2.00967596639 0.623627575156
2.00896434453 0.624797789462
2.00825325142 0.624154534805
2.00754268656 0.624676745818
2.00683264944 0.625142234087
2.00612313956 0.625940870098
2.00541415641 0.62630297811
2.00470569949 0.625905345418
2.0039977683 0.624622700786
2.00329036233 0.62336337136
2.00258348109 0.624543365681
2.00187712407 0.625218911461
2.00117129078 0.624181030494
2.0004659807 0.62236414156
1.99976119336 0.623161866565
1.99905692823 0.623491763537
1.99835318484 0.62465213403
1.99764996268 0.623418725476
1.99694726125 0.622085566246
1.99624508006 0.622441671547
1.99554341862 0.622875058075
1.99484227642 0.622102135674
1.99414165298 0.623694985829
1.99344154781 0.622675638601
1.9927419604 0.622790228635
1.99204289027 0.622278055744
1.99134433693 0.622668692136
1.99064629988 0.622688736538
1.98994877864 0.621826661692
1.98925177271 0.62114370548
1.98855528161 0.621357822253
1.98785930485 0.620768938898
1.98716384194 0.622719187555
1.98646889239 0.622305585051
1.98577445572 0.621305262735
1.98508053144 0.621760108443
1.98438711907 0.620011712221
1.98369421812 0.620916788485
1.9830018281 0.620299273165
1.98230994854 0.621565958518
1.98161857895 0.622304492658
1.98092771885 0.621457719493
1.98023736775 0.61937050553
1.97954752518 0.618286724547
1.97885819066 0.618887259071
1.9781693637 0.618807251761
1.97748104382 0.619015618463
1.97679323056 0.618702040622
1.97610592342 0.618774087274
1.97541912194 0.617993664567
1.97473282563 0.618323369808
1.97404703401 0.618610927194
1.97336174663 0.617167407276
1.97267696299 0.615710596504
1.97199268262 0.615612560713
1.97130890505 0.617241066356
1.97062562981 0.617529323277
1.96994285642 0.617174680656
1.96926058442 0.615171740989
1.96857881332 0.61473498057
1.96789754266 0.615262141082
1.96721677198 0.616869893207
1.96653650079 0.615044548056
1.96585672863 0.614563941662
1.96517745503 0.613052441985
1.96449867952 0.613561617983
1.96382040164 0.613665283716
1.96314262092 0.615242740179
1.96246533689 0.613703799983
1.96178854908 0.612022854478
1.96111225704 0.612148230579
1.96043646029 0.613274458963
1.95976115838 0.614200839313
1.95908635084 0.613391181849
1.9584120372 0.612780983034
1.95773821701 0.611876106257
1.9570648898 0.610708067906
1.95639205511 0.61092921856
1.95571971248 0.609796980844
1.95504786146 0.609367672014
1.95437650158 0.609552692754
1.95370563237 0.609875828077
1.9530352534 0.610133795195
1.95236536419 0.609929450368
1.95169596429 0.609642948175
1.95102705324 0.609629030613
1.95035863059 0.607786722448
1.94969069588 0.606715759965
1.94902324866 0.608476254194
1.94835628847 0.607488930096
1.94768981486 0.607542957815
1.94702382738 0.605969058623
1.94635832557 0.605525260235
1.94569330898 0.605905716224
1.94502877716 0.606832707971
1.94436472966 0.605953774826
1.94370116602 0.605322717893
1.94303808581 0.604651201215
1.94237548856 0.604379358827
1.94171337384 0.604993412211
1.94105174118 0.605211406067
1.94039059015 0.60477610235
1.9397299203 0.603726886156
1.93906973118 0.602423187988
1.93841002234 0.602440113734
1.93775079334 0.603440268981
1.93709204374 0.603662091702
1.93643377309 0.602566057885
1.93577598094 0.601453034666
1.93511866686 0.600248964171
1.9344618304 0.601820624758
1.93380547111 0.601645270808
1.93314958856 0.601441725546
1.93249418231 0.600023932783
1.93183925192 0.59862569904
1.93118479693 0.599521111743
1.93053081693 0.599502235088
1.92987731146 0.6006546103
1.92922428009 0.598214584857
1.92857172238 0.596485481879
1.92791963789 0.595499538413
1.92726802619 0.596285673315
1.92661688684 0.595915682731
1.92596621941 0.596153030024
1.92531602345 0.594096155985
1.92466629854 0.593471542211
1.92401704424 0.593114996397
1.92336826012 0.59594754592
1.92271994574 0.594510726592
1.92207210068 0.594554540779
1.92142472449 0.591848042238
1.92077781675 0.593140551938
1.92013137703 0.592050829778
1.9194854049 0.593258990297
1.91883989992 0.591684310701
1.91819486167 0.591836164188
1.91755028972 0.589982380223
1.91690618364 0.5898752252
1.91626254301 0.589618293401
1.91561936739 0.590412848744
1.91497665635 0.589767139247
1.91433440949 0.589739242411
1.91369262635 0.588844689908
1.91305130654 0.588256500226
1.9124104496 0.587863068409
1.91177005514 0.588258129533
1.91113012271 0.589922036226
1.91049065189 0.591093451312
1.90985164228 0.592620101196
1.90921309343 0.593533504753
1.90857500493 0.594831046015
1.90793737637 0.593937661963
1.90730020731 0.595285690582
1.90666349734 0.596530207224
1.90602724604 0.599803330912
1.90539145299 0.600534996933
1.90475611777 0.602203616224
1.90412123997 0.602647641449
1.90348681916 0.604639488922
1.90285285493 0.605664655142
1.90221934687 0.608537296911
1.90158629455 0.611349863836
1.90095369756 0.612121744906
1.90032155549 0.612776687047
1.89968986792 0.615516146477
1.89905863444 0.617678747973
1.89842785464 0.619817239844
1.89779752809 0.620569252754
1.8971676544 0.62276144953
1.89653823315 0.624361446379
1.89590926392 0.626736551125
1.8952807463 0.62931091412
1.89465267989 0.63127907187
1.89402506428 0.629957574583
1.89339789905 0.63302636073
1.89277118379 0.634355559143
1.89214491811 0.637989548899
1.89151910158 0.638841885916
1.89089373381 0.640534003135
1.89026881438 0.639471679704
1.88964434289 0.641647916756
1.88902031894 0.644880106333
1.88839674211 0.647130792612
1.887773612 0.648901868279
1.88715092821 0.647976561919
1.88652869034 0.651107349581
1.88590689798 0.652090263794
1.88528555072 0.655066341318
1.88466464817 0.655374709553
1.88404418992 0.6570284553
1.88342417558 0.654812131958
1.88280460473 0.657013103867
1.88218547698 0.658326803551
1.88156679193 0.660280156738
1.88094854918 0.662053770084
1.88033074833 0.662522135842
1.87971338899 0.662705630167
1.87909647074 0.66408219861
1.8784799932 0.667341272553
1.87786395597 0.668146613969
1.87724835865 0.668127783332
1.87663320085 0.667772904989
1.87601848217 0.671442372874
1.87540420221 0.672868355219
1.87479036057 0.674624897764
1.87417695688 0.67446551793
1.87356399072 0.67669358938
1.87295146171 0.675379252459
1.87233936946 0.676053318397
1.87172771356 0.677548774944
1.87111649364 0.679401927211
1.8705057093 0.67969222573
1.86989536014 0.681362167822
1.86928544577 0.680655734135
1.86867596582 0.683733803887
1.86806691988 0.684279285344
1.86745830756 0.684537749044
1.86685012849 0.684484709908
1.86624238226 0.685614312326
1.8656350685 0.684550644428
1.86502818681 0.687712810236
1.86442173681 0.689220441347
1.86381571811 0.690538595705
1.86321013033 0.688654324387
1.86260497308 0.68975711079
1.86200024597 0.689542999187
1.86139594862 0.693546909652
1.86079208064 0.692493062005
1.86018864166 0.691139765384
1.85958563129 0.690618647541
1.85898304914 0.68967402365
1.85838089484 0.692016381579
1.857779168 0.692094803476
1.85717786824 0.692109479427
1.85657699518 0.690701849086
1.85597654843 0.692428940637
1.85537652763 0.692176142421
1.85477693239 0.694430357016
1.85417776232 0.692625981465
1.85357901706 0.693700746506
1.85298069622 0.693740577537
1.85238279943 0.692349036344
1.8517853263 0.694804735966
1.85118827647 0.694124454842
1.85059164955 0.695179596251
1.84999544517 0.692522186877
1.84939966295 0.692467534131
1.84880430252 0.6947440065
1.8482093635 0.694549374551
1.84761484552 0.694326384487
1.84702074821 0.691580156736
1.84642707119 0.689897304464
1.84583381409 0.690821504954
1.84524097653 0.692256414615
1.84464855815 0.693984255971
1.84405655857 0.692266855804
1.84346497743 0.689721081243
1.84287381434 0.690049048538
1.84228306895 0.691800028811
1.84169274088 0.693691751557
1.84110282976 0.694407937362
1.84051333522 0.691344921682
1.8399242569 0.690956079131
1.83933559442 0.692711495469
1.83874734742 0.694103036072
1.83815951553 0.696779183372
1.83757209839 0.694726748951
1.83698509563 0.694700983629
1.83639850687 0.695818832252
1.83581233177 0.696372162755
1.83522656995 0.69605022357
1.83464122104 0.695096069983
1.83405628469 0.695515713922
1.83347176053 0.695205977609
1.83288764819 0.693136291669
1.83230394732 0.695717149142
1.83172065754 0.698459594436
1.83113777851 0.697832901404
1.83055530985 0.6964219567
1.82997325121 0.695420983776
1.82939160223 0.693688834372
1.82881036254 0.694209825
1.82822953179 0.69373925267
1.82764910961 0.6960131742
1.82706909564 0.6950654155
1.82648948954 0.692317425376
1.82591029093 0.693492525623
1.82533149947 0.694125311739
1.82475311479 0.695845969967
1.82417513654 0.695917289266
1.82359756436 0.693836243122
1.8230203979 0.692658320723
1.8224436368 0.69476878812
1.8218672807 0.696504052414
1.82129132924 0.694519564905
1.82071578209 0.6960957148
1.82014063887 0.699245389327
1.81956589925 0.695834150097
1.81899156285 0.692950705561
1.81841762934 0.693362481135
1.81784409836 0.695896604368
1.81727096955 0.697814899931
1.81669824257 0.694804838794
1.81612591706 0.694636646302
1.81555399268 0.695675458221
1.81498246907 0.697273288616
1.81441134589 0.697889367102
1.81384062277 0.699767216749
1.81327029939 0.699870089393
1.81270037538 0.69634905111
1.8121308504 0.696311792098
1.8115617241 0.699502750976
1.81099299613 0.69810495571
1.81042466614 0.697057994122
1.8098567338 0.697009825686
1.80928919875 0.698793224771
1.80872206065 0.696468141903
1.80815531915 0.696813390445
1.8075889739 0.698760140883
1.80702302457 0.699589340441
1.80645747081 0.700145469546
1.80589231227 0.698641898512
1.80532754861 0.696963662656
1.80476317949 0.698065602552
1.80419920456 0.698592581736
1.80363562349 0.697511727787
1.80307243593 0.700650184478
1.80250964154 0.701923322901
1.80194723998 0.701989451407
1.8013852309 0.698615624133
1.80082361398 0.699221947182
1.80026238886 0.700020854936
1.79970155521 0.704617527572
1.7991411127 0.701778367845
1.79858106097 0.701443243622
1.7980213997 0.699245363302
1.79746212854 0.696808321758
1.79690324716 0.698128367157
1.79634475522 0.700899581499
1.79578665238 0.702815009908
1.79522893832 0.703288480572
1.79467161268 0.701032555215
1.79411467514 0.69897550314
1.79355812536 0.698592378907
1.79300196301 0.701557833064
1.79244618776 0.702902347912
1.79189079926 0.704285021333
1.79133579718 0.705643812657
1.7907811812 0.701720691969
1.79022695098 0.699929687621
1.78967310618 0.702488907142
1.78911964648 0.702512702223
1.78856657154 0.70234629856
1.78801388104 0.702784709076
1.78746157463 0.704182085429
1.786909652 0.703272977731
1.7863581128 0.702995530668
1.78580695672 0.703947601021
1.78525618342 0.702939955654
1.78470579257 0.70251289746
1.78415578384 0.702453201392
1.78360615692 0.70600079731
1.78305691146 0.706876855911
1.78250804714 0.704491286967
1.78195956363 0.70124151783
1.78141146061 0.703937159712
1.78086373776 0.704841324306
1.78031639473 0.705045254543
1.77976943122 0.705436326821
1.77922284689 0.707990412535
1.77867664142 0.709609737699
1.77813081449 0.708070182906
1.77758536576 0.707272101872
1.77704029493 0.706596530107
1.77649560166 0.70921543661
1.77595128563 0.710273117794
1.77540734652 0.70939823103
1.774863784 0.708839220678
1.77432059776 0.708127897895
1.77377778748 0.708127196987
1.77323535283 0.708073030743
1.77269329348 0.70793642568
1.77215160913 0.708275635275
1.77161029946 0.705779130617
1.77106936413 0.710052063101
1.77052880284 0.710789428592
1.76998861526 0.711186293679
1.76944880107 0.71189066048
1.76890935997 0.711683212362
1.76837029162 0.712485256871
1.76783159572 0.70971649519
1.76729327194 0.709816974715
1.76675531997 0.711094409133
1.76621773949 0.712115825955
1.76568053019 0.711765997482
1.76514369175 0.713150861637
1.76460722385 0.714368359617
1.76407112619 0.712297355282
1.76353539844 0.712934394794
1.7630000403 0.713602876466
1.76246505144 0.712275632736
1.76193043156 0.71059209604
1.76139618034 0.709080165321
1.76086229748 0.712053152635
1.76032878265 0.716065691692
1.75979563554 0.718444918854
1.75926285585 0.718967394074
1.75873044326 0.714020129528
1.75819839746 0.713001068633
1.75766671815 0.713989544702
1.757135405 0.713158817229
1.75660445772 0.71715873762
1.75607387599 0.718513905061
1.7555436595 0.717973384385
1.75501380794 0.71496503637
1.75448432101 0.715730214082
1.7539551984 0.715803021543
1.7534264398 0.715328163825
1.7528980449 0.716386485665
1.7523700134 0.715706442663
1.75184234498 0.713681374133
1.75131503935 0.717060166348
1.75078809619 0.717416309323
1.75026151521 0.717737803514
1.74973529609 0.71767003575
1.74920943853 0.718203770643
1.74868394223 0.718376266124
1.74815880688 0.71615406162
1.74763403218 0.715449654743
1.74710961783 0.716789110097
1.74658556351 0.716497934028
1.74606186894 0.715953147087
1.7455385338 0.716886672104
1.7450155578 0.716857016613
1.74449294063 0.718952363421
1.74397068199 0.719650785076
1.74344878158 0.720302653097
1.7429272391 0.72028746227
1.74240605424 0.718023725574
1.74188522672 0.715895927583
1.74136475623 0.714978563579
1.74084464247 0.713037697477
1.74032488513 0.718370312501
1.73980548393 0.719836143063
1.73928643856 0.717686619838
1.73876774873 0.718182174031
1.73824941414 0.720450986552
1.73773143449 0.720569216433
1.73721380948 0.717410882787
1.73669653881 0.717905592844
1.7361796222 0.719312833924
1.73566305935 0.721611665926
1.73514684995 0.720956239134
1.73463099371 0.718141089284
1.73411549035 0.717743276586
1.73360033956 0.718828718846
1.73308554104 0.718992365966
1.73257109452 0.715273832538
1.73205699968 0.718570512489
1.73154325625 0.719510842429
1.73102986392 0.717891419061
1.7305168224 0.718932405906
1.73000413141 0.721298591198
1.72949179064 0.722247699321
1.72897979981 0.71904538396
1.72846815862 0.720097033621
1.7279568668 0.720425425615
1.72744592403 0.72307465335
1.72693533004 0.720578990949
1.72642508453 0.71942556626
1.72591518721 0.722529349858
1.72540563781 0.722920180945
1.72489643601 0.722199800118
1.72438758154 0.721947512215
1.72387907412 0.721986081806
1.72337091344 0.723992731984
1.72286309922 0.720684511788
1.72235563118 0.717187984676
1.72184850903 0.717825504106
1.72134173248 0.719362246123
1.72083530124 0.718806286192
1.72032921503 0.718031528428
1.71982347357 0.719471562112
1.71931807656 0.719616072727
1.71881302373 0.717728869661
1.71830831478 0.718973148734
1.71780394944 0.716659612486
1.71729992741 0.719312893946
1.71679624842 0.71896224566
1.71629291219 0.720088753688
1.71578991842 0.718821885129
1.71528726683 0.71800203881
1.71478495715 0.718801595096
1.71428298909 0.720497796623
1.71378136236 0.722684770629
1.7132800767 0.726133291268
1.71277913181 0.723640888532
1.71227852741 0.720587483389
1.71177826323 0.719602577553
1.71127833898 0.720558595862
1.71077875438 0.720891340884
1.71027950916 0.72141317093
1.70978060303 0.7212411253
1.70928203572 0.721819303023
1.70878380694 0.718450683926
1.70828591642 0.7204555109
1.70778836388 0.721740330596
1.70729114904 0.724901217941
1.70679427163 0.726888448373
1.70629773136 0.724994045202
1.70580152797 0.72239487779
1.70530566116 0.723338490404
1.70481013067 0.724297224114
1.70431493623 0.722531663436
1.70382007755 0.722262248219
1.70332555436 0.721499106463
1.70283136638 0.721975503074
1.70233751334 0.725710677295
1.70184399497 0.723921766526
1.70135081099 0.723065436508
1.70085796113 0.722504424237
1.70036544511 0.722139084249
1.69987326266 0.724584156734
1.69938141351 0.720630961151
1.69888989739 0.723078777993
1.69839871401 0.725890884738
1.69790786312 0.725735962977
1.69741734444 0.725748879033
1.69692715769 0.722623042322
1.69643730261 0.719855740245
1.69594777893 0.720382719077
1.69545858637 0.723750785934
1.69496972467 0.725243839886
1.69448119355 0.723049758428
1.69399299275 0.725932082916
1.69350512199 0.728146527183
1.69301758101 0.726658175742
1.69253036954 0.725171348235
1.69204348731 0.720757227923
1.69155693405 0.720567375866
1.69107070949 0.722591492625
1.69058481338 0.722417212702
1.69009924543 0.721497470623
1.68961400538 0.72125454678
1.68912909297 0.724559712472
1.68864450792 0.724145991466
1.68816024998 0.723226614737
1.68767631888 0.721324877587
1.68719271435 0.722802102192
1.68670943613 0.722836205137
1.68622648395 0.720922372618
1.68574385755 0.72041450824
1.68526155666 0.723347686259
1.68477958102 0.719672652773
1.68429793037 0.720435166872
1.68381660444 0.71948179361
1.68333560296 0.721175134085
1.68285492569 0.720039524362
1.68237457235 0.721856408279
1.68189454268 0.721649500538
1.68141483642 0.723256809169
1.6809354533 0.722252542629
1.68045639308 0.723282529583
1.67997765548 0.724327714698
1.67949924025 0.725387734839
1.67902114712 0.727624965245
1.67854337583 0.723522908173
1.67806592613 0.721681382174
1.67758879775 0.722763873232
1.67711199044 0.724714774996
1.67663550394 0.721746383719
1.67615933798 0.72141833097
1.67568349231 0.720845651188
1.67520796668 0.721390681192
1.67473276082 0.721250392991
1.67425787447 0.719838720632
1.67378330738 0.721478209215
1.67330905929 0.72448120038
1.67283512995 0.721637206926
1.67236151909 0.720573770014
1.67188822647 0.720178268617
1.67141525182 0.722658642098
1.67094259489 0.721983570108
1.67047025543 0.719668091074
1.66999823318 0.720499101488
1.66952652788 0.724194562804
1.66905513928 0.724206875614
1.66858406713 0.725166844906
1.66811331117 0.721731655279
1.66764287115 0.720646379424
1.66717274682 0.719232042971
1.66670293792 0.71956395844
1.6662334442 0.720247033068
1.6657642654 0.721293631658
1.66529540128 0.722402765001
1.66482685158 0.723184778235
1.66435861605 0.725264457349
1.66389069445 0.725933075966
1.66342308651 0.723927397069
1.66295579199 0.723158710465
1.66248881063 0.722374384365
1.66202214219 0.72080044421
1.66155578642 0.72024346712
1.66108974307 0.722206821804
1.66062401188 0.724146445282
1.66015859261 0.725977426427
1.65969348501 0.727235356915
1.65922868883 0.72356580176
1.65876420382 0.719732828934
1.65830002973 0.718296545001
1.65783616633 0.723155912061
1.65737261335 0.726510198334
1.65690937055 0.726871604725
1.65644643768 0.724025386391
1.65598381451 0.723138471388
1.65552150077 0.721961547556
1.65505949623 0.721316104964
1.65459780063 0.722052263495
1.65413641374 0.721848606888
1.65367533531 0.723002290146
1.65321456509 0.722724286157
1.65275410283 0.721496103177
1.6522939483 0.724252489519
1.65183410125 0.722081760218
1.65137456143 0.724438630041
1.6509153286 0.723121295621
1.65045640252 0.724523280686
1.64999778294 0.724270973215
1.64953946963 0.722720572278
1.64908146233 0.719007009008
1.64862376081 0.72031065801
1.64816636482 0.721270934838
1.64770927412 0.724419639606
1.64725248847 0.722654928394
1.64679600763 0.726016803226
1.64633983135 0.723963080905
1.64588395941 0.720216593056
1.64542839154 0.717853504908
1.64497312753 0.720273406752
1.64451816711 0.722375411283
1.64406351006 0.724609919921
1.64360915614 0.7214036716
1.64315510511 0.720156861299
1.64270135672 0.721256813349
1.64224791074 0.722087899342
1.64179476693 0.723095103073
1.64134192505 0.721744578224
1.64088938486 0.723312852019
1.64043714613 0.724121207927
1.63998520862 0.72327068158
1.63953357209 0.721102490672
1.6390822363 0.726494243624
1.63863120102 0.72947538689
1.63818046601 0.725936071646
1.63773003104 0.725043037602
1.63727989586 0.726318821831
1.63683006025 0.725367772359
1.63638052396 0.722935823777
1.63593128677 0.721741706434
1.63548234843 0.725472265007
1.63503370871 0.726710011309
1.63458536739 0.726158132644
1.63413732422 0.72510143505
1.63368957896 0.726048588059
1.6332421314 0.727813861718
1.63279498129 0.724292006228
1.63234812839 0.723034309618
1.63190157249 0.723677380835
1.63145531334 0.723850403276
1.63100935071 0.724802221507
1.63056368437 0.725490245463
1.63011831408 0.724899441963
1.62967323963 0.721968954812
1.62922846077 0.72319029426
1.62878397727 0.724504190765
1.62833978891 0.725152546515
1.62789589544 0.72825438522
1.62745229665 0.723570208135
1.6270089923 0.720879108091
1.62656598217 0.721643095884
1.62612326601 0.721171663593
1.62568084361 0.725813489507
1.62523871473 0.724403981983
1.62479687915 0.723185867689
1.62435533663 0.722703031087
1.62391408695 0.726618484819
1.62347312988 0.722429266236
1.62303246519 0.726996776405
1.62259209265 0.729062535535
1.62215201205 0.724826087415
1.62171222314 0.719985992299
