1.389481 0.358741
1.389853 0.356945
1.390226 0.356894
1.390599 0.356432
1.390972 0.355868
1.391346 0.355304
1.391719 0.355868
1.392093 0.355817
1.392467 0.354996
1.392841 0.354945
1.393215 0.35515
1.39359 0.355099
1.393965 0.354278
1.394339 0.354175
1.394715 0.355047
1.39509 0.354278
1.395465 0.350995
1.395841 0.347198
1.396217 0.345762
1.396593 0.346839
1.39697 0.347917
1.397346 0.347814
1.397723 0.346942
1.3981 0.342838
1.398477 0.339401
1.398854 0.338631
1.399232 0.338939
1.39961 0.338272
1.399988 0.335143
1.400366 0.333655
1.400744 0.333655
1.401123 0.331706
1.401502 0.327602
1.401881 0.325139
1.40226 0.322728
1.402639 0.319086
1.403019 0.315957
1.403399 0.31334
1.403779 0.311083
1.404159 0.308518
1.404539 0.305902
1.40492 0.304568
1.405301 0.302465
1.405682 0.29913
1.406063 0.29595
1.406444 0.293282
1.406826 0.290204
1.407208 0.287537
1.40759 0.285279
1.407972 0.283176
1.408355 0.281175
1.408737 0.28056
1.40912 0.280098
1.409503 0.278867
1.409887 0.27861
1.41027 0.278354
1.410654 0.279585
1.411038 0.281483
1.411422 0.282406
1.411807 0.28374
1.412191 0.286921
1.412576 0.288819
1.412961 0.290614
1.413346 0.292666
1.413732 0.294975
1.414117 0.296668
1.414503 0.29872
1.414889 0.300669
1.415275 0.302978
1.415662 0.305492
1.416049 0.307287
1.416435 0.309595
1.416823 0.311853
1.41721 0.313289
1.417597 0.315085
1.417985 0.317034
1.418373 0.319342
1.418761 0.320728
1.41915 0.322318
1.419538 0.324319
1.419927 0.325499
1.420316 0.326524
1.420706 0.327961
1.421095 0.329295
1.421485 0.330116
1.421875 0.330936
1.422265 0.331911
1.422655 0.332629
1.423046 0.333091
1.423436 0.333809
1.423827 0.334373
1.424218 0.334835
1.42461 0.335245
1.425001 0.335348
1.425393 0.335399
1.425785 0.335399
1.426177 0.335656
1.42657 0.336015
1.426962 0.336066
1.427355 0.33581
1.427748 0.336066
1.428142 0.336425
1.428535 0.33622
1.428929 0.33622
1.429323 0.336374
1.429717 0.336118
1.430112 0.336118
1.430506 0.336323
1.430901 0.336374
1.431296 0.336271
1.431691 0.336528
1.432087 0.336785
1.432482 0.336631
1.432878 0.336477
1.433275 0.336477
1.433671 0.336477
1.434067 0.336682
1.434464 0.336682
1.434861 0.336631
1.435259 0.336682
1.435656 0.336938
1.436054 0.336682
1.436452 0.336785
1.43685 0.336887
1.437248 0.336631
1.437647 0.336528
1.438046 0.336631
1.438445 0.336682
1.438844 0.336887
1.439243 0.336836
1.439643 0.336887
1.440043 0.336836
1.440443 0.337092
1.440843 0.337092
1.441244 0.337195
1.441645 0.33699
1.442046 0.33699
1.442447 0.337041
1.442848 0.337246
1.44325 0.337092
1.443652 0.336938
1.444054 0.336938
1.444457 0.33699
1.444859 0.336938
1.445262 0.337092
1.445665 0.336887
1.446068 0.336733
1.446472 0.336682
1.446875 0.336938
1.447279 0.337297
1.447683 0.337195
1.448088 0.337041
1.448492 0.337041
1.448897 0.337041
1.449302 0.337297
1.449708 0.337246
1.450113 0.33699
1.450519 0.336887
1.450925 0.33699
1.451331 0.336938
1.451737 0.337092
1.452144 0.337144
1.452551 0.336836
1.452958 0.336682
1.453365 0.337092
1.453773 0.337041
1.454181 0.337195
1.454589 0.337092
1.454997 0.336785
1.455405 0.336682
1.455814 0.337092
1.456223 0.337246
1.456632 0.337144
1.457042 0.336938
1.457451 0.337092
1.457861 0.337246
1.458271 0.337451
1.458682 0.337451
1.459092 0.337349
1.459503 0.337195
1.459914 0.337144
1.460325 0.337195
1.460737 0.3374
1.461148 0.337195
1.46156 0.337144
1.461972 0.337246
1.462385 0.3374
1.462797 0.337297
1.46321 0.337297
1.463623 0.337246
1.464037 0.337246
1.46445 0.337195
1.464864 0.337503
1.465278 0.337503
1.465692 0.337554
1.466107 0.337708
1.466522 0.337605
1.466937 0.3374
1.467352 0.337349
1.467767 0.337246
1.468183 0.337554
1.468599 0.337657
1.469015 0.337759
1.469431 0.337759
1.469848 0.337605
1.470265 0.337554
1.470682 0.33781
1.471099 0.33781
1.471517 0.337759
1.471935 0.33781
1.472353 0.337862
1.472771 0.337605
1.47319 0.337349
1.473608 0.337554
1.474027 0.337759
1.474447 0.337554
1.474866 0.337605
1.475286 0.337451
1.475706 0.337605
1.476126 0.337605
1.476546 0.337759
1.476967 0.337708
1.477388 0.33781
1.477809 0.338016
1.47823 0.338118
1.478652 0.338118
1.479074 0.337964
1.479496 0.337759
1.479918 0.33817
1.480341 0.338426
1.480764 0.338529
1.481187 0.338067
1.48161 0.337913
1.482034 0.338016
1.482458 0.338118
1.482882 0.338118
1.483306 0.33817
1.48373 0.338067
1.484155 0.33817
1.48458 0.337862
1.485006 0.337862
1.485431 0.337913
1.485857 0.338118
1.486283 0.338426
1.486709 0.338529
1.487135 0.338272
1.487562 0.338426
1.487989 0.338683
1.488416 0.338734
1.488844 0.338683
1.489271 0.33858
1.489699 0.338631
1.490128 0.338734
1.490556 0.338734
1.490985 0.338888
1.491414 0.339042
1.491843 0.339452
1.492272 0.339349
1.492702 0.339247
1.493132 0.339093
1.493562 0.33899
1.493993 0.339196
1.494423 0.339452
1.494854 0.339247
1.495285 0.339196
1.495717 0.339503
1.496148 0.339606
1.49658 0.339401
1.497012 0.339401
1.497445 0.339555
1.497877 0.339965
1.49831 0.339914
1.498744 0.339811
1.499177 0.33976
1.499611 0.340068
1.500045 0.340273
1.500479 0.340632
1.500913 0.340683
1.501348 0.341094
1.501783 0.341094
1.502218 0.341299
1.502653 0.341196
1.503089 0.340837
1.503525 0.340735
1.503961 0.341248
1.504398 0.341196
1.504834 0.341196
1.505271 0.34135
1.505709 0.341607
1.506146 0.341555
1.506584 0.341504
1.507022 0.341504
1.50746 0.341863
1.507898 0.341914
1.508337 0.341914
1.508776 0.341555
1.509215 0.341555
1.509655 0.341555
1.510094 0.341812
1.510534 0.341966
1.510975 0.341966
1.511415 0.341761
1.511856 0.341709
1.512297 0.341812
1.512738 0.342068
1.51318 0.342171
1.513622 0.342222
1.514064 0.34253
1.514506 0.342992
1.514948 0.342992
1.515391 0.343043
1.515834 0.342941
1.516278 0.343094
1.516721 0.343094
1.517165 0.342992
1.517609 0.3433
1.518054 0.343556
1.518499 0.343505
1.518944 0.343454
1.519389 0.343761
1.519834 0.34412
1.52028 0.343813
1.520726 0.343607
1.521172 0.34371
1.521619 0.344018
1.522065 0.344172
1.522512 0.344172
1.52296 0.34412
1.523407 0.344223
1.523855 0.344377
1.524303 0.344685
1.524751 0.344941
1.5252 0.34489
1.525649 0.34489
1.526098 0.34489
1.526547 0.344839
1.526997 0.345095
1.527447 0.345146
1.527897 0.345352
1.528347 0.345608
1.528798 0.345711
1.529249 0.345659
1.5297 0.345711
1.530152 0.345865
1.530604 0.346019
1.531055 0.345916
1.531508 0.346224
1.53196 0.346275
1.532413 0.34648
1.532866 0.34648
1.53332 0.346891
1.533773 0.346942
1.534227 0.347044
1.534682 0.346839
1.535136 0.346839
1.535591 0.346993
1.536046 0.347147
1.536501 0.347198
1.536956 0.347301
1.537412 0.347301
1.537868 0.347455
1.538324 0.34766
1.538781 0.347763
1.539238 0.347865
1.539695 0.347814
1.540153 0.347711
1.54061 0.348173
1.541068 0.348122
1.541527 0.348276
1.541985 0.348532
1.542444 0.348789
1.542903 0.348532
1.543363 0.348583
1.543822 0.34884
1.544282 0.348994
1.544742 0.348943
1.545203 0.34925
1.545663 0.349148
1.546124 0.349148
1.546586 0.34925
1.547047 0.349353
1.547509 0.349661
1.547971 0.349763
1.548433 0.349763
1.548896 0.349866
1.549359 0.350071
1.549822 0.350225
1.550285 0.350225
1.550749 0.35043
1.551213 0.350687
1.551677 0.350892
1.552142 0.350995
1.552607 0.351046
1.553072 0.351251
1.553537 0.351559
1.554003 0.351764
1.554469 0.351918
1.554935 0.351764
1.555402 0.351867
1.555868 0.352021
1.556336 0.352175
1.556803 0.352175
1.557271 0.352328
1.557738 0.352328
1.558207 0.352431
1.558675 0.352431
1.559144 0.352636
1.559613 0.35279
1.560082 0.353149
1.560552 0.353252
1.561022 0.353508
1.561492 0.353867
1.561963 0.354124
1.562433 0.354175
1.562905 0.354226
1.563376 0.354329
1.563848 0.354534
1.564319 0.354688
1.564792 0.354945
1.565264 0.355047
1.565737 0.355304
1.56621 0.355663
1.566683 0.355971
1.567156 0.355817
1.56763 0.355817
1.568105 0.355919
1.568579 0.356279
1.569054 0.356381
1.569529 0.356432
1.570004 0.356638
1.57048 0.356945
1.570956 0.357099
1.571432 0.357202
1.571908 0.357356
1.572385 0.357715
1.572862 0.357869
1.57334 0.357971
1.573817 0.358125
1.574295 0.358279
1.574773 0.358279
1.575252 0.358536
1.575731 0.358638
1.57621 0.358792
1.576689 0.358895
1.577169 0.3591
1.577649 0.359254
1.578129 0.359408
1.57861 0.359716
1.57909 0.360075
1.579572 0.360126
1.580053 0.36028
1.580535 0.360434
1.581017 0.360793
1.581499 0.360844
1.581982 0.361101
1.582465 0.361255
1.582948 0.361357
1.583431 0.361409
1.583915 0.361511
1.584399 0.361614
1.584884 0.361768
1.585368 0.361819
1.585853 0.362229
1.586339 0.362742
1.586824 0.362947
1.58731 0.363101
1.587796 0.363255
1.588283 0.363153
1.588769 0.363461
1.589256 0.363717
1.589744 0.363768
1.590231 0.36382
1.590719 0.363974
1.591208 0.364025
1.591696 0.36423
1.592185 0.36423
1.592674 0.364486
1.593163 0.364897
1.593653 0.365102
1.594143 0.365102
1.594634 0.365461
1.595124 0.365718
1.595615 0.365974
1.596107 0.365923
1.596598 0.366128
1.59709 0.366231
1.597582 0.366231
1.598075 0.366333
1.598568 0.36659
1.599061 0.366744
1.599554 0.366898
1.600048 0.367051
1.600542 0.367462
1.601036 0.367718
1.60153 0.36777
1.602025 0.367667
1.602521 0.367821
1.603016 0.367975
1.603512 0.368231
1.604008 0.368283
1.604505 0.368488
1.605001 0.368488
1.605498 0.368847
1.605996 0.369001
1.606493 0.369155
1.606991 0.369257
1.60749 0.369463
1.607988 0.369617
1.608487 0.369822
1.608986 0.369873
1.609486 0.369976
1.609986 0.370027
1.610486 0.370232
1.610986 0.370591
1.611487 0.370643
1.611988 0.370796
1.61249 0.37095
1.612991 0.371053
1.613493 0.371155
1.613996 0.371155
1.614498 0.371412
1.615001 0.371668
1.615505 0.371874
1.616008 0.372028
1.616512 0.372284
1.617016 0.372489
1.617521 0.372489
1.618026 0.372592
1.618531 0.3729
1.619036 0.373105
1.619542 0.37331
1.620048 0.373413
1.620554 0.37372
1.621061 0.373772
1.621568 0.373823
1.622076 0.373669
1.622583 0.373772
1.623091 0.374439
1.6236 0.374849
1.624108 0.374849
1.624617 0.375054
1.625127 0.375106
1.625636 0.375311
1.626146 0.375208
1.626656 0.375362
1.627167 0.375772
1.627678 0.375926
1.628189 0.375875
1.628701 0.376132
1.629212 0.376132
1.629725 0.376337
1.630237 0.376696
1.63075 0.376952
1.631263 0.376901
1.631777 0.377004
1.63229 0.377106
1.632804 0.377568
1.633319 0.377824
1.633834 0.377927
1.634349 0.377978
1.634864 0.37803
1.63538 0.378132
1.635896 0.378338
1.636412 0.378594
1.636929 0.378902
1.637446 0.378953
1.637964 0.379364
1.638481 0.379517
1.638999 0.379723
1.639518 0.379825
1.640036 0.379928
1.640555 0.379928
1.641075 0.380184
1.641594 0.380492
1.642114 0.380902
1.642634 0.380902
1.643155 0.3808
1.643676 0.381005
1.644197 0.381416
1.644719 0.381621
1.645241 0.381826
1.645763 0.381929
1.646286 0.382134
1.646809 0.382236
1.647332 0.38239
1.647856 0.382339
1.64838 0.382493
1.648904 0.382749
1.649429 0.383108
1.649953 0.38316
1.650479 0.383416
1.651004 0.383519
1.651531 0.383724
1.652057 0.383673
1.652583 0.383827
1.65311 0.384083
1.653638 0.384186
1.654165 0.384288
1.654693 0.384493
1.655222 0.384801
1.65575 0.385212
1.656279 0.385212
1.656809 0.385314
1.657338 0.385468
1.657868 0.385622
1.658399 0.385622
1.658929 0.386033
1.65946 0.386238
1.659992 0.38634
1.660523 0.386443
1.661055 0.386751
1.661588 0.386853
1.662121 0.387058
1.662654 0.387161
1.663187 0.387315
1.663721 0.387366
1.664255 0.387366
1.664789 0.387469
1.665324 0.387879
1.665859 0.388085
1.666395 0.388187
1.666931 0.388187
1.667467 0.388495
1.668003 0.3887
1.66854 0.388957
1.669077 0.388854
1.669615 0.388854
1.670153 0.389008
1.670691 0.38911
1.671229 0.389316
1.671769 0.389572
1.672308 0.389521
1.672847 0.389829
1.673387 0.389931
1.673928 0.389983
1.674468 0.38988
1.675009 0.390188
1.675551 0.390393
1.676093 0.390342
1.676635 0.390444
1.677177 0.390701
1.67772 0.390906
1.678263 0.391265
1.678806 0.391368
1.67935 0.391368
1.679894 0.391265
1.680439 0.391522
1.680984 0.391676
1.681529 0.391624
1.682074 0.391624
1.682621 0.391829
1.683167 0.391983
1.683714 0.392137
1.68426 0.392086
1.684808 0.392188
1.685356 0.392394
1.685904 0.392548
1.686452 0.392753
1.687001 0.392958
1.68755 0.393009
1.6881 0.393009
1.68865 0.393112
1.6892 0.393317
1.689751 0.393471
1.690302 0.393676
1.690853 0.393676
1.691405 0.393727
1.691957 0.393625
1.692509 0.393727
1.693061 0.393933
1.693615 0.394189
1.694168 0.394292
1.694722 0.394651
1.695276 0.394754
1.695831 0.394907
1.696385 0.394959
1.696941 0.39501
1.697497 0.395061
1.698053 0.395113
1.698609 0.395113
1.699166 0.39542
1.699723 0.395523
1.70028 0.395574
1.700838 0.395831
1.701396 0.395985
1.701955 0.396036
1.702514 0.396344
1.703073 0.396344
1.703633 0.396549
1.704193 0.396805
1.704753 0.397011
1.705314 0.397062
1.705875 0.397062
1.706436 0.396908
1.706998 0.397267
1.707561 0.397421
1.708123 0.397472
1.708686 0.397524
1.70925 0.39778
1.709813 0.397985
1.710377 0.398139
1.710942 0.398242
1.711507 0.398396
1.712072 0.398344
1.712638 0.398396
1.713204 0.398652
1.71377 0.399063
1.714337 0.399011
1.714904 0.399011
1.715471 0.399165
1.716039 0.399422
1.716607 0.399524
1.717176 0.399678
1.717745 0.39973
1.718314 0.399781
1.718884 0.399832
1.719454 0.399832
1.720024 0.400037
1.720595 0.400396
1.721167 0.400499
1.721738 0.400653
1.72231 0.400704
1.722883 0.401012
1.723455 0.400961
1.724029 0.401166
1.724602 0.401166
1.725176 0.401269
1.72575 0.401371
1.726325 0.401423
1.7269 0.401576
1.727476 0.401833
1.728051 0.40173
1.728628 0.401987
1.729204 0.402243
1.729781 0.402448
1.730358 0.402448
1.730936 0.402654
1.731514 0.402602
1.732093 0.402808
1.732672 0.40291
1.733251 0.403064
1.733831 0.403269
1.734411 0.403526
1.734991 0.403526
1.735572 0.40368
1.736153 0.403731
1.736735 0.403834
1.737317 0.403782
1.7379 0.40409
1.738482 0.404398
1.739066 0.404552
1.739649 0.404603
1.740233 0.404603
1.740817 0.404603
1.741402 0.404808
1.741987 0.404706
1.742573 0.404757
1.743159 0.404911
1.743745 0.40527
1.744332 0.40527
1.744919 0.405475
1.745506 0.405526
1.746094 0.405578
1.746683 0.405629
1.747271 0.405783
1.74786 0.405834
1.74845 0.405988
1.74904 0.406142
1.74963 0.406193
1.750221 0.406091
1.750812 0.40645
1.751403 0.406553
1.751995 0.40645
1.752588 0.406501
1.75318 0.406706
1.753773 0.406604
1.754367 0.40686
1.754961 0.407065
1.755555 0.407271
1.75615 0.407425
1.756745 0.40763
1.75734 0.407476
1.757936 0.407527
1.758533 0.407578
1.759129 0.407835
1.759726 0.407938
1.760324 0.408091
1.760922 0.408143
1.76152 0.408245
1.762119 0.408348
1.762718 0.408091
1.763318 0.40804
1.763918 0.408348
1.764518 0.408399
1.765119 0.408399
1.76572 0.408502
1.766322 0.40881
1.766924 0.408964
1.767526 0.409066
1.768129 0.409066
1.768732 0.409169
1.769336 0.409425
1.76994 0.409477
1.770545 0.409579
1.771149 0.409733
1.771755 0.40963
1.77236 0.409682
1.772967 0.409836
1.773573 0.409938
1.77418 0.409938
1.774787 0.410143
1.775395 0.410092
1.776004 0.410092
1.776612 0.410246
1.777221 0.410451
1.777831 0.410605
1.778441 0.41081
1.779051 0.41081
1.779662 0.410913
1.780273 0.410913
1.780884 0.410964
1.781496 0.411118
1.782109 0.411375
1.782721 0.411375
1.783335 0.411323
1.783948 0.41158
1.784562 0.411836
1.785177 0.411836
1.785792 0.412093
1.786407 0.412144
1.787023 0.412247
1.787639 0.412349
1.788256 0.412349
1.788873 0.412298
1.789491 0.412606
1.790108 0.412657
1.790727 0.412503
1.791346 0.412452
1.791965 0.41276
1.792585 0.412862
1.793205 0.413119
1.793825 0.413273
1.794446 0.413427
1.795067 0.413581
1.795689 0.413427
1.796311 0.413375
1.796934 0.413734
1.797557 0.413991
1.79818 0.414094
1.798804 0.414094
1.799429 0.414145
1.800053 0.413991
1.800679 0.414094
1.801304 0.414247
1.801931 0.414401
1.802557 0.414453
1.803184 0.414607
1.803812 0.414607
1.804439 0.414658
1.805068 0.414607
1.805696 0.414555
1.806326 0.414658
1.806955 0.415068
1.807585 0.415222
1.808216 0.415222
1.808847 0.41512
1.809478 0.415376
1.81011 0.415427
1.810742 0.415633
1.811375 0.415633
1.812008 0.415633
1.812641 0.415735
1.813275 0.415992
1.81391 0.415889
1.814545 0.415838
1.81518 0.415889
1.815816 0.416146
1.816452 0.416248
1.817089 0.416402
1.817726 0.416505
1.818363 0.416761
1.819001 0.416761
1.81964 0.416761
1.820279 0.416966
1.820918 0.417018
1.821558 0.416659
1.822199 0.41671
1.822839 0.416761
1.82348 0.416761
1.824122 0.41671
1.824764 0.416761
1.825406 0.416864
1.826049 0.416966
1.826693 0.417018
1.827337 0.417069
1.827981 0.417069
1.828626 0.417172
1.829271 0.41712
1.829917 0.41712
1.830563 0.417018
1.83121 0.417069
1.831857 0.417018
1.832504 0.41712
1.833152 0.417172
1.833801 0.417223
1.83445 0.417172
1.835099 0.41712
1.835749 0.41712
1.836399 0.417377
1.83705 0.417223
1.837701 0.416966
1.838353 0.416864
1.839005 0.417069
1.839658 0.416966
1.840311 0.417018
1.840964 0.417069
1.841618 0.41712
1.842272 0.41712
1.842927 0.417172
1.843583 0.417274
1.844238 0.417531
1.844895 0.417428
1.845551 0.417479
1.846209 0.417633
1.846867 0.417736
1.847525 0.417633
1.848184 0.417736
1.848843 0.417787
1.849502 0.417787
1.850162 0.417839
1.850823 0.417992
1.851484 0.417941
1.852145 0.418146
1.852807 0.4183
1.853469 0.418403
1.854132 0.418351
1.854796 0.418249
1.855459 0.418146
1.856124 0.418095
1.856789 0.418095
1.857454 0.418249
1.85812 0.418249
1.858786 0.4183
1.859453 0.418351
1.86012 0.418505
1.860788 0.418454
1.861456 0.418557
1.862124 0.418505
1.862794 0.418454
1.863463 0.418403
1.864133 0.418454
1.864804 0.418403
1.865475 0.418454
1.866146 0.418351
1.866818 0.418454
1.867491 0.418505
1.868164 0.418454
1.868837 0.418351
1.869511 0.418403
1.870185 0.418505
1.87086 0.418659
1.871536 0.418454
1.872212 0.418454
1.872888 0.418403
1.873565 0.418403
1.874242 0.418403
1.87492 0.418454
1.875599 0.418351
1.876277 0.418403
1.876957 0.418454
1.877637 0.418505
1.878317 0.4183
1.878998 0.418351
1.879679 0.418403
1.880361 0.418403
1.881043 0.4183
1.881726 0.418505
1.882409 0.418711
1.883093 0.418967
1.883777 0.418813
1.884462 0.418967
1.885147 0.419121
1.885833 0.419121
1.886519 0.419018
1.887206 0.419172
1.887893 0.419121
1.888581 0.419172
1.889269 0.419429
1.889958 0.419634
1.890647 0.419685
1.891337 0.419737
1.892027 0.419685
1.892718 0.419788
1.893409 0.41989
1.894101 0.420044
1.894793 0.419993
1.895486 0.420044
1.896179 0.420044
1.896873 0.419993
1.897568 0.419993
1.898262 0.420096
1.898958 0.420044
1.899654 0.420096
1.90035 0.420198
1.901047 0.420301
1.901744 0.42025
1.902442 0.420352
1.90314 0.420301
1.903839 0.420352
1.904539 0.42025
1.905239 0.420352
1.905939 0.42025
1.90664 0.420198
1.907342 0.420352
1.908044 0.420506
1.908746 0.420455
1.909449 0.420557
1.910153 0.420506
1.910857 0.420557
1.911561 0.42066
1.912266 0.420814
1.912972 0.420763
1.913678 0.420711
1.914385 0.420506
1.915092 0.420763
1.9158 0.420916
1.916508 0.420968
1.917217 0.421019
1.917926 0.42107
1.918636 0.421122
1.919346 0.421327
1.920057 0.421276
1.920768 0.421276
1.92148 0.421276
1.922193 0.421378
1.922906 0.421429
1.92362 0.421686
1.924333 0.421635
1.925048 0.421583
1.925763 0.421532
1.926479 0.421532
1.927195 0.421635
1.927912 0.421789
1.928629 0.421686
1.929346 0.421737
1.930065 0.42184
1.930784 0.421789
1.931503 0.421891
1.932223 0.422045
1.932943 0.42184
1.933664 0.421789
1.934386 0.421891
1.935108 0.421943
1.93583 0.42184
1.936554 0.421737
1.937277 0.421635
1.938002 0.42184
1.938726 0.421891
1.939452 0.42184
1.940177 0.421737
1.940904 0.421737
1.941631 0.421737
1.942358 0.421737
1.943086 0.421583
1.943815 0.421378
1.944544 0.421276
1.945274 0.421378
1.946004 0.421276
1.946735 0.421224
1.947466 0.42107
1.948198 0.42107
1.94893 0.42107
1.949663 0.420916
1.950397 0.420968
1.951131 0.421019
1.951865 0.420865
1.952601 0.42107
1.953336 0.421224
1.954073 0.421019
1.954809 0.420763
1.955547 0.420814
1.956285 0.420711
1.957023 0.420865
1.957762 0.421122
1.958502 0.42107
1.959242 0.420916
1.959983 0.421019
1.960724 0.421122
1.961466 0.421224
1.962208 0.421173
1.962951 0.42107
1.963695 0.421122
1.964439 0.421173
1.965183 0.420916
1.965929 0.420814
1.966674 0.420916
1.967421 0.420916
1.968168 0.420763
1.968915 0.420865
1.969663 0.420763
1.970412 0.42066
1.971161 0.420352
1.971911 0.420352
1.972661 0.42025
1.973413 0.420147
1.974164 0.419993
1.974916 0.419993
1.975669 0.41989
1.976422 0.419839
1.977176 0.419788
1.97793 0.419685
1.978685 0.41948
1.97944 0.41948
1.980196 0.41948
1.980953 0.41948
1.98171 0.419378
1.982468 0.419583
1.983226 0.41948
1.983986 0.419326
1.984745 0.419326
1.985505 0.419378
1.986266 0.419429
1.987027 0.419378
1.987789 0.419275
1.988552 0.419326
1.989315 0.419224
1.990078 0.419224
1.990842 0.419429
1.991607 0.41948
1.992373 0.419224
1.993139 0.419224
1.993905 0.419172
1.994673 0.419378
1.99544 0.419531
1.996209 0.419583
1.996978 0.419378
1.997747 0.419378
1.998517 0.41948
1.999288 0.419788
2.000059 0.419685
2.000831 0.419583
2.001604 0.419685
2.002377 0.419942
2.003151 0.420147
2.003925 0.42025
2.0047 0.420301
2.005476 0.420506
2.006252 0.420557
2.007029 0.420609
2.007806 0.420865
2.008584 0.421276
2.009362 0.421327
2.010141 0.421481
2.010921 0.421789
2.011701 0.421994
2.012482 0.422045
2.013264 0.42225
2.014046 0.422456
2.014829 0.422763
2.015612 0.422968
2.016396 0.423174
2.01718 0.423276
2.017966 0.423635
2.018752 0.423943
2.019538 0.424302
2.020325 0.424456
2.021113 0.424713
2.021901 0.424918
2.02269 0.425277
2.023479 0.425585
2.02427 0.425893
2.02506 0.426046
2.025852 0.4262
2.026644 0.426457
2.027436 0.426816
2.028229 0.427021
2.029023 0.427278
2.029818 0.42738
2.030613 0.427637
2.031409 0.427791
2.032204 0.427893
2.033001 0.427996
2.033799 0.428304
2.034597 0.428458
2.035396 0.428765
2.036195 0.428919
2.036996 0.429073
2.037796 0.429227
2.038598 0.429586
2.0394 0.429484
2.040203 0.429535
2.041006 0.429791
2.04181 0.430048
2.042614 0.429997
2.043419 0.430202
2.044225 0.430253
2.045032 0.43051
2.045839 0.430407
2.046646 0.430561
2.047455 0.430663
2.048264 0.430817
2.049073 0.430869
2.049883 0.431023
2.050694 0.431023
2.051505 0.431023
2.052317 0.431023
2.05313 0.431125
2.053944 0.43133
2.054758 0.431587
2.055573 0.431587
2.056388 0.431536
2.057204 0.431587
2.058021 0.431792
2.058838 0.431843
2.059656 0.4321
2.060475 0.432049
2.061294 0.431997
2.062114 0.432049
2.062935 0.432151
2.063756 0.431946
2.064577 0.432049
2.0654 0.4321
2.066223 0.4321
2.067047 0.432254
2.067871 0.432305
2.068696 0.432202
2.069522 0.4321
2.070349 0.432151
2.071176 0.432356
2.072004 0.432254
2.072833 0.432254
2.073662 0.432202
2.074492 0.432356
2.075322 0.432305
2.076153 0.432356
2.076985 0.4321
2.077817 0.432049
2.07865 0.432151
2.079484 0.4321
2.080319 0.431997
2.081154 0.4321
2.08199 0.432049
2.082826 0.431997
2.083663 0.431843
2.084501 0.431792
2.08534 0.431741
2.086179 0.431946
2.087018 0.432049
2.087859 0.432049
2.0887 0.431997
2.089542 0.431946
2.090385 0.431843
2.091228 0.431843
2.092072 0.43169
2.092917 0.43169
2.093762 0.43169
2.094608 0.431741
2.095454 0.43169
2.096302 0.431536
2.09715 0.431433
2.097999 0.431382
2.098848 0.43133
2.099698 0.431382
2.100549 0.431125
2.1014 0.431074
2.102252 0.43092
2.103105 0.431023
2.103959 0.430817
2.104813 0.430612
2.105668 0.430458
2.106524 0.430458
2.10738 0.430253
2.108237 0.43015
2.109094 0.430099
2.109953 0.430048
2.110812 0.429945
2.111672 0.429894
2.112532 0.429689
2.113394 0.429535
2.114255 0.42933
2.115118 0.428971
2.115981 0.428817
2.116845 0.428714
2.11771 0.428355
2.118576 0.428047
2.119442 0.427637
2.120309 0.427278
2.121176 0.426816
2.122045 0.426406
2.122913 0.425944
2.123783 0.425636
2.124654 0.425072
2.125525 0.424559
2.126396 0.424046
2.127269 0.423481
2.128142 0.422661
2.129016 0.422096
2.129891 0.421378
2.130766 0.420557
2.131642 0.419685
2.132519 0.419018
2.133397 0.418044
2.134275 0.416966
2.135154 0.416146
2.136034 0.415222
2.136914 0.413991
2.137795 0.412965
2.138677 0.411888
2.13956 0.410759
2.140444 0.409425
2.141328 0.408297
2.142213 0.407219
2.143099 0.406245
2.143985 0.405219
2.144872 0.404295
2.14576 0.403423
2.146648 0.402756
2.147537 0.402038
2.148427 0.401423
2.149318 0.400909
2.150209 0.400602
2.151101 0.400294
2.151994 0.400037
2.152888 0.39973
2.153783 0.399576
2.154678 0.399268
2.155574 0.398909
2.15647 0.39855
2.157368 0.398242
2.158266 0.397678
2.159165 0.396959
2.160064 0.396241
2.160964 0.395677
2.161865 0.394907
2.162767 0.393881
2.16367 0.392702
2.164573 0.391573
2.165478 0.390188
2.166383 0.388751
2.167288 0.38711
2.168195 0.385622
2.169102 0.384032
2.17001 0.382339
2.170919 0.380441
2.171828 0.378697
2.172739 0.377106
2.17365 0.375619
2.174561 0.373977
2.175474 0.372489
2.176387 0.371104
2.177301 0.369719
2.178216 0.36818
2.179132 0.366795
2.180048 0.365256
2.180965 0.363717
2.181883 0.362127
2.182801 0.360536
2.183721 0.358741
2.184641 0.356791
2.185562 0.354688
2.186484 0.352739
2.187407 0.350482
2.18833 0.348019
2.189254 0.345557
2.190179 0.342787
2.191105 0.339657
2.192032 0.336323
2.192959 0.332937
2.193887 0.329397
2.194816 0.32555
2.195745 0.321702
2.196676 0.317752
2.197607 0.313956
2.198539 0.310314
2.199472 0.306877
2.200405 0.303645
2.201339 0.300875
2.202275 0.298566
2.203211 0.297078
2.204147 0.296309
2.205085 0.296822
2.206023 0.298258
2.206962 0.300567
2.207902 0.303747
2.208843 0.307697
2.209784 0.312109
2.210727 0.316931
2.21167 0.321856
2.212614 0.327089
2.213559 0.332321
2.214504 0.337605
2.215451 0.342838
2.216398 0.347968
2.217346 0.352995
2.218295 0.357766
2.219244 0.361973
2.220195 0.365718
2.221146 0.36895
2.222098 0.371874
2.223051 0.374233
2.224005 0.376183
2.224959 0.377619
2.225914 0.378748
2.226871 0.379517
2.227827 0.380082
2.228785 0.380287
2.229744 0.380441
2.230703 0.380338
2.231663 0.38003
2.232625 0.379415
2.233587 0.378902
2.234549 0.378132
2.235513 0.37726
2.236477 0.376234
2.237442 0.375208
2.238408 0.373926
2.239375 0.372643
2.240343 0.371155
2.241312 0.369565
2.242281 0.367718
2.243252 0.365923
2.244223 0.363871
2.245195 0.361614
2.246168 0.359203
2.247141 0.356843
2.248116 0.354278
2.249091 0.351713
2.250067 0.34925
2.251044 0.347198
2.252022 0.345403
2.253 0.343864
2.25398 0.342274
2.254961 0.341196
2.255942 0.340222
2.256924 0.339503
2.257907 0.339093
2.258891 0.339093
2.259876 0.339298
2.260861 0.339709
2.261847 0.34017
2.262835 0.34094
2.263823 0.341812
2.264812 0.342889
2.265802 0.344069
2.266792 0.345506
2.267784 0.346737
2.268776 0.348224
2.26977 0.349763
2.270764 0.3512
2.271759 0.352431
2.272755 0.353816
2.273752 0.354945
2.27475 0.356022
2.275748 0.356843
2.276747 0.35751
2.277748 0.358023
2.278749 0.358279
2.279751 0.358382
2.280754 0.358382
2.281758 0.358074
2.282763 0.357561
2.283768 0.356894
2.284775 0.356279
2.285782 0.355304
2.286791 0.354278
2.2878 0.353047
2.28881 0.351918
2.289821 0.35043
2.290832 0.348737
2.291845 0.347044
2.292859 0.345454
2.293873 0.343659
2.294889 0.342171
2.295905 0.340581
2.296922 0.33899
2.29794 0.337503
2.29896 0.336118
2.299979 0.334784
2.301001 0.333399
2.302022 0.332116
2.303045 0.330782
2.304068 0.329295
2.305093 0.328063
2.306118 0.326884
2.307145 0.325755
2.308172 0.324626
2.309201 0.323857
2.31023 0.323139
2.31126 0.322677
2.31229 0.322215
2.313322 0.321907
2.314355 0.321702
2.315388 0.3216
2.316423 0.321497
2.317458 0.321446
2.318495 0.321394
2.319532 0.321292
2.32057 0.321087
2.321609 0.320779
2.32265 0.320266
2.323691 0.319804
2.324733 0.318881
2.325776 0.317906
2.32682 0.316726
2.327865 0.315341
2.32891 0.313597
2.329957 0.31175
2.331005 0.309852
2.332053 0.307903
2.333103 0.305748
2.334153 0.303696
2.335205 0.301849
2.336257 0.300156
2.33731 0.298515
2.338365 0.297335
2.33942 0.296463
2.340476 0.296001
2.341533 0.295539
2.342591 0.295385
2.34365 0.295385
2.34471 0.295488
2.345771 0.295591
2.346833 0.296104
2.347896 0.296719
2.34896 0.29713
2.350024 0.297489
2.35109 0.297848
2.352157 0.298258
2.353225 0.298617
2.354293 0.299079
2.355363 0.299541
2.356434 0.299746
2.357505 0.300259
2.358577 0.300721
2.359651 0.300977
2.360726 0.301182
2.361801 0.301747
2.362878 0.30226
2.363955 0.303029
2.365033 0.30385
2.366114 0.304825
2.367194 0.305851
2.368275 0.30703
2.369358 0.308262
2.370441 0.309647
2.371525 0.310775
2.372611 0.311955
2.373697 0.312981
2.374785 0.313853
2.375873 0.31452
2.376962 0.315136
2.378052 0.315392
2.379144 0.315444
2.380236 0.315341
2.38133 0.315187
2.382424 0.314879
2.383519 0.314572
2.384615 0.31411
2.385713 0.313802
2.386811 0.313494
2.387911 0.313186
2.389011 0.312674
2.390113 0.312058
2.391215 0.311545
2.392318 0.311186
2.393423 0.310519
2.394528 0.310006
2.395635 0.309493
2.396743 0.30898
2.397851 0.308467
2.398961 0.30821
2.400071 0.307954
2.401183 0.307697
2.402296 0.30739
2.40341 0.307236
2.404524 0.307184
2.40564 0.307236
2.406757 0.307184
2.407875 0.307082
2.408994 0.30703
2.410113 0.306979
2.411234 0.306877
2.412356 0.306723
2.413479 0.306415
2.414603 0.306312
2.415729 0.306107
2.416855 0.305953
2.417982 0.305748
2.419111 0.305492
2.42024 0.304876
2.421371 0.304363
2.422502 0.303799
2.423635 0.303234
2.424768 0.302619
2.425903 0.302157
2.427038 0.301541
2.428176 0.30108
2.429314 0.300721
2.430453 0.300464
2.431592 0.300208
2.432734 0.300054
2.433876 0.299951
2.435019 0.299797
2.436163 0.299489
2.437308 0.299387
2.438454 0.299233
2.439602 0.298874
2.44075 0.298669
2.4419 0.298617
2.443051 0.298463
2.444203 0.298617
2.445355 0.298771
2.44651 0.299028
2.447665 0.299335
2.448821 0.299592
2.449978 0.299746
2.451137 0.299951
2.452296 0.300208
2.453457 0.300515
2.454618 0.300721
2.455781 0.301131
2.456945 0.301644
2.45811 0.302413
2.459276 0.30308
2.460443 0.304004
2.461612 0.30503
2.462781 0.305902
2.463952 0.306774
2.465123 0.307697
2.466296 0.308364
2.46747 0.309134
2.468645 0.309801
2.469821 0.310416
2.470998 0.310878
2.472176 0.31134
2.473356 0.311801
2.474536 0.312417
2.475718 0.313033
2.476901 0.313546
2.478085 0.313853
2.47927 0.314213
2.480456 0.314315
2.481644 0.314418
2.482832 0.31452
2.484022 0.314674
2.485213 0.31452
2.486404 0.314315
2.487597 0.314059
2.488792 0.313853
2.489987 0.313597
2.491184 0.31334
2.492381 0.312879
2.493581 0.312571
2.494781 0.312212
2.495982 0.311955
2.497184 0.311596
2.498387 0.311288
2.499592 0.310981
2.500798 0.310878
2.502005 0.310775
2.503213 0.31057
2.504422 0.310365
2.505633 0.310365
2.506844 0.310262
2.508057 0.310211
2.509271 0.31016
2.510486 0.310211
2.511703 0.310006
2.51292 0.309749
2.514138 0.309698
2.515358 0.309544
2.516579 0.309236
2.517802 0.30898
2.519025 0.308569
2.52025 0.308313
2.521476 0.308005
2.522703 0.307697
2.523931 0.307492
2.52516 0.30739
2.526391 0.307236
2.527622 0.307236
2.528856 0.30739
2.53009 0.307595
2.531325 0.3078
2.532562 0.308005
2.5338 0.30821
2.535039 0.308569
2.536279 0.308775
2.53752 0.308929
2.538763 0.309083
2.540007 0.309185
2.541252 0.309236
2.542498 0.30939
2.543746 0.309339
2.544994 0.309288
2.546244 0.309134
2.547495 0.30898
2.548748 0.308569
2.550002 0.307903
2.551256 0.307184
2.552513 0.306466
2.553771 0.30544
2.555029 0.304414
2.556289 0.303439
2.55755 0.30267
2.558813 0.302003
2.560076 0.301593
2.561341 0.301388
2.562607 0.301234
2.563875 0.301131
2.565143 0.301234
2.566413 0.301439
2.567684 0.302003
2.568957 0.302721
2.57023 0.303542
2.571505 0.304158
2.572781 0.305184
2.574058 0.306056
2.575337 0.306671
2.576617 0.307338
2.577898 0.307749
2.579181 0.307851
2.580465 0.308108
2.58175 0.308159
2.583036 0.308159
2.584324 0.307851
2.585613 0.307287
2.586903 0.306825
2.588195 0.306364
2.589488 0.305543
2.590782 0.304619
2.592077 0.30385
2.593373 0.303491
2.594671 0.303234
2.595971 0.301901
2.597271 0.300208
2.598573 0.299028
2.599876 0.297848
2.601181 0.296771
2.602487 0.295539
2.603794 0.294411
2.605102 0.29318
2.606412 0.291846
2.607723 0.290358
2.609035 0.289075
2.610349 0.287639
2.611664 0.286408
2.612981 0.285279
2.614299 0.284099
2.615618 0.282971
2.616938 0.281893
2.61826 0.280611
2.619583 0.279739
2.620907 0.278816
2.622233 0.27743
2.62356 0.276199
2.624888 0.275532
2.626217 0.275173
2.627548 0.274558
2.628881 0.274147
2.630215 0.274404
2.63155 0.27425
2.632886 0.274352
2.634224 0.27466
2.635564 0.275173
2.636904 0.27584
2.638246 0.276507
2.63959 0.277174
2.640934 0.278046
2.64228 0.278969
2.643628 0.279893
2.644976 0.280868
2.646327 0.28174
2.647678 0.28256
2.649031 0.283381
2.650386 0.284202
2.651741 0.285177
2.653098 0.285997
2.654457 0.286767
2.655817 0.287485
2.657177 0.288203
2.65854 0.289075
2.659904 0.289999
2.66127 0.290768
2.662637 0.291589
2.664005 0.292615
2.665375 0.293692
2.666745 0.294103
2.668118 0.294205
2.669492 0.294821
2.670867 0.295231
2.672244 0.294719
2.673622 0.294462
2.675002 0.294257
2.676383 0.294
2.677765 0.293385
2.67915 0.292564
2.680535 0.291384
2.681922 0.290153
2.68331 0.288819
2.6847 0.287331
2.68609 0.285536
2.687483 0.283535
2.688877 0.281227
2.690272 0.278508
2.691669 0.27543
2.693067 0.271993
2.694467 0.267632
2.695868 0.262451
2.69727 0.256243
2.698674 0.248856
2.70008 0.240443
2.701487 0.230953
2.702896 0.22018
2.704306 0.208842
2.705717 0.197249
2.70713 0.186322
2.708544 0.176523
2.70996 0.168469
2.711378 0.161698
2.712797 0.155952
2.714217 0.151181
2.715639 0.146821
2.717062 0.142204
2.718487 0.13733
2.719913 0.1322
2.721341 0.126301
2.72277 0.119632
2.7242 0.112398
2.725633 0.104498
2.727067 0.096239
2.728502 0.08762
2.729939 0.079361
2.731377 0.07182
2.732817 0.065356
2.734258 0.059867
2.735701 0.055455
2.737146 0.052018
2.738592 0.049556
2.740039 0.047812
2.741488 0.046632
2.742939 0.045913
2.744391 0.045913
2.745844 0.046426
2.747299 0.047812
2.748756 0.04971
2.750214 0.051454
2.751674 0.052582
2.753135 0.053403
2.754598 0.054224
2.756062 0.054891
2.757528 0.055507
2.758996 0.056584
2.760465 0.057815
2.761936 0.0592
2.763408 0.060585
2.764882 0.062432
2.766357 0.064689
2.767834 0.067357
2.769313 0.070538
2.770793 0.074282
2.772275 0.078386
2.773758 0.082901
2.775243 0.087723
2.77673 0.09275
2.778218 0.097419
2.779707 0.101984
2.781199 0.105986
2.782691 0.109628
2.784185 0.112757
2.785681 0.115733
2.787179 0.1184
2.788678 0.120863
2.790179 0.123017
2.791682 0.125275
2.793186 0.127429
2.794692 0.129584
2.7962 0.131738
2.797709 0.133996
2.799219 0.136202
2.800731 0.13851
2.802245 0.140716
2.803761 0.143127
2.805278 0.145538
2.806797 0.147949
2.808318 0.150104
2.80984 0.152258
2.811363 0.154156
2.812889 0.156055
2.814416 0.157747
2.815945 0.159389
2.817475 0.160877
2.819007 0.162416
2.82054 0.16375
2.822076 0.164981
2.823613 0.166161
2.825152 0.167392
2.826692 0.168469
2.828234 0.169495
2.829778 0.170419
2.831324 0.171342
2.832871 0.172009
2.83442 0.172727
2.835971 0.173291
2.837523 0.173753
2.839077 0.174112
2.840632 0.174471
2.84219 0.174728
2.843749 0.175036
2.84531 0.17519
2.846872 0.175446
2.848437 0.175497
2.850003 0.175497
2.85157 0.175497
2.85314 0.175497
2.854711 0.175395
2.856283 0.175395
2.857857 0.175241
2.859434 0.175087
2.861012 0.174779
2.862592 0.174523
2.864173 0.174164
2.865757 0.173753
2.867342 0.173137
2.868929 0.172624
2.870517 0.171804
2.872108 0.171137
2.873699 0.170316
2.875293 0.169495
2.876889 0.168572
2.878486 0.1677
2.880085 0.166828
2.881686 0.166161
2.883289 0.165494
2.884893 0.165186
2.886499 0.164878
2.888107 0.164776
2.889717 0.164827
2.891329 0.165083
2.892942 0.165289
2.894558 0.165545
2.896175 0.165596
2.897794 0.165699
2.899415 0.16575
2.901037 0.165955
2.902662 0.166058
2.904288 0.166315
2.905916 0.166417
2.907546 0.16652
2.909178 0.166776
2.910811 0.167135
2.912446 0.167443
2.914083 0.167956
2.915722 0.168367
2.917363 0.168828
2.919006 0.169393
2.92065 0.170162
2.922296 0.17088
2.923944 0.171496
2.925594 0.172163
2.927246 0.172881
2.9289 0.173599
2.930556 0.174317
2.932213 0.174984
2.933873 0.1756
2.935534 0.176164
2.937198 0.17678
2.938863 0.177293
2.94053 0.177857
2.942199 0.178421
2.943869 0.179037
2.945542 0.179447
2.947217 0.179909
2.948893 0.180371
2.950572 0.180781
2.952252 0.18114
2.953934 0.181705
2.955618 0.182166
2.957304 0.182577
2.958992 0.182936
2.960681 0.183551
2.962373 0.184013
2.964067 0.184423
2.965763 0.184885
2.96746 0.185347
2.96916 0.18586
2.970861 0.186424
2.972565 0.186937
2.974271 0.187502
2.975978 0.187963
2.977687 0.188425
2.979398 0.188887
2.981112 0.189656
2.982827 0.190272
2.984544 0.190836
2.986264 0.191246
2.987985 0.191759
2.989709 0.19217
2.991434 0.192734
2.993161 0.193145
2.99489 0.193606
2.996621 0.194119
2.998354 0.194632
3.000089 0.195043
3.001826 0.195556
3.003565 0.195966
3.005306 0.196325
3.00705 0.196684
3.008795 0.197146
3.010542 0.197608
3.012291 0.198172
3.014043 0.198685
3.015796 0.199198
3.017552 0.19966
3.019309 0.200173
3.021069 0.200532
3.02283 0.200993
3.024594 0.201455
3.02636 0.202122
3.028127 0.202635
3.029897 0.203199
3.031669 0.203764
3.033443 0.204482
3.035219 0.204995
3.036998 0.205508
3.038778 0.206021
3.04056 0.206688
3.042344 0.207149
3.04413 0.207611
3.045919 0.208124
3.047709 0.20874
3.049502 0.209253
3.051297 0.209868
3.053094 0.210381
3.054893 0.210946
3.056694 0.211356
3.058498 0.21192
3.060303 0.212587
3.062111 0.213203
3.063921 0.213716
3.065733 0.21428
3.067547 0.214793
3.069363 0.215306
3.071181 0.215768
3.073001 0.216332
3.074824 0.216845
3.076649 0.217461
3.078476 0.217922
3.080305 0.218487
3.082136 0.219
3.08397 0.219564
3.085805 0.219974
3.087644 0.220487
3.089484 0.220898
3.091326 0.221411
3.093171 0.221924
3.095017 0.222437
3.096866 0.222796
3.098717 0.223104
3.10057 0.223514
3.102426 0.224078
3.104284 0.224591
3.106144 0.225104
3.108006 0.225515
3.109871 0.226028
3.111737 0.226489
3.113606 0.226951
3.115477 0.227362
3.11735 0.227875
3.119226 0.228234
3.121104 0.228747
3.122984 0.229157
3.124866 0.229619
3.126751 0.230132
3.128638 0.230542
3.130527 0.230953
3.132419 0.231466
3.134313 0.231876
3.136209 0.232286
3.138108 0.232594
3.140008 0.233005
3.141912 0.233466
3.143817 0.233979
3.145725 0.234492
3.147635 0.234954
3.149547 0.235313
3.151462 0.235826
3.153378 0.236236
3.155298 0.23675
3.157219 0.237109
3.159143 0.237622
3.16107 0.238032
3.162998 0.238494
3.164929 0.238955
3.166862 0.239417
3.168798 0.239776
3.170736 0.240187
3.172677 0.240648
3.174619 0.241264
3.176565 0.241726
3.178513 0.242136
3.180463 0.242598
3.182415 0.243111
3.18437 0.243572
3.186327 0.244137
3.188287 0.244547
3.190248 0.24506
3.192213 0.245522
3.19418 0.245932
3.196149 0.24624
3.198121 0.24665
3.200095 0.24701
3.202072 0.247522
3.204051 0.248087
3.206032 0.2486
3.208016 0.248856
3.210002 0.249369
3.211991 0.249934
3.213982 0.250498
3.215976 0.25096
3.217972 0.251575
3.219971 0.252037
3.221972 0.25255
3.223976 0.253012
3.225982 0.253473
3.227991 0.253935
3.230002 0.254551
3.232016 0.25491
3.234032 0.25532
3.236051 0.255782
3.238072 0.256295
3.240096 0.256654
3.242123 0.257218
3.244152 0.257577
3.246183 0.257936
3.248217 0.258296
3.250253 0.258706
3.252293 0.259116
3.254334 0.259527
3.256378 0.259988
3.258425 0.26045
3.260474 0.260758
3.262526 0.261168
3.26458 0.261476
3.266638 0.261784
3.268697 0.26204
3.27076 0.262399
3.272825 0.262605
3.274892 0.262913
3.276962 0.263066
3.279035 0.263323
3.28111 0.263528
3.283188 0.263785
3.285269 0.26399
3.287352 0.264246
3.289438 0.264452
3.291526 0.264708
3.293617 0.264811
3.295711 0.265067
3.297807 0.26517
3.299906 0.265324
3.302008 0.265529
3.304113 0.265837
3.30622 0.265888
3.30833 0.265939
3.310443 0.266042
3.312558 0.266196
3.314676 0.26635
3.316797 0.266606
3.31892 0.266709
3.321046 0.266914
3.323175 0.267119
3.325307 0.267273
3.327442 0.267324
3.329579 0.267581
3.331719 0.267735
3.333861 0.267889
3.336007 0.268145
3.338155 0.268453
3.340306 0.268555
3.342458 0.268658
3.344615 0.268709
3.346774 0.268915
3.348936 0.26912
3.351101 0.269325
3.353268 0.26953
3.355439 0.269633
3.357612 0.269684
3.359789 0.269787
3.361968 0.269735
3.364149 0.269735
3.366334 0.26953
3.368521 0.269479
3.370711 0.269428
3.372904 0.269479
3.3751 0.269684
3.3773 0.270043
3.379501 0.270454
3.381706 0.270967
3.383913 0.271377
3.386123 0.272044
3.388336 0.272506
3.390553 0.272916
3.392771 0.273121
3.394992 0.273326
3.397217 0.273326
3.399445 0.273326
3.401675 0.273429
3.403909 0.273634
3.406146 0.273583
3.408385 0.273685
3.410627 0.273737
3.412873 0.273942
3.415121 0.274096
3.417372 0.274455
3.419626 0.274968
3.421884 0.275635
3.424144 0.276199
3.426407 0.276917
3.428673 0.277533
3.430943 0.278251
3.433215 0.278764
3.43549 0.279226
3.437768 0.279688
3.440049 0.280303
3.442333 0.280919
3.444621 0.281432
3.446911 0.281842
3.449204 0.282406
3.4515 0.282868
3.4538 0.283433
3.456102 0.283843
3.458408 0.284253
3.460716 0.284664
3.463028 0.285074
3.465343 0.285279
3.467662 0.285536
3.469983 0.285741
3.472307 0.286151
3.474634 0.286408
3.476965 0.286818
3.479298 0.287126
3.481635 0.287537
3.483975 0.287844
3.486317 0.288255
3.488663 0.28846
3.491012 0.288665
3.493365 0.288922
3.49572 0.289332
3.498079 0.289589
3.500441 0.29005
3.502806 0.290563
3.505175 0.291128
3.507547 0.291743
3.509921 0.29241
3.512299 0.292974
3.514681 0.293641
3.517065 0.294257
3.519453 0.294924
3.521844 0.295385
3.524238 0.295898
3.526636 0.296257
3.529036 0.296771
3.53144 0.297284
3.533848 0.297745
3.536258 0.298156
3.538672 0.29872
3.541089 0.29913
3.543509 0.299643
3.545932 0.300054
3.548359 0.300464
3.55079 0.300875
3.553223 0.301439
3.55566 0.301849
3.558101 0.302311
3.560545 0.302721
3.562992 0.303183
3.565443 0.303645
3.567896 0.304209
3.570354 0.304619
3.572814 0.305081
3.575278 0.305543
3.577746 0.306056
3.580216 0.306466
3.582691 0.30703
3.585169 0.307441
3.58765 0.307903
3.590135 0.308467
3.592623 0.308929
3.595114 0.309236
3.597609 0.309749
3.600107 0.310109
3.602608 0.310468
3.605114 0.310775
3.607622 0.311186
3.610135 0.311494
3.61265 0.311853
3.61517 0.312058
3.617692 0.312417
3.620219 0.312725
3.622749 0.313135
3.625283 0.31334
3.627819 0.313597
3.63036 0.313648
3.632904 0.313751
3.635452 0.313853
3.638003 0.313905
3.640558 0.3137
3.643116 0.313648
3.645679 0.313597
3.648244 0.313494
3.650813 0.313289
3.653386 0.313033
3.655962 0.312776
3.658543 0.312674
3.661126 0.31252
3.663713 0.31252
3.666304 0.312571
3.668898 0.312725
3.671497 0.312827
3.674099 0.313084
3.676705 0.313392
3.679314 0.313853
3.681927 0.314315
3.684544 0.314982
3.687165 0.315598
3.689789 0.316264
3.692417 0.316777
3.695049 0.317291
3.697685 0.317701
3.700324 0.318317
3.702967 0.318676
3.705615 0.318983
3.708265 0.319291
3.71092 0.319599
3.713578 0.31965
3.71624 0.319855
3.718906 0.320009
3.721576 0.320266
3.724249 0.320215
3.726926 0.320368
3.729607 0.320933
3.732292 0.321754
3.734981 0.322574
3.737674 0.323498
3.740371 0.324319
3.743071 0.325242
3.745776 0.32596
3.748485 0.326627
3.751197 0.327089
3.753913 0.327551
3.756634 0.328012
3.759358 0.328576
3.762086 0.328936
3.764818 0.329141
3.767554 0.329295
3.770293 0.329756
3.773037 0.329962
3.775785 0.330167
3.778537 0.330218
3.781293 0.330577
3.784053 0.330885
3.786817 0.331193
3.789586 0.331295
3.792358 0.331552
3.795134 0.331757
3.797915 0.331962
3.800699 0.332065
3.803488 0.332116
3.80628 0.332116
3.809077 0.332373
3.811877 0.332373
3.814683 0.332527
3.817492 0.332732
3.820305 0.332937
3.823123 0.332988
3.825944 0.333142
3.82877 0.333296
3.8316 0.333501
3.834434 0.333501
3.837271 0.333706
3.840113 0.33386
3.84296 0.334117
3.845811 0.334271
3.848666 0.33463
3.851525 0.334886
3.854389 0.335194
3.857257 0.335194
3.86013 0.335399
3.863006 0.335502
3.865887 0.335707
3.868772 0.335759
3.871661 0.336118
3.874554 0.336425
3.877452 0.336477
3.880355 0.336579
3.883262 0.336733
3.886173 0.336836
3.889088 0.337144
3.892008 0.337349
3.894932 0.337349
3.897861 0.337349
3.900793 0.337503
3.903731 0.337605
3.906672 0.33781
3.909618 0.337708
3.912569 0.337708
3.915524 0.337657
3.918483 0.337964
3.921447 0.338016
3.924416 0.337913
3.927389 0.33781
3.930367 0.337913
3.933349 0.337862
3.936336 0.337759
3.939327 0.337605
3.942322 0.337605
3.945323 0.337708
3.948327 0.33781
3.951337 0.337605
3.954351 0.337503
3.95737 0.337349
3.960393 0.337246
3.963421 0.337246
3.966453 0.337246
3.96949 0.336887
3.972532 0.336733
3.975579 0.336733
3.978629 0.336733
3.981685 0.336477
3.984745 0.336374
3.98781 0.33622
3.99088 0.336118
3.993955 0.335861
3.997034 0.335707
4.000118 0.335553
4.003208 0.335553
4.006302 0.335245
4.0094 0.335143
4.012504 0.334886
4.015612 0.334784
4.018724 0.334527
4.021842 0.334476
4.024965 0.334373
4.028091 0.334271
4.031223 0.334066
4.03436 0.334014
4.037502 0.333912
4.040649 0.33386
4.043801 0.333706
4.046958 0.333604
4.050119 0.333501
4.053287 0.333501
4.056458 0.333296
4.059635 0.333245
4.062816 0.333193
4.066003 0.333193
4.069194 0.333193
4.072391 0.333245
4.075593 0.333142
4.078799 0.333142
4.082011 0.332988
4.085227 0.332783
4.088449 0.332783
4.091676 0.333142
4.094908 0.333142
4.098145 0.33304
4.101388 0.332886
4.104634 0.332988
4.107887 0.332988
4.111144 0.332988
4.114407 0.332886
4.117675 0.332886
4.120948 0.332629
4.124227 0.332629
4.12751 0.332475
4.130799 0.332424
4.134094 0.33227
4.137393 0.33227
4.140697 0.332168
4.144008 0.332219
4.147323 0.332168
4.150643 0.332065
4.153969 0.33186
4.157301 0.331962
4.160638 0.331911
4.16398 0.331757
4.167327 0.331501
4.17068 0.331398
4.174038 0.331244
4.177401 0.331244
4.18077 0.33109
4.184143 0.330936
4.187523 0.330731
4.190908 0.33068
4.194299 0.330475
4.197695 0.330628
4.201097 0.330577
4.204504 0.330526
4.207917 0.330423
4.211336 0.330628
4.214759 0.33068
4.218189 0.330885
4.221624 0.330936
4.225064 0.330936
4.22851 0.33068
4.231962 0.33068
4.23542 0.330526
4.238883 0.330423
4.242352 0.330269
4.245827 0.330167
4.249307 0.32991
4.252793 0.329654
4.256284 0.329295
4.259782 0.329397
4.263285 0.329346
4.266792 0.329346
4.270307 0.329346
4.273828 0.3295
4.277354 0.329449
4.280886 0.329397
4.284424 0.329192
4.287968 0.329038
4.291517 0.328782
4.295074 0.328782
4.298635 0.328576
4.302202 0.328525
4.305776 0.32832
4.309355 0.328269
4.31294 0.328166
4.316531 0.328063
4.320128 0.327807
4.323732 0.327807
4.327342 0.327704
4.330956 0.327551
4.334578 0.327294
4.338205 0.327448
4.341838 0.327397
4.345478 0.327243
4.349123 0.326935
4.352774 0.326935
4.356431 0.326781
4.360096 0.326884
4.363765 0.32673
4.367442 0.32673
4.371124 0.326781
4.374813 0.326781
4.378508 0.326473
4.38221 0.326268
4.385918 0.326114
4.389631 0.326011
4.393351 0.325704
4.397078 0.32555
4.40081 0.325447
4.404549 0.325447
4.408295 0.325139
4.412045 0.325088
4.415803 0.324729
4.419568 0.324729
4.423338 0.324524
4.427116 0.324319
4.4309 0.323959
4.43469 0.323652
4.438487 0.323241
4.442291 0.32319
4.446101 0.323087
4.449917 0.322985
4.45374 0.322421
4.45757 0.322113
4.461406 0.321754
4.465249 0.321702
4.469098 0.321292
4.472954 0.320779
4.476817 0.320266
4.480686 0.320317
4.484562 0.319753
4.488445 0.31924
4.492334 0.318778
4.496231 0.318676
4.500134 0.318368
4.504043 0.317906
4.507959 0.317393
4.511883 0.317137
4.515813 0.316624
4.51975 0.316264
4.523694 0.315854
4.527645 0.3157
4.531602 0.315392
4.535568 0.315187
4.539539 0.314674
4.543518 0.314828
4.547503 0.314418
4.551496 0.313751
4.555496 0.313186
4.559502 0.31293
4.563516 0.312417
4.567537 0.312007
4.571565 0.311134
4.5756 0.310468
4.579642 0.309698
4.583691 0.309493
4.587747 0.308672
4.591811 0.307851
4.595881 0.307492
4.599958 0.307082
4.604044 0.306415
4.608136 0.305851
4.612236 0.304978
4.616343 0.304671
4.620458 0.30426
4.624579 0.303645
4.628708 0.302875
4.632845 0.302054
4.636989 0.301593
4.64114 0.301388
4.645299 0.300618
4.649466 0.300054
4.653639 0.299079
4.65782 0.298361
4.662009 0.297591
4.666206 0.296668
4.67041 0.295847
4.674621 0.295385
4.67884 0.294359
4.683066 0.293487
4.687301 0.292769
4.691543 0.292051
4.695792 0.291128
4.700048 0.290358
4.704313 0.289024
4.708586 0.288511
4.712867 0.287588
4.717155 0.286357
4.721451 0.285074
4.725755 0.284305
4.730067 0.283586
4.734388 0.282612
4.738715 0.281483
4.743051 0.280662
4.747394 0.279482
4.751746 0.278405
4.756105 0.277225
4.760472 0.276251
4.764848 0.275225
4.769232 0.274147
4.773623 0.272044
4.778023 0.270608
4.782431 0.269479
4.786847 0.268555
4.791271 0.267683
4.795703 0.266606
4.800144 0.264964
4.804591 0.264041
4.809048 0.262553
4.813513 0.261579
4.817986 0.259988
4.822468 0.258398
4.826958 0.257372
4.831457 0.256859
4.835964 0.255525
4.84048 0.254602
4.845004 0.253576
4.849536 0.252601
4.854077 0.251011
4.858626 0.249882
4.863184 0.248138
4.867751 0.247061
4.872326 0.245778
4.876908 0.24506
4.8815 0.243983
4.886101 0.242495
4.89071 0.241367
4.895329 0.240392
4.899956 0.239109
4.904591 0.237827
4.909236 0.235723
4.91389 0.234646
4.918552 0.23362
4.923223 0.232389
4.927903 0.230747
4.932591 0.22967
4.937289 0.228439
4.941996 0.227977
4.946712 0.226438
4.951437 0.224694
4.956171 0.223309
4.960914 0.222539
4.965665 0.221154
4.970426 0.219974
4.975196 0.218487
4.979976 0.21705
4.984764 0.215255
4.989561 0.213664
4.994367 0.212331
4.999184 0.211048
5.004009 0.20956
5.008844 0.208688
5.013688 0.207047
5.018541 0.205918
5.023404 0.204431
5.028277 0.203712
5.033159 0.202738
5.038051 0.201917
5.042951 0.200634
5.047862 0.200019
5.052782 0.199249
5.057711 0.198736
5.06265 0.197967
5.0676 0.197043
5.072558 0.196017
5.077527 0.195248
5.082504 0.193709
5.087492 0.192734
5.09249 0.192221
5.097497 0.191759
5.102514 0.190631
5.10754 0.189451
5.112577 0.188117
5.117624 0.187142
5.122681 0.18586
5.127748 0.185501
5.132825 0.184988
5.137912 0.184321
5.143009 0.18309
5.148117 0.182474
5.153234 0.18191
5.158362 0.181961
5.1635 0.180884
5.168648 0.180268
5.173806 0.179755
5.178975 0.179191
5.184154 0.178627
5.189344 0.178627
5.194544 0.178114
5.199754 0.177652
5.204975 0.176934
5.210206 0.176729
5.215447 0.176318
5.2207 0.17601
5.225963 0.174933
5.231235 0.174523
5.236519 0.174061
5.241814 0.173394
5.247119 0.172676
5.252435 0.172522
5.257762 0.171496
5.2631 0.170726
5.268449 0.170213
5.273809 0.169752
5.27918 0.168521
5.284561 0.167956
5.289953 0.167289
5.295357 0.16652
5.300771 0.165648
5.306197 0.165545
5.311634 0.16493
5.31708 0.164211
5.322538 0.163288
5.328009 0.162621
5.33349 0.162005
5.338983 0.161595
5.344487 0.160364
5.350003 0.15944
5.355529 0.158517
5.361069 0.158004
5.366619 0.157132
5.37218 0.156414
5.377753 0.155388
5.383337 0.154618
5.388933 0.153695
5.394541 0.153233
5.40016 0.152002
5.405792 0.151232
5.411435 0.150309
5.417089 0.149591
5.422756 0.148975
5.428434 0.148565
5.434124 0.147693
5.439826 0.147026
5.44554 0.146154
5.451264 0.145743
5.457003 0.145282
5.462753 0.145589
5.468515 0.145282
5.47429 0.14482
5.480077 0.144666
5.485876 0.145076
5.491687 0.14523
5.497512 0.145846
5.503348 0.146462
5.509196 0.147334
5.515058 0.148308
5.520931 0.149745
5.526816 0.15113
5.532715 0.152874
5.538626 0.154259
5.544551 0.156311
5.550487 0.158209
5.556436 0.159953
5.562398 0.161492
5.568373 0.163237
5.57436 0.165032
5.58036 0.16652
5.586374 0.167597
5.592398 0.168777
5.598437 0.169957
5.604489 0.171188
5.610555 0.171906
5.616633 0.172522
5.622725 0.172573
5.62883 0.172932
5.634949 0.172932
5.641082 0.173137
5.647227 0.173189
5.653385 0.173394
5.659557 0.172984
5.665742 0.172368
5.671941 0.171855
5.678154 0.172009
5.68438 0.171906
5.69062 0.17165
5.696874 0.170983
5.703141 0.17047
5.709422 0.169752
5.715717 0.169187
5.722026 0.168264
5.728348 0.1677
5.734685 0.167084
5.741033 0.166417
5.747398 0.165442
5.753777 0.164673
5.76017 0.164263
5.766577 0.163904
5.772999 0.162724
5.779435 0.161903
5.785885 0.160877
5.792351 0.160261
5.798831 0.159338
5.805324 0.158825
5.811832 0.157953
5.818355 0.157286
5.824893 0.156414
5.831445 0.155593
5.838012 0.154464
5.844594 0.153643
5.851191 0.152669
5.857803 0.151745
5.864429 0.150822
5.871071 0.150412
5.877727 0.149488
5.884399 0.148565
5.891086 0.147693
5.897785 0.146769
5.904502 0.145435
5.911235 0.144615
5.917983 0.143743
5.924747 0.142511
5.931525 0.141331
5.93832 0.140665
5.94513 0.139536
5.951957 0.138664
5.958798 0.137381
5.965655 0.136407
5.972528 0.135175
5.979417 0.134047
5.986322 0.133021
5.993242 0.132149
6.000179 0.131123
6.00713 0.130456
6.014098 0.129481
6.021083 0.128455
6.028085 0.127275
6.035102 0.126762
6.042136 0.126198
6.049186 0.125993
6.056253 0.125326
6.063337 0.124659
6.070437 0.123736
6.077554 0.123274
6.084687 0.122658
6.091837 0.121991
6.099004 0.121171
6.106188 0.120811
6.113389 0.120504
6.120608 0.119837
6.127842 0.119221
6.135094 0.119119
6.142364 0.118708
6.14965 0.118452
6.156953 0.117887
6.164274 0.117323
6.171613 0.116656
6.178967 0.116656
6.18634 0.116246
6.193731 0.115476
6.201139 0.115015
6.208566 0.114656
6.216011 0.11404
6.223473 0.113886
6.230953 0.113629
6.238452 0.113219
6.245968 0.112911
6.253502 0.113065
6.261055 0.112963
6.268626 0.112809
6.276215 0.112501
6.283823 0.112604
6.291449 0.112757
6.299095 0.113322
6.306758 0.11327
6.31444 0.113886
6.32214 0.114656
6.32986 0.115271
6.337598 0.115784
6.345355 0.116759
6.353131 0.117426
6.360924 0.118349
6.368739 0.119221
6.376572 0.119991
6.384425 0.12076
6.392297 0.121684
6.400189 0.121991
6.4081 0.122915
6.416031 0.123838
6.423983 0.124608
6.431953 0.124967
6.439943 0.12548
6.447953 0.125582
6.455982 0.125942
6.464032 0.126814
6.472102 0.128199
6.480192 0.128147
6.488305 0.128147
6.496436 0.128968
6.504587 0.129584
6.512758 0.129327
6.52095 0.129789
6.529163 0.12984
6.537397 0.130046
6.545651 0.130507
6.553923 0.131174
6.562219 0.131174
6.570536 0.131328
6.578875 0.131944
6.587234 0.132354
6.595614 0.132354
6.604017 0.132303
6.61244 0.132559
6.620886 0.132764
6.629353 0.132508
6.637841 0.132303
6.646351 0.131687
6.654883 0.13179
6.663437 0.131944
6.672013 0.131277
6.680611 0.13061
6.689233 0.130302
6.697875 0.12943
6.70654 0.128301
6.715228 0.127378
6.723937 0.126557
6.73267 0.125428
6.741425 0.124967
6.750203 0.1243
6.759001 0.12353
6.767824 0.122607
6.776671 0.121735
6.785541 0.120606
6.794435 0.119272
6.803351 0.118093
6.812291 0.117374
6.821255 0.116502
6.830244 0.115681
6.839254 0.114399
6.848289 0.113527
6.857347 0.112809
6.86643 0.11209
6.875537 0.110808
6.884668 0.109731
6.893823 0.1085
6.902999 0.108038
6.912203 0.107474
6.921432 0.106447
6.930685 0.105319
6.939963 0.104036
6.949265 0.102703
6.958593 0.10183
6.967947 0.100599
6.977327 0.099368
6.98673 0.098599
6.996159 0.098086
7.005613 0.096854
7.015093 0.095726
7.024599 0.094854
7.03413 0.094187
7.043687 0.093417
7.053272 0.092443
7.062882 0.091622
7.072517 0.091314
7.082179 0.090391
7.091867 0.089826
7.101583 0.088903
7.111324 0.08839
7.121092 0.088031
7.130883 0.087928
7.140706 0.087826
7.150555 0.087415
7.160431 0.087159
7.170335 0.087107
7.180266 0.086646
7.190225 0.085979
7.200211 0.085363
7.210228 0.085466
7.22027 0.085261
7.23034 0.084748
7.240438 0.083927
7.250565 0.083722
7.26072 0.083414
7.270903 0.083055
7.281115 0.082696
7.291358 0.082183
7.301627 0.081516
7.311926 0.081362
7.322253 0.080951
7.33261 0.080233
7.342996 0.080079
7.353412 0.079925
7.363857 0.079515
7.374328 0.079566
7.384833 0.079464
7.395367 0.079105
7.405932 0.078592
7.416527 0.078335
7.427153 0.07813
7.437809 0.078027
7.448495 0.077822
7.459215 0.077617
7.469963 0.077206
7.480742 0.077001
7.491552 0.076796
7.502394 0.076181
7.513267 0.07577
7.524172 0.075257
7.535108 0.074693
7.546078 0.074488
7.557078 0.073975
7.56811 0.073872
7.579175 0.073462
7.590272 0.072795
7.601401 0.072333
7.612564 0.071871
7.623759 0.071102
7.634982 0.070589
7.646243 0.069871
7.657537 0.068947
7.668865 0.068229
7.680227 0.067665
7.691622 0.067152
7.703051 0.06628
7.714513 0.065254
7.726013 0.064638
7.737544 0.063561
7.74911 0.062637
7.76071 0.061817
7.772346 0.061252
7.784016 0.060277
7.795721 0.059611
7.807461 0.058892
7.819234 0.057969
7.831045 0.056943
7.842893 0.05602
7.854775 0.05525
7.866695 0.054635
7.87865 0.053608
7.890642 0.052326
7.90267 0.051249
7.914737 0.050582
7.926839 0.049966
7.938978 0.048786
7.951155 0.047709
7.963368 0.046786
7.97562 0.046016
7.987909 0.045349
8.000236 0.044118
8.012604 0.042733
8.025007 0.041758
8.03745 0.04104
8.04993 0.040065
8.062449 0.039244
8.075007 0.038526
8.087605 0.037705
8.100242 0.036628
8.112914 0.035448
8.12563 0.03432
8.138387 0.033396
8.151183 0.032319
8.16402 0.031396
8.176896 0.030523
8.189815 0.029036
8.202773 0.027702
8.215774 0.026984
8.228815 0.026112
8.241898 0.024829
8.255021 0.023547
8.268188 0.022469
8.281395 0.021238
8.294645 0.02011
8.307939 0.019084
8.321277 0.01816
8.334655 0.017339
8.348077 0.016519
8.361541 0.015493
8.37505 0.014313
8.388601 0.012876
8.402197 0.011645
8.415837 0.010978
8.429516 0.009901
8.443245 0.008721
8.457019 0.008105
8.470837 0.007438
8.484701 0.006772
8.49861 0.006464
8.512566 0.005643
8.526567 0.004925
8.540616 0.004258
8.554709 0.003642
8.56885 0.003027
8.583036 0.00236
8.59727 0.001488
8.611551 0.000616
8.62588 0.000308
8.640257 0.000205
8.654684 -0.000154
8.669156 -0.000359
8.683678 -0.000975
8.698248 -0.001334
8.712867 -0.001231
8.727534 -0.001334
8.742252 -0.001385
8.75702 -0.001282
8.771832 -0.001231
8.786699 -0.001282
8.801618 -0.001231
8.816586 -0.001077
8.831606 -0.00118
8.846677 -0.000616
8.861799 -0.000103
8.876974 -0.000359
8.892203 0.000154
8.907482 0.001539
8.922813 0.003027
8.938197 0.004463
8.953634 0.005387
8.969126 0.006925
8.98467 0.008465
9.000268 0.010055
9.015924 0.012517
9.031631 0.014774
9.047393 0.016775
9.06321 0.019648
9.079082 0.022829
9.095011 0.026214
9.110995 0.029549
9.127035 0.033294
9.143127 0.03709
9.159282 0.04145
9.175492 0.045913
9.191761 0.050428
9.208088 0.05566
9.224472 0.06156
9.240915 0.0671
9.257417 0.071871
9.27398 0.077001
9.290601 0.082131
9.307281 0.086133
9.32402 0.089416
9.34082 0.092904
9.35768 0.096341
9.374602 0.099214
9.391585 0.101164
9.408624 0.102036
9.42573 0.102754
9.442899 0.10337
9.460131 0.10301
9.477425 0.10219
9.494783 0.100805
9.512204 0.099163
9.52969 0.097983
9.547244 0.097162
9.564858 0.096752
9.582539 0.096495
9.600284 0.096803
9.618095 0.097932
9.635973 0.100138
9.653916 0.1026
9.671927 0.104652
9.690009 0.107627
9.708156 0.11209
9.72637 0.116297
9.744653 0.120196
9.763004 0.125942
9.781425 0.132097
9.799915 0.137125
9.818476 0.142768
9.837101 0.148873
9.855803 0.153438
9.874576 0.157337
9.89342 0.162262
9.912336 0.167187
9.931326 0.171701
9.950388 0.17601
9.969523 0.179653
9.988736 0.183244
10.008019 0.186065
10.027377 0.187553
10.04681 0.189913
10.066319 0.191759
10.085902 0.191708
10.105563 0.191452
10.1253 0.190682
10.145119 0.189348
10.165011 0.188168
10.184982 0.186681
10.205031 0.184988
10.22516 0.182525
10.245367 0.180473
10.265656 0.179755
10.286023 0.178524
10.306466 0.176831
10.326997 0.175651
10.34761 0.174317
10.368304 0.172317
10.389083 0.171342
10.409945 0.171188
10.43089 0.170111
10.45192 0.168623
10.473039 0.167238
10.49424 0.165853
10.515526 0.164827
10.536899 0.163544
10.558359 0.162005
10.579906 0.161749
10.601542 0.161646
10.623267 0.161903
10.645084 0.161903
10.666988 0.161544
10.688982 0.160569
10.711066 0.159748
10.733243 0.158363
10.755511 0.15626
10.777872 0.152515
10.800325 0.147949
10.822865 0.143897
10.845508 0.139793
10.868244 0.136355
10.891077 0.133893
10.914005 0.131687
10.937031 0.130148
10.960154 0.129481
10.983374 0.129019
11.006698 0.128968
11.030116 0.129276
11.053635 0.128968
11.077253 0.128609
11.100973 0.128199
11.124795 0.127173
11.14872 0.12471
11.172747 0.120504
11.196871 0.115887
11.221107 0.110859
11.245447 0.105575
11.269894 0.100702
11.294447 0.096187
11.319107 0.092545
11.343875 0.089262
11.368752 0.086235
11.393744 0.08326
11.418839 0.081003
11.444047 0.078745
11.469365 0.076847
11.494797 0.074641
11.52034 0.072589
11.545999 0.070897
11.571771 0.069665
11.597663 0.068126
11.623667 0.066741
11.649787 0.065254
11.676025 0.063612
11.702382 0.062176
11.728858 0.061201
11.755454 0.060021
11.782171 0.059149
11.809002 0.058328
11.835962 0.058072
11.863048 0.057046
11.890256 0.056173
11.91759 0.055199
11.94505 0.054532
11.972636 0.05366
12.000351 0.053096
12.028198 0.052223
12.056171 0.051556
12.084274 0.050325
12.112508 0.049351
12.140875 0.047812
12.169374 0.046375
12.198009 0.04499
12.226777 0.044528
12.255688 0.043913
12.28473 0.043502
12.31391 0.043297
12.343228 0.043759
12.372687 0.043451
12.402287 0.0434
12.432029 0.04263
12.461913 0.042169
12.491931 0.04145
12.522105 0.041194
12.552425 0.040476
12.582892 0.040065
12.613507 0.03945
12.644272 0.039244
12.675187 0.038372
12.706254 0.038372
12.737479 0.037398
12.768852 0.036577
12.80038 0.035346
12.832064 0.034525
12.863906 0.033088
12.895905 0.03196
12.928064 0.030113
12.960384 0.028933
12.992874 0.027805
13.025519 0.02724
13.05833 0.026009
13.091305 0.02447
13.124448 0.022367
13.157759 0.021546
13.191238 0.020161
13.22489 0.019084
13.258701 0.018058
13.292698 0.018263
13.326869 0.018058
13.361217 0.019545
13.395742 0.020777
13.430446 0.023495
13.46533 0.026163
13.500397 0.029703
13.535651 0.033653
13.571085 0.038526
13.606705 0.042425
13.642511 0.046529
13.678508 0.049812
13.714694 0.053968
13.751073 0.057353
13.787644 0.062073
13.82442 0.06746
13.861383 0.075001
13.898545 0.083568
13.935907 0.092956
13.97347 0.100856
14.011236 0.10891
14.049208 0.115784
14.087384 0.12153
14.125755 0.124351
14.16435 0.125018
14.203156 0.122761
14.242176 0.119375
14.281411 0.114809
14.320862 0.109833
14.360532 0.104601
14.400422 0.10101
14.440542 0.096393
14.48088 0.092904
14.521442 0.089672
14.562233 0.087107
14.603253 0.083978
14.644506 0.082234
14.685991 0.08049
14.727713 0.079361
14.76966 0.077873
14.811859 0.077258
14.8543 0.075052
14.896984 0.072692
14.939916 0.070127
14.983094 0.06787
15.026524 0.065356
15.070205 0.063715
15.11415 0.060739
15.158343 0.058739
15.202796 0.05602
15.24751 0.054378
15.292488 0.051813
15.337732 0.049299
15.383245 0.04658
15.429028 0.045554
15.475092 0.043195
15.521424 0.040732
15.568036 0.038526
15.614927 0.037705
15.662103 0.035551
15.709563 0.034063
15.757313 0.033191
15.805353 0.03432
15.853672 0.034987
15.902304 0.037962
15.951234 0.042271
16.000465 0.048838
16.050003 0.054327
16.099848 0.060739
16.150003 0.066382
16.200472 0.072538
16.251265 0.076181
16.30237 0.079053
16.353796 0.07854
16.405548 0.076796
16.45763 0.073154
16.510042 0.070589
16.56279 0.065818
16.615877 0.062124
16.669313 0.057507
16.723085 0.054019
16.777206 0.049966
16.831676 0.04658
16.886503 0.042836
16.941689 0.040527
16.997234 0.037244
17.053146 0.036577
17.109409 0.035192
17.166063 0.036782
17.223093 0.040373
17.280504 0.045862
17.338299 0.052172
17.396481 0.062637
17.455055 0.072282
17.514025 0.082747
17.573404 0.092648
17.633179 0.102497
17.693359 0.108756
17.753954 0.114656
17.814964 0.118913
17.876394 0.124249
17.938251 0.126506
18.000536 0.129276
18.063269 0.131225
18.126427 0.132918
18.190027 0.131533
18.254078 0.13102
18.318579 0.129481
18.383539 0.128866
18.448961 0.124351
18.514851 0.120247
18.58119 0.114502
18.648029 0.108807
18.715351 0.102805
18.783159 0.099163
18.851461 0.094187
18.920263 0.091981
18.989569 0.089211
19.059383 0.09116
19.129725 0.091776
19.200575 0.091878
19.271952 0.090185
19.343863 0.090134
19.416311 0.088236
19.489305 0.088339
19.562849 0.087877
19.636951 0.091006
19.711594 0.094956
19.786827 0.102549
19.862638 0.104344
19.939034 0.10696
20.016018 0.109115
20.093599 0.112347
20.171785 0.111577
20.250582 0.112501
20.330009 0.111629
20.410049 0.111167
20.490723 0.107268
20.572035 0.105268
20.653994 0.099881
20.73661 0.096547
20.819889 0.093212
20.903841 0.093982
20.988487 0.09234
21.073807 0.091724
21.159821 0.088082
21.246542 0.08798
21.333977 0.085774
21.422132 0.085774
21.511023 0.083465
21.600651 0.085517
21.691 0.084286
21.782139 0.083927
21.874046 0.081003
21.966734 0.081464
22.060209 0.079412
22.154484 0.081618
22.249567 0.081054
22.34547 0.081208
22.442221 0.076642
22.539797 0.079669
22.638224 0.081772
22.737514 0.084183
22.837679 0.082901
22.93873 0.083568
23.04068 0.081618
23.143541 0.083619
23.247343 0.082337
23.35206 0.08326
23.457727 0.079874
23.564352 0.082183
23.671953 0.081259
23.78054 0.083311
23.890127 0.082696
24.000731 0.084748
24.112324 0.083003
24.224998 0.084542
24.338732 0.084029
24.453537 0.085722
24.569429 0.08367
24.686426 0.085261
24.804543 0.08485
24.923796 0.089878
