0.2211 0.350228
0.2291 0.370128
0.2361 0.378277
0.2421 0.388502
0.2481 0.396281
0.2536 0.405435
0.2586 0.417556
0.2636 0.431795
0.2686 0.443419
0.2731 0.458863
0.2771 0.473211
0.2811 0.485936
0.2851 0.499954
0.2891 0.515288
0.2931 0.521326
0.2971 0.535604
0.3011 0.532472
0.3051 0.540892
0.3091 0.547669
0.3131 0.553362
0.3171 0.561151
0.3211 0.566317
0.3251 0.571368
0.3291 0.575024
0.3331 0.579187
0.3371 0.582137
0.3411 0.586304
0.3451 0.588364
0.3491 0.59113
0.3531 0.595399
0.3571 0.599142
0.3606 0.603681
0.3636 0.60998
0.3666 0.617626
0.3696 0.629674
0.3726 0.640791
0.3756 0.655259
0.3786 0.669904
0.3811 0.683392
0.3831 0.690361
0.3851 0.696913
0.3871 0.702963
0.3891 0.704826
0.3911 0.709598
0.3931 0.71243
0.3951 0.714529
0.3971 0.716471
0.3991 0.717814
0.4011 0.721527
0.4031 0.72354
0.4051 0.723471
0.4071 0.724514
0.4091 0.726235
0.4111 0.72798
0.4128 0.728574
0.4158 0.730856
0.4188 0.732275
0.4218 0.733959
0.4248 0.736705
0.4278 0.739001
0.4308 0.741077
0.4338 0.743917
0.4368 0.746876
0.4398 0.748884
0.4428 0.752426
0.4458 0.754673
0.4488 0.75748
0.4513 0.761021
0.4533 0.761905
0.4553 0.765068
0.4573 0.764784
0.4593 0.766187
0.4613 0.767278
0.4633 0.768003
0.4653 0.768865
0.4673 0.769008
0.4693 0.771937
0.4713 0.771904
0.4733 0.77149
0.4753 0.7759
0.4773 0.773808
0.4793 0.774709
0.4813 0.776792
0.4833 0.777653
0.4853 0.779037
0.4873 0.7785
0.4893 0.779109
0.4913 0.781165
0.4933 0.780813
0.4953 0.781513
0.4973 0.783266
0.4993 0.78381
0.5013 0.784444
0.5033 0.786352
0.5053 0.787755
0.5073 0.787154
0.5093 0.788791
0.5113 0.789193
0.5133 0.789851
0.5153 0.79162
0.5173 0.791868
0.5193 0.793162
0.5213 0.793561
0.5233 0.794095
0.5253 0.79419
0.5273 0.794365
0.5293 0.79476
0.5313 0.795754
0.5333 0.796474
0.5353 0.797107
0.5373 0.797027
0.5393 0.797738
0.5413 0.797728
0.5433 0.798163
0.5453 0.799556
0.5473 0.79885
0.5493 0.7991
0.5513 0.797517
0.5533 0.796402
0.5553 0.798237
0.5573 0.796857
0.5593 0.798769
0.5613 0.798638
0.5633 0.79581
0.5653 0.796314
0.5673 0.797972
0.5693 0.797357
0.5713 0.79622
0.5733 0.797807
0.5753 0.798744
0.5773 0.798542
0.5793 0.798197
0.5813 0.799088
0.5833 0.79966
0.5853 0.798573
0.5873 0.800703
0.5893 0.799772
0.5913 0.799759
0.5933 0.799665
0.5953 0.799213
0.5973 0.798308
0.5993 0.799298
0.6011 0.799187
0.6027 0.799217
0.6043 0.799578
0.6059 0.799475
0.6075 0.800579
0.6091 0.800999
0.6107 0.800653
0.6123 0.800932
0.6139 0.800114
0.6155 0.801465
0.6171 0.801085
0.6187 0.80183
0.6203 0.802108
0.6219 0.803166
0.6235 0.803635
0.6251 0.804648
0.6267 0.80462
0.6283 0.804795
0.6299 0.806711
0.6317 0.805868
0.6337 0.80543
0.6357 0.805407
0.6377 0.807675
0.6397 0.808224
0.6417 0.808841
0.6437 0.80857
0.6457 0.809178
0.6477 0.810204
0.6497 0.810984
0.6517 0.811883
0.6537 0.811874
0.6557 0.813166
0.6577 0.814498
0.6597 0.813411
0.6617 0.814408
0.6637 0.816109
0.6657 0.815755
0.6677 0.816357
0.6702 0.815931
0.6732 0.817633
0.6762 0.818541
0.6792 0.819546
0.6822 0.818901
0.6852 0.820991
0.6882 0.821615
0.6912 0.822183
0.6942 0.824823
0.6972 0.825487
0.7002 0.825309
0.702 0.825291
0.704 0.82641
0.706 0.826439
0.708 0.827728
0.71 0.827277
0.712 0.82875
0.714 0.83013
0.716 0.829511
0.718 0.830315
0.72 0.82953
0.722 0.830736
0.724 0.82954
0.726 0.831391
0.728 0.831989
0.73 0.833473
0.732 0.831568
0.734 0.83213
0.736 0.83368
0.738 0.833635
0.74 0.834721
0.742 0.833014
0.744 0.835166
0.746 0.836102
0.748 0.835841
0.7505 0.835782
0.7535 0.837172
0.7565 0.836126
0.7595 0.838566
0.7625 0.839656
0.7655 0.837614
0.7685 0.839656
0.7715 0.840062
0.7745 0.841026
0.7775 0.841277
0.781 0.842068
0.785 0.842674
0.789 0.843873
0.793 0.842725
0.797 0.8426
0.8015 0.844184
0.8065 0.845396
0.8115 0.843739
0.8165 0.843658
0.822 0.846546
0.828 0.845967
0.835 0.847097
0.843 0.847194
0.851 0.849891
0.859 0.849507
0.871 0.846512
0.883 0.847259
0.894 0.849608
0.904 0.847932
0.914 0.845562
0.924 0.84662
0.933 0.844441
0.941 0.838335
0.949 0.83124
0.957 0.838925
0.964 0.825579
0.97 0.831364
0.976 0.839155
0.982 0.845269
0.988 0.846927
0.994 0.84723
1.0 0.849154
1.006 0.84915
1.012 0.846927
1.018 0.846304
1.0235 0.848419
1.0285 0.84725
1.0335 0.84864
1.0385 0.847049
1.0435 0.848142
1.0485 0.848957
1.0535 0.846567
1.0585 0.84749
1.0635 0.84678
1.0685 0.84554
1.0735 0.845722
1.0785 0.844986
1.0835 0.845826
1.0885 0.846091
1.0935 0.845104
1.0985 0.844719
1.1035 0.845241
1.1085 0.844391
1.1135 0.842518
1.1185 0.84344
1.1235 0.842941
1.1285 0.843943
1.1335 0.843039
1.1385 0.842564
1.1435 0.842251
1.1485 0.841297
1.1535 0.839506
1.1585 0.84059
1.1635 0.838932
1.1685 0.839277
1.1735 0.838337
1.1785 0.83948
1.1835 0.838219
1.1885 0.839274
1.1935 0.837607
1.1985 0.836357
1.2035 0.835382
1.2085 0.833919
1.2135 0.833611
1.2185 0.830638
1.2235 0.830843
1.2285 0.827265
1.2335 0.82534
1.2385 0.819871
1.2435 0.820902
1.2485 0.819665
1.2535 0.821667
1.2585 0.820503
1.2635 0.822235
1.2685 0.822896
1.2735 0.821487
1.2785 0.817571
1.2835 0.814676
1.2885 0.807878
1.2935 0.804205
1.2985 0.796419
1.3035 0.784111
1.3085 0.776931
1.3135 0.782769
1.3185 0.780757
1.3235 0.780668
1.3285 0.778389
1.3335 0.779279
1.3385 0.776478
1.3435 0.771916
1.3485 0.765466
1.3535 0.753766
1.3585 0.736605
1.3635 0.718939
1.3685 0.712611
1.3735 0.680667
1.3785 0.623013
1.3835 0.555158
1.3885 0.598678
1.3935 0.669375
1.3985 0.697048
1.4035 0.691551
1.4085 0.606166
1.4135 0.491675
1.4185 0.543948
1.4235 0.641009
1.4285 0.734513
1.4335 0.769316
1.4385 0.786173
1.4435 0.791581
1.4485 0.798044
1.4535 0.803605
1.4585 0.809878
1.4635 0.811346
1.4685 0.810116
1.4735 0.812727
1.4785 0.81443
1.4835 0.814293
1.4885 0.815071
1.4935 0.816557
1.4985 0.815231
1.5035 0.815804
1.5085 0.816176
1.5135 0.816469
1.5185 0.817358
1.5235 0.81789
1.5285 0.820068
1.534 0.818725
1.54 0.817523
1.546 0.817229
1.552 0.816621
1.558 0.817167
1.564 0.819393
1.5705 0.817276
1.5775 0.816275
1.5845 0.816807
1.5915 0.81802
1.5985 0.816372
1.6055 0.815369
1.6125 0.815973
1.6195 0.815098
1.6265 0.815295
1.6335 0.815641
1.6405 0.813613
1.6475 0.81328
1.6545 0.812905
1.6615 0.812909
1.6685 0.81307
1.676 0.809768
1.684 0.80883
1.692 0.813282
1.7 0.809594
1.708 0.809826
1.716 0.806596
1.724 0.806115
1.732 0.802674
1.74 0.797779
1.748 0.797351
1.756 0.79846
1.764 0.795189
1.772 0.787358
1.78 0.782693
1.788 0.777067
1.796 0.772963
1.805 0.771276
1.815 0.768742
1.825 0.765703
1.835 0.765178
1.845 0.771133
1.855 0.781227
1.865 0.78152
1.875 0.778721
1.885 0.772935
1.895 0.760364
1.905 0.745663
1.915 0.741092
1.925 0.738854
1.935 0.737077
1.945 0.736049
1.955 0.737941
1.965 0.741692
1.975 0.742221
1.985 0.74297
1.995 0.741312
2.005 0.741256
2.015 0.742067
2.025 0.736424
2.035 0.732614
2.045 0.725989
2.055 0.717808
2.065 0.710703
2.075 0.703884
2.085 0.689144
2.095 0.680645
2.105 0.665959
2.115 0.651507
2.125 0.652652
2.135 0.625221
2.145 0.578064
2.155 0.545043
2.165 0.498477
2.175 0.431718
2.185 0.41152
2.195 0.455455
2.205 0.386124
2.215 0.477273
2.225 0.571825
2.235 0.602586
2.245 0.608485
2.255 0.580129
2.265 0.586367
2.275 0.583583
2.285 0.568245
2.295 0.529879
2.305 0.511775
2.315 0.509522
2.325 0.512749
2.335 0.509536
2.345 0.478827
2.355 0.457089
2.365 0.461892
2.375 0.443102
2.386 0.421767
2.4 0.442084
2.418 0.454646
2.44 0.433586
2.466 0.416906
2.496 0.382103
2.528 0.349144
2.56 0.314001
2.592 0.237049
2.624 0.218932
2.656 0.193645
2.688 0.090311
2.72 0.030124
2.752 0.020989
2.784 0.089763
2.816 0.14927
2.848 0.171858
2.88 0.185581
2.912 0.213174
2.944 0.277406
2.976 0.322424
