3.69212786891 0.0447748396214
3.68985082363 0.0454280837021
3.6875763105 0.0444608583106
3.68530432561 0.0456844016762
3.68303486509 0.0432638761523
3.68076792506 0.0441439020848
3.67850350164 0.043924585437
3.67624159096 0.0449899731827
3.67398218917 0.0434598830692
3.67172529243 0.0445984703501
3.66947089688 0.043314812152
3.6672189987 0.043013470885
3.66496959405 0.0447181384608
3.66272267913 0.044690963456
3.66047825012 0.0441001291519
3.65823630321 0.0419975906608
3.65599683461 0.04239669175
3.65375984053 0.041782012059
3.6515253172 0.0441455808229
3.64929326083 0.0445989812077
3.64706366766 0.0437283022653
3.64483653393 0.0439156867049
3.6426118559 0.0425317884419
3.64038962982 0.0427477693592
3.63816985194 0.0434677624715
3.63595251856 0.0423128340378
3.63373762593 0.0433844562143
3.63152517035 0.0423898473938
3.62931514812 0.0423080278286
3.62710755552 0.0432575237494
3.62490238888 0.0427941750048
3.6226996445 0.0436428184929
3.62049931872 0.0437798000004
3.61830140784 0.043383917039
3.61610590823 0.0447274903996
3.61391281621 0.0430394317098
3.61172212815 0.0435252467942
3.60953384039 0.0448422211221
3.60734794931 0.0443146657612
3.60516445128 0.0446009830477
3.60298334268 0.0446597909381
3.60080461989 0.042619056128
3.59862827931 0.0431673764009
3.59645431734 0.0436089787694
3.59428273039 0.0433874062865
3.59211351488 0.0457001161815
3.58994666722 0.0451066762497
3.58778218386 0.0443683788769
3.58562006121 0.0455485463761
3.58346029573 0.0440636971458
3.58130288387 0.0454915087483
3.57914782209 0.0456891334833
3.57699510684 0.0447730804034
3.57484473461 0.0443516990637
3.57269670186 0.0452273291748
3.57055100508 0.0443842928934
3.56840764078 0.0434815511246
3.56626660543 0.0446873238678
3.56412789556 0.0437571739865
3.56199150766 0.0443832123462
3.55985743827 0.0462992942129
3.5577256839 0.0449385419042
3.5555962411 0.0440193462904
3.55346910639 0.0445751816118
3.55134427633 0.0440546147255
3.54922174746 0.0445444640951
3.54710151635 0.0439714308604
3.54498357957 0.0453523830727
3.54286793368 0.0438303752885
3.54075457527 0.0448841821366
3.53864350092 0.0464170071164
3.53653470723 0.0440349886347
3.53442819079 0.0440006244495
3.53232394821 0.0450241271127
3.5302219761 0.04427751107
3.52812227108 0.0454917799704
3.52602482978 0.0461660947864
3.52392964884 0.046339459026
3.52183672487 0.0452071612325
3.51974605455 0.0447149165491
3.51765763451 0.0456549179681
3.51557146141 0.0472785481291
3.51348753192 0.0464676979896
3.5114058427 0.0457066149675
3.50932639045 0.045447617523
3.50724917183 0.0465730738962
3.50517418354 0.0455211105169
3.50310142228 0.0452866535547
3.50103088475 0.0466721055278
3.49896256766 0.0463142807125
3.49689646772 0.044976852503
3.49483258165 0.0450386629753
3.4927709062 0.047321033243
3.49071143808 0.0484780362074
3.48865417403 0.0471848109903
3.48659911082 0.0454130067907
3.48454624518 0.0459314271952
3.48249557389 0.0451715190351
3.48044709369 0.0471308261483
3.47840080138 0.0461858539512
3.47635669371 0.0465834617741
3.47431476749 0.0458237411449
3.47227501949 0.04721467428
3.47023744652 0.0479254290168
3.46820204538 0.0469867337835
3.46616881287 0.046974956787
3.46413774581 0.047114691029
3.46210884103 0.0480352160271
3.46008209534 0.0468979016194
3.45805750558 0.0471519361019
3.4560350686 0.0467615656926
3.45401478123 0.0469417073855
3.45199664032 0.0467253563028
3.44998064274 0.0460791341354
3.44796678535 0.0484985810808
3.44595506501 0.0490577148089
3.4439454786 0.0470450105159
3.441938023 0.046871599227
3.4399326951 0.0468579088157
3.43792949179 0.0477398839939
3.43592840996 0.0468225474659
3.43392944653 0.0471396057654
3.4319325984 0.0483018365563
3.4299378625 0.0480734399555
3.42794523573 0.0478155582483
3.42595471503 0.0465267326138
3.42396629733 0.0452455613625
3.42197997958 0.0461487499872
3.41999575871 0.046005129288
3.41801363168 0.0481573395275
3.41603359544 0.0494084551034
3.41405564696 0.0472288049711
3.41207978321 0.0469963582666
3.41010600116 0.0466988486447
3.40813429778 0.0479867222012
3.40616467007 0.0482949979709
3.40419711501 0.0475807660926
3.4022316296 0.0483365396039
3.40026821085 0.049781859464
3.39830685576 0.0496743753769
3.39634756134 0.0501961976506
3.39439032462 0.05054783699
3.39243514261 0.0509953248801
3.39048201236 0.0493796311848
3.38853093089 0.049063577721
3.38658189524 0.0506493025552
3.38463490247 0.0505066220586
3.38268994963 0.0518692795275
3.38074703377 0.0516069554632
3.37880615196 0.0509163727941
3.37686730126 0.0514265510881
3.37493047876 0.0529507942964
3.37299568152 0.0533696272661
3.37106290665 0.0532536294382
3.36913215122 0.0531942854514
3.36720341233 0.053586715372
3.36527668709 0.0538852220681
3.36335197261 0.053892663373
3.36142926599 0.0541262377016
3.35950856435 0.0530730402868
3.35758986482 0.054850516016
3.35567316452 0.055861807978
3.35375846059 0.0558991616624
3.35184575018 0.0560877573181
3.34993503041 0.057749065827
3.34802629845 0.0559671435464
3.34611955145 0.0562778629561
3.34421478657 0.0565820609147
3.34231200097 0.0573564451109
3.34041119183 0.0590782086441
3.33851235633 0.0571667789443
3.33661549163 0.0552859173386
3.33472059494 0.0571760941329
3.33282766344 0.0585430563177
3.33093669433 0.0593284481548
3.32904768482 0.0577458790614
3.3271606321 0.0573260349806
3.3252755334 0.0585151702347
3.32339238593 0.0573971093701
3.32151118692 0.05901637571
3.31963193358 0.0580922038072
3.31775462317 0.0568937811273
3.3158792529 0.0585972311219
3.31400582004 0.0595198212323
3.31213432182 0.0585672981844
3.3102647555 0.0579865589
3.30839711834 0.058139704501
3.30653140761 0.0597791417549
3.30466762056 0.0594139428222
3.30280575448 0.0586852984373
3.30094580665 0.0587887491094
3.29908777434 0.0596383430285
3.29723165485 0.0592154294056
3.29537744547 0.0587012636974
3.2935251435 0.0586253378169
3.29167474625 0.0598291629667
3.28982625101 0.0584639870738
3.28797965512 0.0559470767538
3.28613495588 0.0565742863438
3.28429215061 0.0582949100926
3.28245123665 0.0586370907112
3.28061221134 0.0586492197666
3.278775072 0.057564201767
3.27693981598 0.0563747628765
3.27510644063 0.0571864358688
3.27327494331 0.0583973234749
3.27144532136 0.0574203451184
3.26961757215 0.0570937138568
3.26779169306 0.0576278082394
3.26596768144 0.0584728237502
3.26414553469 0.0573338892433
3.26232525017 0.0579724248574
3.26050682528 0.0576479984563
3.25869025741 0.0560094765796
3.25687554395 0.0554685677391
3.2550626823 0.0576158476544
3.25325166988 0.0558675309835
3.25144250408 0.0532629724018
3.24963518233 0.0537271607463
3.24782970204 0.0571278787066
3.24602606064 0.0556793893061
3.24422425556 0.0549836272496
3.24242428423 0.0563310108002
3.24062614409 0.0549391051583
3.23882983257 0.0525939627894
3.23703534714 0.0566160171337
3.23524268524 0.0565412344502
3.23345184433 0.055087873705
3.23166282187 0.0531883576517
3.22987561532 0.054759552195
3.22809022216 0.0556040499292
3.22630663986 0.0542585806053
3.2245248659 0.0527786785481
3.22274489776 0.0548711619724
3.22096673294 0.0543005723723
3.21919036892 0.0541622994271
3.21741580321 0.0519200320523
3.21564303331 0.0536968477908
3.21387205672 0.0553006942897
3.21210287096 0.0550766473972
3.21033547354 0.0541338231793
3.20856986198 0.0538208554673
3.2068060338 0.0532907624179
3.20504398654 0.0523945384958
3.20328371773 0.0508991414898
3.20152522491 0.050577618562
3.19976850562 0.0510988039249
3.1980135574 0.0524582626552
3.19626037781 0.0513736354723
3.19450896441 0.049413337516
3.19275931475 0.0492787510001
3.1910114264 0.0513163430007
3.18926529692 0.0522367797767
3.18752092389 0.0504088209215
3.1857783049 0.0520561381409
3.18403743751 0.0522796897619
3.18229831932 0.0514056470005
3.18056094791 0.0506912565451
3.17882532089 0.0514702577583
3.17709143585 0.050972208583
3.17535929039 0.0498848233131
3.17362888212 0.0491499060259
3.17190020866 0.0480533126809
3.17017326762 0.048349323794
3.16844805661 0.0486956945801
3.16672457328 0.0478758513834
3.16500281523 0.0476957117856
3.16328278012 0.0474183553465
3.16156446557 0.0469492988092
3.15984786923 0.0477292923899
3.15813298873 0.0457016611805
3.15641982174 0.0457836801227
3.15470836591 0.0495949684364
3.15299861889 0.0486745938888
3.15129057836 0.0448052489998
3.14958424196 0.0433809891117
3.14787960738 0.0463988249411
3.14617667229 0.0463631174281
3.14447543437 0.0428903783583
3.1427758913 0.0426654372128
3.14107804077 0.0469168330909
3.13938188047 0.048430319387
3.1376874081 0.0447877380879
3.13599462135 0.0435086352598
3.13430351793 0.0459449065917
3.13261409555 0.0471512775801
3.13092635192 0.0454727380021
3.12924028476 0.0441155555843
3.12755589178 0.0457607517765
3.1258731707 0.0448992680009
3.12419211927 0.0430583744037
3.1225127352 0.0431651041207
3.12083501624 0.0434886983494
3.11915896012 0.0437536111817
3.11748456459 0.0417613884707
3.11581182739 0.0425085495851
3.11414074628 0.0429576774102
3.11247131902 0.0438478435714
3.11080354336 0.0409283893756
3.10913741706 0.0415956263091
3.1074729379 0.042438292903
3.10581010364 0.0427854534975
3.10414891207 0.0431776810179
3.10248936096 0.0419098648028
3.10083144808 0.041712462196
3.09917517125 0.0407317671896
3.09752052823 0.0404128313594
3.09586751683 0.0399457982815
3.09421613484 0.0404475630772
3.09256638007 0.0412556702552
3.09091825033 0.0423409298771
3.08927174342 0.0401844391946
3.08762685716 0.0394824329085
3.08598358937 0.0382916727214
3.08434193786 0.0389119666588
3.08270190047 0.0403775059426
3.08106347502 0.0394463756706
3.07942665935 0.0378856627757
3.07779145129 0.0376457441397
3.07615784868 0.038524644296
3.07452584938 0.0385301401007
3.07289545122 0.0356349909057
3.07126665206 0.0367886036902
3.06963944975 0.0394832687362
3.06801384216 0.0385153886974
3.06638982714 0.0377029954291
3.06476740257 0.0388252427962
3.06314656631 0.0422631772902
3.06152731624 0.0395198006317
3.05990965024 0.0372015863265
3.05829356618 0.0376815155597
3.05667906196 0.0374668363254
3.05506613546 0.0360965560319
3.05345478457 0.0364117658639
3.0518450072 0.0362195818536
3.05023680124 0.0349243855693
3.0486301646 0.0363244216965
3.04702509517 0.0370921358283
3.04542159088 0.0378431569687
3.04381964964 0.0383560847424
3.04221926937 0.0397591898761
3.04062044798 0.036160697813
3.0390231834 0.034776030121
3.03742747357 0.0370568338644
3.03583331641 0.0365231929347
3.03424070986 0.0361458462714
3.03264965186 0.0367470708995
3.03106014035 0.0354688001396
3.02947217328 0.0377856073545
3.02788574861 0.0373724307956
3.02630086427 0.0376342745495
3.02471751824 0.0385802764862
3.02313570847 0.0385305554975
3.02155543292 0.0378929080963
3.01997668957 0.0369926269213
3.01839947638 0.036811124348
3.01682379134 0.0388369196078
3.01524963241 0.0385792965888
3.01367699758 0.039055508287
3.01210588484 0.0370317890362
3.01053629217 0.0365513669447
3.00896821757 0.0373329966869
3.00740165902 0.036430073845
3.00583661454 0.0364505435072
3.00427308212 0.0359050575447
3.00271105978 0.0372611774371
3.0011505455 0.0363751890023
2.99959153732 0.0393773264051
2.99803403325 0.0355156030249
2.9964780313 0.0358203142794
2.9949235295 0.0360811964048
2.99337052588 0.0372149335215
2.99181901846 0.0378245707589
2.99026900528 0.0379744002676
2.98872048438 0.0377462249209
2.98717345379 0.0379616888493
2.98562791155 0.0371789638583
2.98408385572 0.0364864165269
2.98254128434 0.0378318458182
2.98100019547 0.0390195091347
2.97946058716 0.0369212693207
2.97792245747 0.0365666037868
2.97638580447 0.0384093590066
2.97485062622 0.0367690501832
2.97331692079 0.0352336184423
2.97178468626 0.0359130170054
2.97025392069 0.0368912287126
2.96872462217 0.0364573066131
2.96719678879 0.0343458787267
2.96567041862 0.0352648560151
2.96414550976 0.038254674346
2.96262206029 0.0368224858419
2.96110006832 0.0343351727303
2.95957953195 0.0373508371141
2.95806044927 0.0366621939558
2.95654281839 0.0354110956014
2.95502663742 0.0365214257582
2.95351190447 0.0378383373013
2.95199861766 0.0364465442732
2.9504867751 0.0380148771905
2.94897637492 0.0389743545295
2.94746741523 0.0362632964281
2.94595989417 0.0336382610176
2.94445380987 0.0353862324559
2.94294916047 0.0388597382102
2.94144594408 0.0367440554444
2.93994415887 0.0365557009369
2.93844380297 0.0366331861736
2.93694487453 0.0376651916262
2.9354473717 0.0381967740418
2.93395129263 0.0368887419209
2.93245663547 0.0328911768566
2.93096339839 0.0335550522583
2.92947157954 0.0349327012084
2.9279811771 0.0356760231729
2.92649218923 0.0348244863339
2.9250046141 0.0355738974898
2.92351844989 0.0362099497977
2.92203369477 0.0347141322494
2.92055034692 0.0359245688718
2.91906840453 0.0365873655064
2.91758786578 0.0355213198738
2.91610872887 0.0343783313313
2.91463099199 0.0356691093058
2.91315465332 0.0357051280581
2.91167971107 0.0350508085287
2.91020616345 0.0330949995401
2.90873400865 0.0340107368496
2.90726324489 0.0347082861519
2.90579387037 0.0365655333347
2.90432588331 0.0368754098474
2.90285928192 0.036453820846
2.90139406443 0.0360734996439
2.89993022906 0.0342143650245
2.89846777403 0.0366443281656
2.89700669757 0.0361429814599
2.89554699791 0.0350767906348
2.89408867329 0.0334283672295
2.89263172194 0.0354272991416
2.89117614211 0.032476374678
2.88972193203 0.0344909799464
2.88826908996 0.0355582874299
2.88681761414 0.0360633579267
2.88536750283 0.0332825411466
2.88391875428 0.0326075123593
2.88247136674 0.0329575769951
2.88102533848 0.0344851158225
2.87958066777 0.0342841608917
2.87813735286 0.0349260478583
2.87669539203 0.0354708933008
2.87525478354 0.0352691749008
2.87381552569 0.0338823016166
2.87237761673 0.0343772090909
2.87094105496 0.0339657859767
2.86950583865 0.0326694230527
2.8680719661 0.0342707435752
2.86663943559 0.0336355861441
2.86520824541 0.0351282555265
2.86377839387 0.0341565668112
2.86234987925 0.0334825192456
2.86092269986 0.0342061104537
2.85949685399 0.033902046083
2.85807233997 0.0328957217845
2.85664915609 0.0332520820408
2.85522730067 0.0336859848826
2.85380677202 0.0316293225615
2.85238756846 0.0321749331384
2.85096968831 0.0336336744872
2.8495531299 0.0338122955346
2.84813789154 0.0301133037166
2.84672397156 0.0323076654194
2.84531136831 0.0355387593382
2.8439000801 0.0358635124984
2.84249010529 0.0317858669857
2.8410814422 0.0296995961262
2.83967408918 0.0315738843269
2.83826804457 0.0316724369402
2.83686330672 0.0319618327278
2.83545987399 0.0324797377778
2.83405774472 0.0319118734259
2.83265691727 0.0311722376988
2.83125739 0.0280563190811
2.82985916126 0.0319092849637
2.82846222944 0.031751186406
2.82706659287 0.0299189970234
2.82567224995 0.0306948334143
2.82427919904 0.0313880365626
2.82288743851 0.0317081081319
2.82149696675 0.02904432389
2.82010778212 0.0294542543157
2.81871988302 0.0303221411805
2.81733326782 0.0309023591326
2.81594793492 0.0286679334933
2.81456388271 0.0284783026826
2.81318110958 0.0290667825259
2.81179961392 0.0273406326239
2.81041939413 0.026252530712
2.80904044861 0.0284534132626
2.80766277578 0.0288724163099
2.80628637402 0.027232700528
2.80491124175 0.0265167585768
2.80353737739 0.0268901252566
2.80216477934 0.0258740317278
2.80079344602 0.0259542468153
2.79942337586 0.0248451122759
2.79805456726 0.0253022341554
2.79668701866 0.0254539172262
2.79532072848 0.0256033211122
2.79395569516 0.0254068133041
2.79259191711 0.0270530289962
2.79122939278 0.0257205669389
2.78986812061 0.0250359043863
2.78850809903 0.0240998532367
2.78714932648 0.0243407024868
2.78579180142 0.0248367323438
2.78443552227 0.0245174992183
2.78308048751 0.0243570493845
2.78172669557 0.022707868041
2.78037414491 0.023026105908
2.77902283398 0.0248918742889
2.77767276126 0.0242891662321
2.77632392519 0.0236550905558
2.77497632425 0.0240882008537
2.77362995689 0.0237102614909
2.7722848216 0.0227757764293
2.77094091683 0.0222194660303
2.76959824107 0.0229148724109
2.76825679279 0.0239384024407
2.76691657048 0.0211133894192
2.7655775726 0.0208946398801
2.76423979765 0.0211132602765
2.76290324411 0.0204684477788
2.76156791047 0.0208809217764
2.76023379523 0.0204540146007
2.75890089687 0.0208781919443
2.75756921389 0.0205654944319
2.7562387448 0.0200481414981
2.75490948808 0.0218479707477
2.75358144225 0.0214166475391
2.75225460581 0.0218016939577
2.75092897727 0.0229586220938
2.74960455514 0.0221381378786
2.74828133793 0.0215053095107
2.74695932415 0.0201164647727
2.74563851234 0.0218795483086
2.74431890099 0.0213338522413
2.74300048865 0.0207122796208
2.74168327383 0.0219301470783
2.74036725505 0.0220096730644
2.73905243086 0.0215420154255
2.73773879977 0.0207079339669
2.73642636033 0.0226089702881
2.73511511108 0.0223664164657
2.73380505054 0.0219042489691
2.73249617726 0.0211798261012
2.73118848979 0.022387956831
2.72988198667 0.0227223106752
2.72857666645 0.0228414122949
2.72727252767 0.0224363287953
2.7259695689 0.0225302438123
2.72466778869 0.0227879020788
2.72336718559 0.0239335989024
2.72206775816 0.0237611544957
2.72076950498 0.0230506598072
2.71947242459 0.0242148908287
2.71817651557 0.0234512643229
2.71688177648 0.0231259018874
2.7155882059 0.0237948960535
2.7142958024 0.0240433823018
2.71300456456 0.0238610038316
2.71171449095 0.0246648703656
2.71042558015 0.0239625791444
2.70913783075 0.0245430502373
2.70785124133 0.025097755693
2.70656581048 0.0261877849441
2.70528153679 0.0263163164696
2.70399841884 0.0271265987271
2.70271645524 0.0277650568495
2.70143564457 0.028382162376
2.70015598544 0.0299575134992
2.69887747644 0.0305614861587
2.69760011618 0.0317345044616
2.69632390327 0.0329251937767
2.6950488363 0.0334309558808
2.69377491389 0.0331969241669
2.69250213465 0.0337585829621
2.6912304972 0.0349423579675
2.68996000014 0.0368023034727
2.6886906421 0.0366720673831
2.6874224217 0.0366757901593
2.68615533756 0.0377785494244
2.6848893883 0.0396187955801
2.68362457255 0.0412549711629
2.68236088893 0.0413745094551
2.68109833609 0.0406361733762
2.67983691265 0.0402263987786
2.67857661725 0.0407888022545
2.67731744852 0.0398754812797
2.6760594051 0.040950873766
2.67480248564 0.0421614501638
2.67354668878 0.0429839763461
2.67229201316 0.0437316901165
2.67103845744 0.0431911152799
2.66978602026 0.0436548879072
2.66853470027 0.0433096142457
2.66728449613 0.0433822319779
2.6660354065 0.0443476876992
2.66478743003 0.044306077469
2.66354056539 0.0451382574933
2.66229481123 0.0465740077935
2.66105016623 0.0466147494353
2.65980662904 0.0456412603782
2.65856419835 0.0453594730896
2.65732287281 0.0458924311494
2.6560826511 0.0472828175132
2.6548435319 0.0469248872319
2.65360551389 0.0459403206682
2.65236859573 0.0468822451378
2.65113277613 0.0485050329276
2.64989805375 0.0487488501195
2.64866442728 0.0490639033612
2.64743189542 0.0481723816628
2.64620045684 0.0488982871614
2.64497011025 0.0490178185236
2.64374085434 0.0482018911947
2.64251268779 0.0482463506579
2.64128560932 0.0490719353238
2.64005961761 0.0493453817254
2.63883471138 0.0508837837297
2.63761088932 0.0508555245206
2.63638815014 0.0499540718105
2.63516649255 0.0503349187806
2.63394591525 0.0506370778388
2.63272641697 0.0510175450407
2.63150799641 0.051753397311
2.63029065229 0.0513738955679
2.62907438332 0.0513833567862
2.62785918823 0.0518044368187
2.62664506574 0.0518201175858
2.62543201458 0.0515400291222
2.62422003345 0.0514401661617
2.62300912111 0.0506061275277
2.62179927627 0.0510863381723
2.62059049767 0.0519923365602
2.61938278403 0.0514416109596
2.61817613411 0.0528434373238
2.61697054662 0.0524844144797
2.61576602032 0.0534211433502
2.61456255394 0.0543192552158
2.61336014623 0.0540315585718
2.61215879593 0.0534835558717
2.61095850179 0.0535444143035
2.60975926256 0.0534480359914
2.60856107699 0.0541645033756
2.60736394383 0.0545699094788
2.60616786184 0.0525777068993
2.60497282977 0.0533087459506
2.60377884639 0.0540440369569
2.60258591045 0.0538145661709
2.60139402072 0.0534362116597
2.60020317595 0.0536405743266
2.59901337492 0.0535390411439
2.5978246164 0.05412585809
2.59663689915 0.0534453168065
2.59545022195 0.0541128707487
2.59426458358 0.0546326765102
2.59307998279 0.0547403301214
2.59189641838 0.054401797706
2.59071388913 0.0552142660997
2.58953239381 0.0551241630049
2.58835193121 0.0547991231602
2.58717250011 0.0551098500649
2.58599409931 0.0545569359082
2.58481672758 0.0540240261926
2.58364038372 0.0552628061888
2.58246506652 0.0557776792469
2.58129077478 0.0549951945801
2.5801175073 0.0550560391699
2.57894526286 0.0547300609833
2.57777404028 0.0545016714568
2.57660383835 0.0560257035585
2.57543465587 0.0560856756645
2.57426649166 0.0553234518143
2.57309934451 0.0569530469921
2.57193321325 0.0565406492958
2.57076809667 0.0560075062814
2.56960399359 0.0560723497237
2.56844090283 0.0553447905767
2.5672788232 0.0551091816634
2.56611775352 0.0557537343285
2.56495769261 0.0561460175033
2.56379863929 0.0569840650398
2.56264059238 0.0567911320137
2.56148355072 0.0566924196049
2.56032751312 0.0565385326749
2.55917247842 0.0566216469005
2.55801844544 0.0565382889434
2.55686541302 0.0573410311477
2.55571338 0.0572461048323
2.5545623452 0.057604090669
2.55341230747 0.0553595739491
2.55226326565 0.0561120123473
2.55111521857 0.0575942746823
2.54996816508 0.0572281138483
2.54882210403 0.0576869634527
2.54767703426 0.056935666551
2.54653295461 0.0567385899896
2.54538986395 0.0576627974887
2.54424776111 0.0581897865624
2.54310664496 0.0574627021934
2.54196651435 0.056773128397
2.54082736813 0.0567057443213
2.53968920517 0.0561785121162
2.53855202433 0.0556074957667
2.53741582446 0.0560267059404
2.53628060443 0.0569785534299
2.5351463631 0.0571542148014
2.53401309935 0.0566125492035
2.53288081204 0.0568578540235
2.53174950004 0.0568040347123
2.53061916223 0.0574836503089
2.52948979747 0.0575342711248
2.52836140465 0.0565974663374
2.52723398264 0.0564838347648
2.52610753033 0.0564486263914
2.52498204658 0.0563798268737
2.52385753029 0.0565144803946
2.52273398033 0.0566174177729
2.5216113956 0.0569912285888
2.52048977498 0.0569288592487
2.51936911735 0.0564101796354
2.51824942162 0.0569886517129
2.51713068667 0.0569775667597
2.5160129114 0.0576167996938
2.51489609471 0.0575122971561
2.51378023548 0.05648889324
2.51266533262 0.0564069069375
2.51155138503 0.0569260583982
2.51043839162 0.0565699375871
2.50932635128 0.0566088866345
2.50821526292 0.0570750092336
2.50710512545 0.0574769547996
2.50599593778 0.0569955972285
2.50488769882 0.0570980068435
2.50378040748 0.0578217252226
2.50267406267 0.0573114904874
2.50156866332 0.0572871290157
2.50046420833 0.057500703002
2.49936069662 0.0572820863213
2.49825812713 0.0570896508404
2.49715649876 0.0580304150383
2.49605581044 0.0593302672887
2.49495606109 0.058609177165
2.49385724965 0.0583356257062
2.49275937505 0.0580442272311
2.4916624362 0.058945318112
2.49056643204 0.0590068188681
2.48947136151 0.0585985686903
2.48837722354 0.0595561100344
2.48728401707 0.0592219151099
2.48619174103 0.0597367310422
2.48510039436 0.059765646071
2.48400997601 0.059855556175
2.48292048491 0.0602717833659
2.48183192002 0.060134627177
2.48074428027 0.0600647041152
2.47965756462 0.0603314487913
2.478571772 0.0598208579323
2.47748690139 0.0596926794678
2.47640295171 0.0605848976279
2.47531992194 0.0603575545211
2.47423781101 0.0607516353192
2.4731566179 0.0610338019311
2.47207634155 0.0608940843196
2.47099698094 0.0611027557993
2.46991853501 0.0615774812736
2.46884100273 0.0612848953413
2.46776438306 0.061639925649
2.46668867498 0.0617362021248
2.46561387745 0.0613992839626
2.46453998943 0.0609465855663
2.4634670099 0.0616498942973
2.46239493783 0.0626070711997
2.4613237722 0.062695493825
2.46025351197 0.0623592375506
2.45918415612 0.0632570749275
2.45811570364 0.0629265810796
2.4570481535 0.0629076334281
2.45598150468 0.0628234561661
2.45491575616 0.0623682015344
2.45385090693 0.062502712556
2.45278695598 0.06257061103
2.45172390229 0.0625475519846
2.45066174484 0.0635805899318
2.44960048264 0.0637365593133
2.44854011467 0.0637300118721
2.44748063991 0.0635357859334
2.44642205738 0.0635900015972
2.44536436606 0.06332244208
2.44430756495 0.0632508909071
2.44325165305 0.0636014769791
2.44219662935 0.064198181695
2.44114249287 0.0640218702035
2.44008924261 0.0641783458883
2.43903687756 0.0647325803656
2.43798539673 0.0652075049415
2.43693479914 0.0648893210641
2.43588508379 0.0642968492079
2.43483624969 0.0650522003372
2.43378829585 0.0652969356172
2.43274122129 0.0651629653706
2.43169502502 0.0651088891803
2.43064970606 0.064918011839
2.42960526343 0.0652883892428
2.42856169613 0.0656781989601
2.42751900321 0.065745462227
2.42647718366 0.0653023731937
2.42543623653 0.0663464901193
2.42439616083 0.0655894192628
2.4233569556 0.0653356107966
2.42231861985 0.0656093643942
2.42128115262 0.0661078111385
2.42024455293 0.0659846166508
2.41920881983 0.0661401402645
2.41817395233 0.0661135587051
2.41713994949 0.0663887237733
2.41610681033 0.0660430695178
2.41507453388 0.0659289719552
2.4140431192 0.0659032874032
2.41301256532 0.066311459351
2.41198287128 0.0666432398438
2.41095403612 0.0670630088222
2.40992605889 0.0666786275104
2.40889893864 0.0662990895871
2.40787267441 0.0663144696876
2.40684726525 0.0668728916598
2.40582271021 0.0667609281137
2.40479900834 0.0667642415913
2.40377615869 0.066827310121
2.40275416032 0.0672978328201
2.40173301229 0.0673265006304
2.40071271365 0.0673515311039
2.39969326345 0.0673741585703
2.39867466077 0.0672072143716
2.39765690465 0.0681679021085
2.39663999416 0.068078331812
2.39562392837 0.0681994465824
2.39460870634 0.0685491640983
2.39359432713 0.0686757686135
2.39258078982 0.0688767803854
2.39156809347 0.0688678385089
2.39055623716 0.068896268862
2.38954521995 0.0691744063612
2.38853504091 0.0690658850096
2.38752569913 0.0691627170463
2.38651719368 0.0694793160238
2.38550952363 0.0697196413384
2.38450268806 0.0698262732366
2.38349668606 0.0709891374501
2.3824915167 0.0713171312727
2.38148717907 0.0710357824941
2.38048367224 0.0709709370563
2.37948099531 0.0710972767738
2.37847914737 0.0720908649901
2.37747812749 0.0720340994793
2.37647793476 0.0718232580344
2.37547856829 0.0717191926988
2.37448002715 0.072600762007
2.37348231045 0.0726853267362
2.37248541727 0.0726415698739
2.37148934671 0.0735043996675
2.37049409787 0.0731497669757
2.36949966985 0.073404914186
2.36850606174 0.073983317662
2.36751327265 0.0738245726254
2.36652130168 0.074113512205
2.36553014792 0.0744042231153
2.3645398105 0.0744932561818
2.3635502885 0.0751404226427
2.36256158104 0.0751406033165
2.36157368723 0.0754673472747
2.36058660617 0.0757159568888
2.35960033698 0.0759184602025
2.35861487877 0.075712275034
2.35763023065 0.0755384558367
2.35664639173 0.0758838240762
2.35566336114 0.0771701189673
2.35468113799 0.0770370402005
2.3536997214 0.0769682892419
2.35271911048 0.0775360422457
2.35173930437 0.0775186641323
2.35076030217 0.0776120143786
2.34978210302 0.07805747143
2.34880470603 0.0784606144631
2.34782811035 0.0788239638996
2.34685231508 0.0788621920614
2.34587731936 0.0785733299252
2.34490312232 0.0790362991375
2.3439297231 0.0792444585468
2.34295712081 0.0797005429723
2.34198531461 0.0795396444435
2.34101430361 0.0801677820626
2.34004408696 0.0808217813296
2.33907466379 0.080497280322
2.33810603325 0.0807151013835
2.33713819446 0.0809959320344
2.33617114658 0.0810821589811
2.33520488874 0.0810876283254
2.33423942009 0.0813441465719
2.33327473977 0.0813013975042
2.33231084692 0.081156987082
2.3313477407 0.0818215945599
2.33038542025 0.0818339949952
2.32942388472 0.0814995533462
2.32846313327 0.0818413802633
2.32750316503 0.0821038904046
2.32654397917 0.0821420456255
2.32558557484 0.0826720661469
2.32462795119 0.0830987842248
2.32367110738 0.0824266151176
2.32271504257 0.0822366912803
2.32175975592 0.0828077415168
2.32080524659 0.0831038005562
2.31985151373 0.0828416390759
2.31889855651 0.0825298176776
2.3179463741 0.0832041591769
2.31699496566 0.082811197576
2.31604433034 0.0818252540267
2.31509446733 0.0817255975568
2.31414537579 0.0817945902499
2.31319705489 0.0814651774997
2.3122495038 0.0817175923441
2.31130272169 0.0814938474724
2.31035670773 0.0812368185779
2.30941146109 0.0811120337196
2.30846698097 0.0808282127271
2.30752326652 0.0809981885553
2.30658031692 0.0807936175864
2.30563813136 0.0797890143884
2.30469670902 0.079892553144
2.30375604907 0.0796994698484
2.3028161507 0.0787823890492
2.30187701309 0.0782616892183
2.30093863543 0.0786427676266
2.30000101689 0.078356110613
2.29906415668 0.0771881849591
2.29812805397 0.0766182739792
2.29719270795 0.0768375127769
2.29625811782 0.0763653714627
2.29532428276 0.0757286891604
2.29439120197 0.0758760894794
2.29345887465 0.0758132989107
2.29252729997 0.0757853906017
2.29159647715 0.0748748387525
2.29066640538 0.0743047540257
2.28973708386 0.0744989466011
2.28880851178 0.0755179614159
2.28788068834 0.0751718662162
2.28695361275 0.0745397221892
2.28602728421 0.0750018726762
2.28510170193 0.0751633903223
2.2841768651 0.0750938947296
2.28325277293 0.0746675606495
2.28232942464 0.0752537950248
2.28140681942 0.0763916175124
2.28048495649 0.0771200681872
2.27956383505 0.0768602569057
2.27864345433 0.0776150478616
2.27772381352 0.0783595095374
2.27680491185 0.0794018750153
2.27588674853 0.0794277028406
2.27496932277 0.0797564426826
2.2740526338 0.0805346500697
2.27313668082 0.0814031398076
2.27222146306 0.0823812050199
2.27130697974 0.0825267741863
2.27039323007 0.083176416379
2.26948021329 0.0848405379286
2.26856792861 0.0854999328241
2.26765637526 0.0858225190406
2.26674555246 0.08673595837
2.26583545945 0.0879069972614
2.26492609544 0.0892410955016
2.26401745967 0.0898621495439
2.26310955136 0.0901630215234
2.26220236975 0.090756271617
2.26129591407 0.0916838339267
2.26039018355 0.0923696151651
2.25948517742 0.0920276757489
2.25858089493 0.092354543659
2.2576773353 0.0931905573239
2.25677449778 0.0938620082717
2.25587238159 0.094087268948
2.25497098599 0.0933568449751
2.25407031021 0.0943577361381
2.25317035348 0.0957372166373
2.25227111507 0.0950990022418
2.2513725942 0.0945693366488
2.25047479012 0.0946802638591
2.24957770208 0.0954003286635
2.24868132933 0.0955907416506
2.2477856711 0.095154482538
2.24689072666 0.0946658030504
2.24599649525 0.0950930999471
2.24510297611 0.0952084519042
2.24421016851 0.0948108808714
2.24331807169 0.0944667462801
2.24242668491 0.0952214867875
2.24153600743 0.0955311457785
2.24064603849 0.0951090458493
2.23975677736 0.0953398084612
2.23886822329 0.0952735551027
2.23798037555 0.0955864574256
2.23709323338 0.0960062069879
2.23620679606 0.0963361579417
2.23532106285 0.0961888933418
2.234436033 0.0964805720775
2.23355170578 0.0971648313576
2.23266808046 0.0971319616458
2.23178515631 0.0973019331727
2.23090293258 0.0978893544775
2.23002140855 0.0989378276505
2.22914058348 0.0987179454687
2.22826045665 0.0982849329059
2.22738102733 0.0993403672548
2.22650229479 0.0998459772871
2.2256242583 0.100179934141
2.22474691713 0.0998028675084
2.22387027057 0.0998003359331
2.22299431788 0.100699796191
2.22211905834 0.100576019021
2.22124449124 0.100574455119
2.22037061584 0.10095254743
2.21949743144 0.101588402387
2.2186249373 0.101505972984
2.21775313272 0.101465228509
2.21688201697 0.101455045953
2.21601158935 0.10122454823
2.21514184912 0.101282699271
2.21427279559 0.101274025328
2.21340442803 0.101444028288
2.21253674573 0.100945011083
2.21166974799 0.10139371798
2.21080343408 0.102228130262
2.20993780331 0.102177441395
2.20907285497 0.101473861251
2.20820858834 0.102289932144
2.20734500272 0.102171060322
2.2064820974 0.102316364111
2.20561987168 0.101728527507
2.20475832486 0.102106790941
2.20389745623 0.102452977007
2.20303726509 0.102912593682
2.20217775074 0.103394478186
2.20131891248 0.103204262741
2.20046074962 0.10377528046
2.19960326144 0.104408798655
2.19874644727 0.104415070429
2.19789030639 0.104742554649
2.19703483812 0.105098266456
2.19618004176 0.105700492669
2.19532591661 0.105260167327
2.19447246199 0.105013060886
2.19361967721 0.105264037391
2.19276756157 0.105762628658
2.19191611438 0.106101334212
2.19106533495 0.105256533048
2.19021522261 0.105003593112
2.18936577665 0.105343556652
2.1885169964 0.105746228072
2.18766888117 0.105522165814
2.18682143027 0.105328372344
2.18597464303 0.106356520277
2.18512851875 0.106362460981
2.18428305677 0.10628522722
2.18343825639 0.106755896571
2.18259411695 0.106919979785
2.18175063775 0.106587314684
2.18090781813 0.106782083569
2.18006565741 0.106814338202
2.1792241549 0.106576338862
2.17838330995 0.106568828172
2.17754312186 0.107182215269
2.17670358998 0.10677088578
2.17586471362 0.106526292253
2.17502649212 0.107222105716
2.1741889248 0.108162452909
2.173352011 0.107573786285
2.17251575005 0.107054270369
2.17168014127 0.10723125734
2.17084518401 0.107476672248
2.1700108776 0.106913693367
2.16917722137 0.106642412348
2.16834421466 0.106927859219
2.1675118568 0.106661158662
2.16668014714 0.10725863497
2.16584908501 0.106893190275
2.16501866975 0.106697668869
2.1641889007 0.106555999374
2.16335977721 0.106971369729
2.1625312986 0.107136456719
2.16170346424 0.106363516955
2.16087627346 0.106393066371
2.16004972561 0.106062229942
2.15922382002 0.107125277727
2.15839855606 0.107457886992
2.15757393306 0.106426762878
2.15674995038 0.106902293177
2.15592660736 0.106783970875
2.15510390335 0.106137315755
2.15428183771 0.105857022018
2.15346040979 0.106516029437
2.15263961893 0.106457384657
2.15181946449 0.106250046827
2.15099994584 0.10687968441
2.15018106231 0.105805808728
2.14936281327 0.106048395436
2.14854519808 0.10664184896
2.14772821609 0.107041280211
2.14691186666 0.105690152461
2.14609614915 0.106454768237
2.14528106292 0.105950606916
2.14446660733 0.106383319066
2.14365278175 0.106108211097
2.14283958553 0.106198032721
2.14202701805 0.106126540645
2.14121507866 0.105739142234
2.14040376673 0.104400340707
2.13959308162 0.105403752037
2.13878302271 0.104939482604
2.13797358937 0.104422318864
2.13716478095 0.105782255045
2.13635659683 0.105578285169
2.13554903639 0.104681529327
2.13474209898 0.104177222836
2.13393578399 0.102952607718
2.13313009078 0.103407389593
2.13232501874 0.104606733051
2.13152056723 0.10247042344
2.13071673563 0.102477842672
2.12991352332 0.102445141603
2.12911092967 0.101069809285
2.12830895407 0.102483647342
2.12750759588 0.101704014434
2.12670685449 0.101641563659
2.12590672929 0.102363853957
2.12510721964 0.103144781836
2.12430832494 0.103034442258
2.12351004456 0.099891763434
2.1227123779 0.100356742086
2.12191532432 0.101709404921
2.12111888323 0.103326705479
2.120323054 0.103270873125
2.11952783603 0.101736802655
2.11873322869 0.102160729013
2.11793923138 0.101228758148
2.11714584349 0.103875417797
2.11635306441 0.103677407231
2.11556089353 0.105832912493
2.11476933023 0.103257271739
2.11397837392 0.100892882393
2.11318802398 0.101272273128
2.11239827982 0.103231341944
2.11160914082 0.10345727822
2.11082060638 0.104052831172
2.11003267589 0.102225189358
2.10924534876 0.104800524187
2.10845862438 0.105340114031
2.10767250216 0.104794592185
2.10688698148 0.104545427595
2.10610206175 0.105320299253
2.10531774238 0.105088817349
2.10453402276 0.105088342937
2.1037509023 0.104844009488
2.10296838039 0.104578479915
2.10218645646 0.104594066869
2.10140512989 0.104760472475
2.1006244001 0.104650391136
2.09984426648 0.10388960175
2.09906472846 0.10515803625
2.09828578544 0.10502723213
2.09750743682 0.105542753858
2.09672968202 0.103979225722
2.09595252045 0.102568882875
2.09517595151 0.10183467417
2.09439997463 0.102671711814
2.09362458921 0.103425734373
2.09284979466 0.103854202485
2.09207559041 0.102453030245
2.09130197586 0.103202792047
2.09052895043 0.104352245333
2.08975651355 0.104242949737
2.08898466462 0.102956245741
2.08821340306 0.102515996906
2.08744272829 0.102589316842
2.08667263974 0.103712461305
2.08590313682 0.103402632461
2.08513421896 0.102657958872
2.08436588557 0.101676762194
2.08359813608 0.101929576613
2.08283096992 0.101554041569
2.0820643865 0.101965543775
2.08129838525 0.102432403534
2.0805329656 0.103173486225
2.07976812697 0.101489912428
2.07900386879 0.101521778842
2.07824019049 0.102309961765
2.0774770915 0.102196111885
2.07671457124 0.10096001902
2.07595262916 0.100647192394
2.07519126466 0.100208791386
2.0744304772 0.100149187736
2.0736702662 0.100811211135
2.0729106311 0.100793827794
2.07215157132 0.09965748514
2.0713930863 0.0998662911594
2.07063517549 0.101314157356
2.06987783831 0.100921402297
2.06912107419 0.100046771689
2.06836488259 0.100120927758
2.06760926294 0.100377836366
2.06685421466 0.100364119408
2.06609973722 0.10067568623
2.06534583004 0.101433361157
2.06459249256 0.101194559861
2.06383972424 0.100020938552
2.0630875245 0.0994163447
2.0623358928 0.100274214
2.06158482858 0.100994845688
2.06083433128 0.0998446545173
2.06008440035 0.0984617841304
2.05933503523 0.0996906003612
2.05858623537 0.0993820224195
2.05783800023 0.0992685200528
2.05709032924 0.0981550294296
2.05634322185 0.0986912760794
2.05559667752 0.0989623310754
2.0548506957 0.0982521454296
2.05410527583 0.0980420388162
2.05336041737 0.0982149795898
2.05261611977 0.0975157523587
2.05187238249 0.0977770129853
2.05112920498 0.0978463878201
2.05038658668 0.0980841776296
2.04964452707 0.0970807674833
2.04890302559 0.0968277525761
2.0481620817 0.0968623822401
2.04742169486 0.0967460578976
2.04668186453 0.0965003611859
2.04594259016 0.0968822815015
2.04520387121 0.0970170938033
2.04446570715 0.0961440877261
2.04372809744 0.0974746659475
2.04299104153 0.0977100403907
2.0422545389 0.096905435055
2.04151858899 0.0958685832888
2.04078319128 0.0958618656562
2.04004834523 0.0959114064924
2.03931405031 0.0963383498176
2.03858030597 0.0955546625907
2.0378471117 0.0954751632922
2.03711446695 0.0950773307145
2.03638237119 0.0954903921658
2.03565082389 0.0959600384114
2.03491982452 0.0949412363559
2.03418937255 0.0945550819736
2.03345946745 0.0945089820389
2.03273010869 0.0951011024358
2.03200129574 0.0942108002879
2.03127302808 0.093849230487
2.03054530518 0.0944420469132
2.0298181265 0.094755834497
2.02909149154 0.093849834287
2.02836539975 0.093323733984
2.02763985063 0.0934128690194
2.02691484363 0.0937204360044
2.02619037825 0.0937096403931
2.02546645396 0.0936400917577
2.02474307023 0.0930825892493
2.02402022655 0.0927851747205
2.0232979224 0.0929193101543
2.02257615725 0.0927492293585
2.02185493059 0.0917561242494
2.0211342419 0.0924509038055
2.02041409066 0.0926214118564
2.01969447636 0.093209085961
2.01897539848 0.0934171181492
2.0182568565 0.0927496426937
2.01753884991 0.0918639139829
2.01682137819 0.0919645454246
2.01610444083 0.0920635684106
2.01538803732 0.0913325477107
2.01467216714 0.0908921068731
2.01395682979 0.0906407046799
2.01324202475 0.0914618126615
2.01252775151 0.0908086172073
2.01181400957 0.0907821692352
2.0111007984 0.0907472797024
2.01038811752 0.0911070059178
2.00967596639 0.0906616791666
2.00896434453 0.0902430147584
2.00825325142 0.0902148771261
2.00754268656 0.0897963311992
2.00683264944 0.0904618889885
2.00612313956 0.0898517850332
2.00541415641 0.0897460285695
2.00470569949 0.0909685611764
2.0039977683 0.0897879117514
2.00329036233 0.0897493750403
2.00258348109 0.0885743259098
2.00187712407 0.0887218965779
2.00117129078 0.0893427769437
2.0004659807 0.0892600944738
1.99976119336 0.0884316059358
1.99905692823 0.0884107334176
1.99835318484 0.0874494537077
1.99764996268 0.0879073176167
1.99694726125 0.0880101553588
1.99624508006 0.0880243112506
1.99554341862 0.089095303502
1.99484227642 0.0890314062247
1.99414165298 0.088399342109
1.99344154781 0.0880242132503
1.9927419604 0.0877162924559
1.99204289027 0.0879653026814
1.99134433693 0.0880631294585
1.99064629988 0.0878855249305
1.98994877864 0.0872801246172
1.98925177271 0.0876585174529
1.98855528161 0.0876727767044
1.98785930485 0.0865892679905
1.98716384194 0.086310513554
1.98646889239 0.0867108523162
1.98577445572 0.087067450588
1.98508053144 0.0866226470066
1.98438711907 0.0867424604972
1.98369421812 0.0865907423879
1.9830018281 0.0872406427572
1.98230994854 0.0868572329168
1.98161857895 0.0866492891331
1.98092771885 0.0864338389992
1.98023736775 0.0863612064909
1.97954752518 0.085885708541
1.97885819066 0.0865773260905
1.9781693637 0.0860077092229
1.97748104382 0.0856898805526
1.97679323056 0.0852907325466
1.97610592342 0.084941776599
1.97541912194 0.083978343157
1.97473282563 0.0846531292331
1.97404703401 0.085268672519
1.97336174663 0.0853571489733
1.97267696299 0.0832619726608
1.97199268262 0.0838025870581
1.97130890505 0.0846136712516
1.97062562981 0.0842633094824
1.96994285642 0.0835109326991
1.96926058442 0.0839363006649
1.96857881332 0.0840339859138
1.96789754266 0.0842035731513
1.96721677198 0.0837204104308
1.96653650079 0.0837372079109
1.96585672863 0.0838189343394
1.96517745503 0.0847783073226
1.96449867952 0.0833254090707
1.96382040164 0.0828826489453
1.96314262092 0.0836419105752
1.96246533689 0.0851082766856
1.96178854908 0.0842356319964
1.96111225704 0.0831956387102
1.96043646029 0.0834374456289
1.95976115838 0.0839655218647
1.95908635084 0.0837485580494
1.9584120372 0.0828587863062
1.95773821701 0.0827243973303
1.9570648898 0.0835577622952
1.95639205511 0.0836952052551
1.95571971248 0.0830839851666
1.95504786146 0.082686115697
1.95437650158 0.0827539562138
1.95370563237 0.0828803136758
1.9530352534 0.0834360907373
1.95236536419 0.0828157776548
1.95169596429 0.0824071678218
1.95102705324 0.0828367219198
1.95035863059 0.0828180646828
1.94969069588 0.0817613179327
1.94902324866 0.0816177926005
1.94835628847 0.0823040841507
1.94768981486 0.082789116904
1.94702382738 0.0819489663743
1.94635832557 0.0819567053869
1.94569330898 0.0828477678821
1.94502877716 0.0827527968539
1.94436472966 0.0816705080231
1.94370116602 0.0812874319007
1.94303808581 0.0823313545466
1.94237548856 0.0823981063793
1.94171337384 0.0825225686172
1.94105174118 0.0820093792575
1.94039059015 0.0818381904919
1.9397299203 0.0825547056015
1.93906973118 0.0823174189517
1.93841002234 0.0808954719464
1.93775079334 0.0816325587627
1.93709204374 0.0827257092939
1.93643377309 0.0819536564126
1.93577598094 0.0813038550406
1.93511866686 0.081013526945
1.9344618304 0.0819129370024
1.93380547111 0.0814032440023
1.93314958856 0.081096299048
1.93249418231 0.080323414243
1.93183925192 0.0806640508367
1.93118479693 0.0807009113634
1.93053081693 0.0812260667052
1.92987731146 0.0804184616163
1.92922428009 0.080229002095
1.92857172238 0.0804072923389
1.92791963789 0.0808534767418
1.92726802619 0.0803442968601
1.92661688684 0.0803313813273
1.92596621941 0.0803981562157
1.92531602345 0.0809627661669
1.92466629854 0.0808000966262
1.92401704424 0.0798063104959
1.92336826012 0.07911578832
1.92271994574 0.0802834534616
1.92207210068 0.0802350327749
1.92142472449 0.0793084040029
1.92077781675 0.0789989740022
1.92013137703 0.0797855506503
1.9194854049 0.0796841035087
1.91883989992 0.0782696005823
1.91819486167 0.0789749894208
1.91755028972 0.0801582479158
1.91690618364 0.0792148071578
1.91626254301 0.0784148118188
1.91561936739 0.078906560769
1.91497665635 0.0789036638775
1.91433440949 0.0784658373747
1.91369262635 0.0783716439184
1.91305130654 0.0773776782507
1.9124104496 0.077239426483
1.91177005514 0.0781398290978
1.91113012271 0.0782133052824
1.91049065189 0.0774099592312
1.90985164228 0.0779014768628
1.90921309343 0.0786701037588
1.90857500493 0.0794589215139
1.90793737637 0.0801658396052
1.90730020731 0.0786984624296
1.90666349734 0.0785890632226
1.90602724604 0.0802353673361
1.90539145299 0.0800000381093
1.90475611777 0.0791751550282
1.90412123997 0.079684024614
1.90348681916 0.0806498143582
1.90285285493 0.0811551300568
1.90221934687 0.0803152915175
1.90158629455 0.0809838909443
1.90095369756 0.0824087731041
1.90032155549 0.0816586131786
1.89968986792 0.081602350771
1.89905863444 0.0827550130059
1.89842785464 0.0848135850299
1.89779752809 0.0845919566832
1.8971676544 0.0842440765952
1.89653823315 0.0853095493323
1.89590926392 0.0865428877953
1.8952807463 0.0878801210446
1.89465267989 0.087547134787
1.89402506428 0.0873816414861
1.89339789905 0.0888340159617
1.89277118379 0.091058980578
1.89214491811 0.091326381134
1.89151910158 0.0926589629913
1.89089373381 0.0927013633054
1.89026881438 0.0938595372472
1.88964434289 0.0953015314266
1.88902031894 0.0962681965475
1.88839674211 0.0973202213075
1.887773612 0.0990881443519
1.88715092821 0.099033001307
1.88652869034 0.0997473809327
1.88590689798 0.101128057721
1.88528555072 0.102407683269
1.88466464817 0.103824142947
1.88404418992 0.104280241942
1.88342417558 0.104410978642
1.88280460473 0.105677107476
1.88218547698 0.108074543202
1.88156679193 0.109005600324
1.88094854918 0.108986865068
1.88033074833 0.110071546078
1.87971338899 0.112447343346
1.87909647074 0.113891750253
1.8784799932 0.114157994521
1.87786395597 0.115972374868
1.87724835865 0.116363802513
1.87663320085 0.117268110373
1.87601848217 0.118380077813
1.87540420221 0.120466455202
1.87479036057 0.120927603634
1.87417695688 0.122677517419
1.87356399072 0.12224641363
1.87295146171 0.122582976364
1.87233936946 0.124262110089
1.87172771356 0.126854998239
1.87111649364 0.128421543508
1.8705057093 0.127784849115
1.86989536014 0.128321679528
1.86928544577 0.130129276292
1.86867596582 0.132472851645
1.86806691988 0.132201867253
1.86745830756 0.131914193121
1.86685012849 0.133554558368
1.86624238226 0.135992880792
1.8656350685 0.137596436746
1.86502818681 0.136862513966
1.86442173681 0.138051306329
1.86381571811 0.139382952109
1.86321013033 0.141229947391
1.86260497308 0.141272893692
1.86200024597 0.142549565589
1.86139594862 0.143248955481
1.86079208064 0.144379964739
1.86018864166 0.14396455637
1.85958563129 0.144478475764
1.85898304914 0.146294651436
1.85838089484 0.147276793654
1.857779168 0.148173819694
1.85717786824 0.147640665967
1.85657699518 0.149670825647
1.85597654843 0.151808044437
1.85537652763 0.152930087023
1.85477693239 0.15176810471
1.85417776232 0.151254049424
1.85357901706 0.15328324691
1.85298069622 0.1539681795
1.85238279943 0.153436691343
1.8517853263 0.155175944789
1.85118827647 0.156182048208
1.85059164955 0.156786793067
1.84999544517 0.157371148898
1.84939966295 0.156449761463
1.84880430252 0.156223904759
1.8482093635 0.156585432985
1.84761484552 0.157560332846
1.84702074821 0.158979987876
1.84642707119 0.159041564707
1.84583381409 0.159864074987
1.84524097653 0.162323731073
1.84464855815 0.158240564843
1.84405655857 0.159962412867
1.84346497743 0.161114354613
1.84287381434 0.162684627766
1.84228306895 0.160473555531
1.84169274088 0.160022170232
1.84110282976 0.16113644138
1.84051333522 0.162383835599
1.8399242569 0.161291343252
1.83933559442 0.161858261606
1.83874734742 0.161799926676
1.83815951553 0.163010265967
1.83757209839 0.164329469233
1.83698509563 0.161704166877
1.83639850687 0.163073240303
1.83581233177 0.165118681499
1.83522656995 0.16571296741
1.83464122104 0.165386658658
1.83405628469 0.164871267575
1.83347176053 0.164580928203
1.83288764819 0.164360390436
1.83230394732 0.165877268048
1.83172065754 0.165763248158
1.83113777851 0.164773482197
1.83055530985 0.16671405438
1.82997325121 0.167491977493
1.82939160223 0.165788009248
1.82881036254 0.165317995212
1.82822953179 0.166099627617
1.82764910961 0.167413807278
1.82706909564 0.169861755865
1.82648948954 0.16787598132
1.82591029093 0.167904148756
1.82533149947 0.17066227577
1.82475311479 0.170312626017
1.82417513654 0.168308536846
1.82359756436 0.168098353811
1.8230203979 0.168060602189
1.8224436368 0.16921050471
1.8218672807 0.16928359944
1.82129132924 0.167352121426
1.82071578209 0.168028432353
1.82014063887 0.170491704305
1.81956589925 0.170124602849
1.81899156285 0.168903183165
1.81841762934 0.168606014396
1.81784409836 0.169432074112
1.81727096955 0.171152674972
1.81669824257 0.171541156664
1.81612591706 0.166264188398
1.81555399268 0.167895866029
1.81498246907 0.17062861184
1.81441134589 0.171041543542
1.81384062277 0.172191485099
1.81327029939 0.170781662299
1.81270037538 0.17068395555
1.8121308504 0.171017289367
1.8115617241 0.169096034586
1.81099299613 0.168787566001
1.81042466614 0.168295544293
1.8098567338 0.16976241706
1.80928919875 0.171913455386
1.80872206065 0.171796856127
1.80815531915 0.169197271639
1.8075889739 0.170273916752
1.80702302457 0.174726910719
1.80645747081 0.173201035624
1.80589231227 0.171099629312
1.80532754861 0.172356451446
1.80476317949 0.172771908603
1.80419920456 0.174223016707
1.80363562349 0.173539404566
1.80307243593 0.171529123968
1.80250964154 0.170692441893
1.80194723998 0.172292912163
1.8013852309 0.173013951176
1.80082361398 0.172981548847
1.80026238886 0.173783196342
1.79970155521 0.171939781731
1.7991411127 0.170974451548
1.79858106097 0.173861923403
1.7980213997 0.17326119285
1.79746212854 0.171915869136
1.79690324716 0.173681672838
1.79634475522 0.175203378694
1.79578665238 0.173691090783
1.79522893832 0.173859573961
1.79467161268 0.172706734495
1.79411467514 0.173431211681
1.79355812536 0.17399907884
1.79300196301 0.174325257671
1.79244618776 0.174551282848
1.79189079926 0.174678996077
1.79133579718 0.173900301334
1.7907811812 0.174524121562
1.79022695098 0.177692248296
1.78967310618 0.178624242934
1.78911964648 0.176663157309
1.78856657154 0.178886640823
1.78801388104 0.177190243598
1.78746157463 0.177390050435
1.786909652 0.177084434523
1.7863581128 0.175844726438
1.78580695672 0.176785521346
1.78525618342 0.177949699328
1.78470579257 0.17733462511
1.78415578384 0.178712502328
1.78360615692 0.178750211189
1.78305691146 0.176521533927
1.78250804714 0.177702626731
1.78195956363 0.180239922211
1.78141146061 0.179422252019
1.78086373776 0.176842345784
1.78031639473 0.178108073343
1.77976943122 0.179592952724
1.77922284689 0.181380370131
1.77867664142 0.18246904746
1.77813081449 0.181335665183
1.77758536576 0.181673969841
1.77704029493 0.18137178133
1.77649560166 0.1830266673
1.77595128563 0.180850167035
1.77540734652 0.181332337646
1.774863784 0.180329185994
1.77432059776 0.181405733537
1.77377778748 0.181466866574
1.77323535283 0.184152349392
1.77269329348 0.18566971418
1.77215160913 0.181555344853
1.77161029946 0.181631981053
1.77106936413 0.183770674213
1.77052880284 0.185002698679
1.76998861526 0.183235189852
1.76944880107 0.182862466048
1.76890935997 0.184008329312
1.76837029162 0.183750883559
1.76783159572 0.186676607963
1.76729327194 0.186427786946
1.76675531997 0.186380952059
1.76621773949 0.184341371653
1.76568053019 0.185524706215
1.76514369175 0.183867855371
1.76460722385 0.18774938148
1.76407112619 0.184579358082
1.76353539844 0.186108990413
1.7630000403 0.18766313606
1.76246505144 0.188726184244
1.76193043156 0.188834738471
1.76139618034 0.188998580678
1.76086229748 0.187575101811
1.76032878265 0.186975624978
1.75979563554 0.187454077486
1.75926285585 0.188936142378
1.75873044326 0.186767286884
1.75819839746 0.18815017187
1.75766671815 0.188853482784
1.757135405 0.187032347986
1.75660445772 0.187260945591
1.75607387599 0.190794228428
1.7555436595 0.190321025347
1.75501380794 0.189604526202
1.75448432101 0.191240616204
1.7539551984 0.188204862635
1.7534264398 0.188587351826
1.7528980449 0.192460525579
1.7523700134 0.191843976657
1.75184234498 0.191085855234
1.75131503935 0.190760829838
1.75078809619 0.188923803516
1.75026151521 0.190509565064
1.74973529609 0.194550621503
1.74920943853 0.194703624367
1.74868394223 0.193698572491
1.74815880688 0.192634183996
1.74763403218 0.192965574573
1.74710961783 0.19185896348
1.74658556351 0.196921339457
1.74606186894 0.197762293499
1.7455385338 0.196914648543
1.7450155578 0.197867473339
1.74449294063 0.197269053771
1.74397068199 0.197823603726
1.74344878158 0.199360833686
1.7429272391 0.200108964952
1.74240605424 0.199412996279
1.74188522672 0.20036451642
1.74136475623 0.197776641582
1.74084464247 0.197414732458
1.74032488513 0.199023636648
1.73980548393 0.20161519057
1.73928643856 0.19880650893
1.73876774873 0.202382244177
1.73824941414 0.202435831526
1.73773143449 0.199901346228
1.73721380948 0.199131738724
1.73669653881 0.199545090967
1.7361796222 0.199629059271
1.73566305935 0.203343581288
1.73514684995 0.201948539351
1.73463099371 0.19853025599
1.73411549035 0.200629088154
1.73360033956 0.201038416914
1.73308554104 0.19908112576
1.73257109452 0.203638295736
1.73205699968 0.20464290631
1.73154325625 0.204050215414
1.73102986392 0.204290432985
1.7305168224 0.201722744684
1.73000413141 0.200974223684
1.72949179064 0.202152959292
1.72897979981 0.200536313119
1.72846815862 0.199085957011
1.7279568668 0.202736169771
1.72744592403 0.204742243223
1.72693533004 0.20497278599
1.72642508453 0.205405989283
1.72591518721 0.203182135038
1.72540563781 0.200749977714
1.72489643601 0.203142005602
1.72438758154 0.204494281554
1.72387907412 0.203459018287
1.72337091344 0.204939434895
1.72286309922 0.204094432834
1.72235563118 0.204809564742
1.72184850903 0.205946359556
1.72134173248 0.203276844729
1.72083530124 0.199042021446
1.72032921503 0.205252829879
1.71982347357 0.20409666769
1.71931807656 0.204300655757
1.71881302373 0.206317062336
1.71830831478 0.2064125067
1.71780394944 0.204315058332
1.71729992741 0.205037235284
1.71679624842 0.203042784756
1.71629291219 0.203002614858
1.71578991842 0.204861392089
1.71528726683 0.204909374342
1.71478495715 0.205684696917
1.71428298909 0.206037555997
1.71378136236 0.205477554769
1.7132800767 0.20510730547
1.71277913181 0.204547403589
1.71227852741 0.204429460577
1.71177826323 0.204979843713
1.71127833898 0.206622797908
1.71077875438 0.206881767081
1.71027950916 0.206197893981
1.70978060303 0.205919994636
1.70928203572 0.205876873907
1.70878380694 0.208519613285
1.70828591642 0.209050172704
1.70778836388 0.208344785135
1.70729114904 0.207750528613
1.70679427163 0.205834528323
1.70629773136 0.20549562462
1.70580152797 0.204436755719
1.70530566116 0.204142309569
1.70481013067 0.207136400981
1.70431493623 0.209138036308
1.70382007755 0.208367829154
1.70332555436 0.210218219426
1.70283136638 0.212338186382
1.70233751334 0.212069808046
1.70184399497 0.208817629191
1.70135081099 0.207794617567
1.70085796113 0.206354049224
1.70036544511 0.205839351171
1.69987326266 0.209911208472
1.69938141351 0.211685881013
1.69888989739 0.211762349982
1.69839871401 0.20807898282
1.69790786312 0.209217275061
1.69741734444 0.210308906428
1.69692715769 0.207169552239
1.69643730261 0.207864545196
1.69594777893 0.206593174388
1.69545858637 0.208326797587
1.69496972467 0.206751128621
1.69448119355 0.20791349123
1.69399299275 0.210138156712
1.69350512199 0.211370142768
1.69301758101 0.211147416043
1.69253036954 0.210478777715
1.69204348731 0.207092048291
1.69155693405 0.206633250531
1.69107070949 0.208829648482
1.69058481338 0.210409889034
1.69009924543 0.210546625652
1.68961400538 0.208913754321
1.68912909297 0.209040253881
1.68864450792 0.213036021644
1.68816024998 0.213536726413
1.68767631888 0.210888558892
1.68719271435 0.207716827176
1.68670943613 0.208402775893
1.68622648395 0.207832926312
1.68574385755 0.210144444555
1.68526155666 0.211303078375
1.68477958102 0.212018776702
1.68429793037 0.213592120605
1.68381660444 0.213568745615
1.68333560296 0.210095715154
1.68285492569 0.208891086855
1.68237457235 0.210284432052
1.68189454268 0.209587887447
1.68141483642 0.211013668647
1.6809354533 0.210239620225
1.68045639308 0.210841649165
1.67997765548 0.209026256112
1.67949924025 0.209217919388
1.67902114712 0.210561092148
1.67854337583 0.209515496554
1.67806592613 0.209419646731
1.67758879775 0.209561280481
1.67711199044 0.210414621836
1.67663550394 0.209746068358
1.67615933798 0.21113316307
1.67568349231 0.211486352056
1.67520796668 0.211488718274
1.67473276082 0.20981130683
1.67425787447 0.209710038453
1.67378330738 0.210740451694
1.67330905929 0.211142536741
1.67283512995 0.212192795183
1.67236151909 0.212860069246
1.67188822647 0.21156664005
1.67141525182 0.209491563666
1.67094259489 0.20936189209
1.67047025543 0.209207041476
1.66999823318 0.209624971539
1.66952652788 0.212028738223
1.66905513928 0.212864004801
1.66858406713 0.209643235536
1.66811331117 0.208441904137
1.66764287115 0.210574422352
1.66717274682 0.209904451509
1.66670293792 0.212747291531
1.6662334442 0.212989348447
1.6657642654 0.210616197091
1.66529540128 0.208007360212
1.66482685158 0.209106768151
1.66435861605 0.211168432896
1.66389069445 0.213628151145
1.66342308651 0.21068330739
1.66295579199 0.210755616368
1.66248881063 0.207783483985
1.66202214219 0.207149012634
1.66155578642 0.21079511086
1.66108974307 0.211534350381
1.66062401188 0.211510899899
1.66015859261 0.212684058504
1.65969348501 0.21006876406
1.65922868883 0.208932744934
1.65876420382 0.211108823625
1.65830002973 0.209952083143
1.65783616633 0.210552533372
1.65737261335 0.207091369945
1.65690937055 0.20989129236
1.65644643768 0.210005369082
1.65598381451 0.20818750354
1.65552150077 0.209150440575
1.65505949623 0.208092549645
1.65459780063 0.20589630206
1.65413641374 0.205686594719
1.65367533531 0.207117055465
1.65321456509 0.208538081771
1.65275410283 0.206556661067
1.6522939483 0.205153665046
1.65183410125 0.203498058717
1.65137456143 0.204326896245
1.6509153286 0.206373225049
1.65045640252 0.206124411162
1.64999778294 0.207661967833
1.64953946963 0.206486073871
1.64908146233 0.205432247544
1.64862376081 0.20376604551
1.64816636482 0.205623136879
1.64770927412 0.204033340563
1.64725248847 0.203918313019
1.64679600763 0.205065898473
1.64633983135 0.206365029803
1.64588395941 0.206534611722
1.64542839154 0.20741164116
1.64497312753 0.204914095875
1.64451816711 0.2015545991
1.64406351006 0.202575881043
1.64360915614 0.205233758582
1.64315510511 0.205926167081
1.64270135672 0.20761716719
1.64224791074 0.205353394031
1.64179476693 0.207086359658
1.64134192505 0.207237253442
1.64088938486 0.207632500823
1.64043714613 0.206095712707
1.63998520862 0.205607285614
1.63953357209 0.206422369694
1.6390822363 0.207607555226
1.63863120102 0.205885538538
1.63818046601 0.205382968902
1.63773003104 0.206249968379
1.63727989586 0.209017598044
1.63683006025 0.209454921902
1.63638052396 0.209047605726
1.63593128677 0.209639146513
1.63548234843 0.20773832833
1.63503370871 0.207762887438
1.63458536739 0.20763232336
1.63413732422 0.206954829533
1.63368957896 0.207956299468
1.6332421314 0.207888827657
1.63279498129 0.208081393007
1.63234812839 0.208377739281
1.63190157249 0.206128369921
1.63145531334 0.205560596421
1.63100935071 0.205840269933
1.63056368437 0.206918997095
1.63011831408 0.209638070754
1.62967323963 0.207802965398
1.62922846077 0.207334202687
1.62878397727 0.210271861763
1.62833978891 0.207404107453
1.62789589544 0.208041682211
1.62745229665 0.20829151648
1.6270089923 0.207111436502
1.62656598217 0.208504075519
1.62612326601 0.20696905927
1.62568084361 0.207438504822
1.62523871473 0.209118150098
1.62479687915 0.205894073643
1.62435533663 0.205837058465
1.62391408695 0.205544078602
1.62347312988 0.204495725603
1.62303246519 0.205352074527
1.62259209265 0.203646685066
1.62215201205 0.20694674639
1.62171222314 0.204762298352
