0.2291 0.07012
0.2361 0.083456
0.2421 0.071766
0.2481 0.075399
0.2536 0.064727
0.2586 0.063847
0.2636 0.066449
0.2686 0.067045
0.2731 0.073787
0.2771 0.0771
0.2811 0.089154
0.2851 0.086774
0.2891 0.09282
0.2931 0.098212
0.2971 0.10844
0.3011 0.11482
0.3051 0.135438
0.3091 0.127667
0.3131 0.141643
0.3171 0.144048
0.3211 0.153856
0.3251 0.160331
0.3291 0.167575
0.3331 0.177497
0.3371 0.186142
0.3411 0.195979
0.3451 0.206474
0.3491 0.211922
0.3531 0.221736
0.3571 0.22944
0.3606 0.235044
0.3636 0.239467
0.3666 0.244494
0.3696 0.250312
0.3726 0.258763
0.3756 0.267447
0.3786 0.279662
0.3811 0.284511
0.3831 0.291281
0.3851 0.297208
0.3871 0.302153
0.3891 0.30854
0.3911 0.3144
0.3931 0.317898
0.3951 0.322992
0.3971 0.326597
0.3991 0.329947
0.4011 0.333134
0.4031 0.336963
0.4051 0.339974
0.4071 0.344418
0.4091 0.347455
0.4111 0.353643
0.4128 0.35531
0.4158 0.361075
0.4188 0.36578
0.4218 0.371195
0.4248 0.378353
0.4278 0.377832
0.4308 0.383467
0.4338 0.386639
0.4368 0.391435
0.4398 0.395114
0.4428 0.398107
0.4458 0.401705
0.4488 0.40625
0.4513 0.41031
0.4533 0.412726
0.4553 0.41624
0.4573 0.418313
0.4593 0.425164
0.4613 0.42552
0.4633 0.427472
0.4653 0.431889
0.4673 0.431663
0.4693 0.434018
0.4713 0.439033
0.4733 0.437926
0.4753 0.441639
0.4773 0.440993
0.4793 0.445696
0.4813 0.443794
0.4833 0.446752
0.4853 0.447124
0.4873 0.449433
0.4893 0.450648
0.4913 0.451402
0.4933 0.45368
0.4953 0.455033
0.4973 0.455744
0.4993 0.456328
0.5013 0.459644
0.5033 0.460871
0.5053 0.461174
0.5073 0.463166
0.5093 0.465518
0.5113 0.466949
0.5133 0.468477
0.5153 0.470997
0.5173 0.472709
0.5193 0.473884
0.5213 0.476711
0.5233 0.478831
0.5253 0.480463
0.5273 0.483032
0.5293 0.486343
0.5313 0.488966
0.5333 0.489982
0.5353 0.495428
0.5373 0.493808
0.5393 0.496688
0.5413 0.498016
0.5433 0.500573
0.5453 0.500281
0.5473 0.501415
0.5493 0.503858
0.5513 0.504987
0.5533 0.505203
0.5553 0.507828
0.5573 0.507935
0.5593 0.510214
0.5613 0.511943
0.5633 0.511769
0.5653 0.513388
0.5673 0.513974
0.5693 0.514711
0.5713 0.514636
0.5733 0.515571
0.5753 0.51492
0.5773 0.516019
0.5793 0.515555
0.5813 0.518719
0.5833 0.516102
0.5853 0.519345
0.5873 0.516286
0.5893 0.517839
0.5913 0.517678
0.5933 0.518648
0.5953 0.51762
0.5973 0.517451
0.5993 0.516956
0.6011 0.518479
0.6027 0.519953
0.6043 0.517361
0.6059 0.517292
0.6075 0.517063
0.6091 0.517353
0.6107 0.516059
0.6123 0.516306
0.6139 0.517056
0.6155 0.517584
0.6171 0.517176
0.6187 0.517363
0.6203 0.516494
0.6219 0.517158
0.6235 0.516698
0.6251 0.517941
0.6267 0.516084
0.6283 0.516936
0.6299 0.516144
0.6317 0.517369
0.6337 0.516058
0.6357 0.517513
0.6377 0.516806
0.6397 0.51644
0.6417 0.518625
0.6437 0.516158
0.6457 0.517145
0.6477 0.517212
0.6497 0.516403
0.6517 0.517143
0.6537 0.517347
0.6557 0.517151
0.6577 0.517934
0.6597 0.517576
0.6617 0.518452
0.6637 0.518811
0.6657 0.518777
0.6677 0.5179
0.6702 0.519852
0.6732 0.519374
0.6762 0.519163
0.6792 0.519904
0.6822 0.521881
0.6852 0.521513
0.6882 0.5221
0.6912 0.521775
0.6942 0.523076
0.6972 0.524499
0.7002 0.523723
0.702 0.524364
0.704 0.525376
0.706 0.524791
0.708 0.527945
0.71 0.524553
0.712 0.524275
0.714 0.525694
0.716 0.52632
0.718 0.527239
0.72 0.5254
0.722 0.526634
0.724 0.526799
0.726 0.527258
0.728 0.527082
0.73 0.527516
0.732 0.527749
0.734 0.52737
0.736 0.528531
0.738 0.529813
0.74 0.529608
0.742 0.529286
0.744 0.530718
0.746 0.530455
0.748 0.531275
0.7505 0.532513
0.7535 0.532602
0.7565 0.536371
0.7595 0.533819
0.7625 0.536127
0.7655 0.535244
0.7685 0.535002
0.7715 0.53676
0.7745 0.537146
0.7775 0.539014
0.781 0.539625
0.785 0.540832
0.789 0.544942
0.793 0.541855
0.797 0.541579
0.8015 0.544008
0.8065 0.545087
0.8115 0.543332
0.8165 0.546087
0.822 0.550355
0.828 0.545523
0.835 0.544161
0.843 0.548063
0.851 0.548178
0.859 0.54779
0.871 0.542215
0.883 0.540692
0.894 0.536596
0.904 0.535872
0.914 0.533173
0.924 0.534367
0.933 0.535115
0.941 0.531014
0.949 0.52992
0.957 0.527276
0.964 0.527156
0.97 0.528886
0.976 0.525337
0.982 0.526789
0.988 0.527577
0.994 0.525272
1.0 0.526026
1.006 0.523471
1.012 0.528581
1.018 0.524711
1.0235 0.524832
1.0285 0.525806
1.0335 0.524745
1.0385 0.524466
1.0435 0.525569
1.0485 0.525747
1.0535 0.523791
1.0585 0.521325
1.0635 0.522619
1.0685 0.52201
1.0735 0.522739
1.0785 0.519965
1.0835 0.520289
1.0885 0.518989
1.0935 0.517209
1.0985 0.518268
1.1035 0.521016
1.1085 0.517036
1.1135 0.516537
1.1185 0.517501
1.1235 0.515962
1.1285 0.515547
1.1335 0.516094
1.1385 0.517581
1.1435 0.515467
1.1485 0.517046
1.1535 0.512077
1.1585 0.513222
1.1635 0.512224
1.1685 0.512806
1.1735 0.514949
1.1785 0.516034
1.1835 0.52043
1.1885 0.517167
1.1935 0.516928
1.1985 0.515223
1.2035 0.519597
1.2085 0.519381
1.2135 0.519062
1.2185 0.517938
1.2235 0.519978
1.2285 0.52222
1.2335 0.523574
1.2385 0.523188
1.2435 0.523398
1.2485 0.522998
1.2535 0.524257
1.2585 0.525117
1.2635 0.527803
1.2685 0.526897
1.2735 0.527147
1.2785 0.527027
1.2835 0.527302
1.2885 0.527263
1.2935 0.528174
1.2985 0.528934
1.3035 0.528284
1.3085 0.528893
1.3135 0.527543
1.3185 0.527363
1.3235 0.529447
1.3285 0.527005
1.3335 0.528822
1.3385 0.526601
1.3435 0.527202
1.3485 0.523611
1.3535 0.524436
1.3585 0.523023
1.3635 0.519828
1.3685 0.514559
1.3735 0.513409
1.3785 0.502615
1.3835 0.500302
1.3885 0.493622
1.3935 0.486726
1.3985 0.473222
1.4035 0.45809
1.4085 0.43956
1.4135 0.410607
1.4185 0.410475
1.4235 0.432739
1.4285 0.43859
1.4335 0.447503
1.4385 0.452138
1.4435 0.456115
1.4485 0.463969
1.4535 0.469332
1.4585 0.47029
1.4635 0.47521
1.4685 0.476838
1.4735 0.48027
1.4785 0.486397
1.4835 0.492205
1.4885 0.499074
1.4935 0.503958
1.4985 0.507092
1.5035 0.509013
1.5085 0.51152
1.5135 0.51347
1.5185 0.517003
1.5235 0.520892
1.5285 0.518057
1.534 0.52512
1.54 0.524162
1.546 0.528133
1.552 0.526999
1.558 0.528897
1.564 0.528507
1.5705 0.53025
1.5775 0.530751
1.5845 0.532792
1.5915 0.533244
1.5985 0.532851
1.6055 0.533831
1.6125 0.53591
1.6195 0.533923
1.6265 0.536756
1.6335 0.537293
1.6405 0.537978
1.6475 0.538814
1.6545 0.539279
1.6615 0.536403
1.6685 0.537743
1.676 0.536116
1.684 0.539083
1.692 0.537126
1.7 0.540152
1.708 0.534779
1.716 0.537043
1.724 0.529514
1.732 0.533847
1.74 0.534503
1.748 0.529129
1.756 0.530905
1.764 0.524724
1.772 0.524844
1.78 0.517805
1.788 0.51518
1.796 0.516934
1.805 0.515908
1.815 0.51372
1.825 0.511506
1.835 0.511157
1.845 0.508502
1.855 0.4992
1.865 0.486322
1.875 0.45723
1.885 0.405851
1.895 0.335773
1.905 0.268745
1.915 0.240574
1.925 0.246853
1.935 0.29057
1.945 0.329485
1.955 0.349452
1.965 0.365995
1.975 0.371195
1.985 0.383906
1.995 0.39842
2.005 0.416755
2.015 0.429375
2.025 0.43423
2.035 0.44536
2.045 0.447989
2.055 0.455084
2.065 0.458893
2.075 0.458436
2.085 0.462483
2.095 0.460515
2.105 0.459599
2.115 0.463976
2.125 0.463717
2.135 0.461129
2.145 0.459399
2.155 0.453255
2.165 0.450172
2.175 0.43942
2.185 0.427493
2.195 0.418991
2.205 0.400154
2.215 0.377067
2.225 0.373477
2.235 0.406196
2.245 0.405701
2.255 0.403087
2.265 0.412563
2.275 0.41291
2.285 0.40216
2.295 0.386537
2.305 0.380219
2.315 0.366108
2.325 0.352547
2.335 0.340907
2.345 0.336477
2.355 0.330391
2.365 0.325874
2.375 0.309219
2.386 0.29632
2.4 0.284879
2.418 0.271987
2.44 0.260309
2.466 0.252646
2.496 0.233035
2.528 0.216383
2.56 0.202505
2.592 0.197264
2.624 0.184009
2.656 0.156865
2.688 0.094897
2.72 0.035884
2.752 0.021853
2.784 0.005702
2.816 0.005159
2.848 0.006496
2.88 0.009422
2.912 0.021433
2.944 0.009139
2.976 0.036085
