1.354626 0.717247
1.35498 0.717075
1.355335 0.716961
1.355689 0.716273
1.356043 0.716617
1.356398 0.716846
1.356753 0.716445
1.357108 0.716559
1.357464 0.716674
1.357819 0.715757
1.358175 0.715471
1.358531 0.715757
1.358887 0.715872
1.359243 0.714382
1.3596 0.714612
1.359956 0.714898
1.360313 0.714039
1.36067 0.713809
1.361028 0.714153
1.361385 0.713638
1.361743 0.713351
1.3621 0.712664
1.362458 0.713007
1.362817 0.714268
1.363175 0.714898
1.363533 0.713867
1.363892 0.712893
1.364251 0.711289
1.36461 0.711289
1.364969 0.711976
1.365329 0.711861
1.365689 0.712033
1.366048 0.71169
1.366408 0.711289
1.366769 0.710888
1.367129 0.710143
1.36749 0.709226
1.367851 0.709226
1.368212 0.708424
1.368573 0.708252
1.368934 0.707736
1.369296 0.706877
1.369658 0.705788
1.37002 0.7047
1.370382 0.70258
1.370744 0.70046
1.371107 0.699773
1.371469 0.698512
1.371832 0.695762
1.372195 0.69307
1.372559 0.690721
1.372922 0.687455
1.373286 0.683788
1.37365 0.680465
1.374014 0.677028
1.374378 0.673819
1.374743 0.671012
1.375107 0.668147
1.375472 0.665397
1.375837 0.663277
1.376202 0.661501
1.376568 0.658866
1.376933 0.657663
1.377299 0.657434
1.377665 0.657032
1.378031 0.656173
1.378398 0.655715
1.378764 0.65623
1.379131 0.65709
1.379498 0.657319
1.379866 0.658121
1.380233 0.658809
1.3806 0.660241
1.380968 0.662475
1.381336 0.664423
1.381704 0.666257
1.382073 0.666486
1.382441 0.666486
1.38281 0.669408
1.383179 0.672272
1.383548 0.673017
1.383917 0.673877
1.384287 0.675996
1.384657 0.676798
1.385027 0.677601
1.385397 0.678918
1.385767 0.680064
1.386137 0.680924
1.386508 0.681955
1.386879 0.682241
1.38725 0.681668
1.387622 0.681554
1.387993 0.68184
1.388365 0.682298
1.388737 0.68333
1.389109 0.683616
1.389481 0.683215
1.389853 0.681955
1.390226 0.682069
1.390599 0.682413
1.390972 0.682528
1.391346 0.681726
1.391719 0.679892
1.392093 0.678804
1.392467 0.678632
1.392841 0.678918
1.393215 0.678976
1.39359 0.678632
1.393965 0.678689
1.394339 0.678288
1.394715 0.677486
1.39509 0.677257
1.395465 0.677371
1.395841 0.677142
1.396217 0.676397
1.396593 0.676741
1.39697 0.677085
1.397346 0.677715
1.397723 0.678116
1.3981 0.678173
1.398477 0.677887
1.398854 0.677601
1.399232 0.677486
1.39961 0.677944
1.399988 0.677658
1.400366 0.676569
1.400744 0.676569
1.401123 0.677028
1.401502 0.677887
1.401881 0.677944
1.40226 0.678173
1.402639 0.678345
1.403019 0.677944
1.403399 0.678002
1.403779 0.677944
1.404159 0.677601
1.404539 0.676684
1.40492 0.677028
1.405301 0.677887
1.405682 0.677486
1.406063 0.677371
1.406444 0.677085
1.406826 0.676225
1.407208 0.676111
1.40759 0.676684
1.407972 0.676455
1.408355 0.676283
1.408737 0.675595
1.40912 0.67485
1.409503 0.674392
1.409887 0.674965
1.41027 0.675251
1.410654 0.674908
1.411038 0.674908
1.411422 0.675137
1.411807 0.674793
1.412191 0.674335
1.412576 0.674392
1.412961 0.673762
1.413346 0.672788
1.413732 0.672215
1.414117 0.671585
1.414503 0.671757
1.414889 0.671871
1.415275 0.6721
1.415662 0.671528
1.416049 0.671356
1.416435 0.671069
1.416823 0.670955
1.41721 0.670725
1.417597 0.670439
1.417985 0.67021
1.418373 0.66958
1.418761 0.668892
1.41915 0.668606
1.419538 0.668663
1.419927 0.668663
1.420316 0.668835
1.420706 0.668491
1.421095 0.668204
1.421485 0.667689
1.421875 0.667402
1.422265 0.667231
1.422655 0.667116
1.423046 0.666944
1.423436 0.666543
1.423827 0.6666
1.424218 0.666371
1.42461 0.66597
1.425001 0.665225
1.425393 0.664996
1.425785 0.66471
1.426177 0.664824
1.42657 0.664767
1.426962 0.664652
1.427355 0.664366
1.427748 0.664309
1.428142 0.664194
1.428535 0.663678
1.428929 0.663392
1.429323 0.663335
1.429717 0.662991
1.430112 0.662533
1.430506 0.662647
1.430901 0.662819
1.431296 0.662533
1.431691 0.661788
1.432087 0.661501
1.432482 0.661157
1.432878 0.661215
1.433275 0.661043
1.433671 0.660928
1.434067 0.66047
1.434464 0.660355
1.434861 0.660355
1.435259 0.660183
1.435656 0.659725
1.436054 0.659553
1.436452 0.659783
1.43685 0.659611
1.437248 0.65898
1.437647 0.658579
1.438046 0.658751
1.438445 0.658809
1.438844 0.658236
1.439243 0.657835
1.439643 0.65835
1.440043 0.658637
1.440443 0.658006
1.440843 0.657835
1.441244 0.657777
1.441645 0.657663
1.442046 0.657434
1.442447 0.657147
1.442848 0.656975
1.44325 0.656803
1.443652 0.656746
1.444054 0.656803
1.444457 0.656918
1.444859 0.656517
1.445262 0.655944
1.445665 0.6556
1.446068 0.655715
1.446472 0.655772
1.446875 0.655486
1.447279 0.655084
1.447683 0.654798
1.448088 0.654512
1.448492 0.654855
1.448897 0.654913
1.449302 0.654454
1.449708 0.65411
1.450113 0.653824
1.450519 0.653824
1.450925 0.653767
1.451331 0.653652
1.451737 0.653595
1.452144 0.653595
1.452551 0.652965
1.452958 0.652621
1.453365 0.652793
1.453773 0.652907
1.454181 0.652621
1.454589 0.652907
1.454997 0.653079
1.455405 0.652678
1.455814 0.652564
1.456223 0.652449
1.456632 0.65285
1.457042 0.652678
1.457451 0.652793
1.457861 0.652736
1.458271 0.652334
1.458682 0.651933
1.459092 0.651475
1.459503 0.651131
1.459914 0.651303
1.460325 0.651246
1.460737 0.650788
1.461148 0.65073
1.46156 0.650444
1.461972 0.650444
1.462385 0.650616
1.462797 0.650845
1.46321 0.650788
1.463623 0.650501
1.464037 0.650501
1.46445 0.650558
1.464864 0.650272
1.465278 0.649928
1.465692 0.650043
1.466107 0.650043
1.466522 0.649699
1.466937 0.649699
1.467352 0.6501
1.467767 0.649871
1.468183 0.649584
1.468599 0.649527
1.469015 0.649527
1.469431 0.649527
1.469848 0.649527
1.470265 0.649126
1.470682 0.649183
1.471099 0.649183
1.471517 0.649298
1.471935 0.649355
1.472353 0.649756
1.472771 0.64947
1.47319 0.649413
1.473608 0.649126
1.474027 0.649069
1.474447 0.649069
1.474866 0.649298
1.475286 0.649527
1.475706 0.649413
1.476126 0.649298
1.476546 0.649183
1.476967 0.649241
1.477388 0.649183
1.477809 0.649011
1.47823 0.649355
1.478652 0.649699
1.479074 0.649756
1.479496 0.649814
1.479918 0.649928
1.480341 0.649699
1.480764 0.649756
1.481187 0.64947
1.48161 0.649241
1.482034 0.649584
1.482458 0.649642
1.482882 0.649756
1.483306 0.649985
1.48373 0.650272
1.484155 0.649985
1.48458 0.650157
1.485006 0.650673
1.485431 0.650501
1.485857 0.650444
1.486283 0.650386
1.486709 0.650558
1.487135 0.650902
1.487562 0.651246
1.487989 0.651017
1.488416 0.650959
1.488844 0.651074
1.489271 0.650959
1.489699 0.651131
1.490128 0.651189
1.490556 0.651246
1.490985 0.651418
1.491414 0.651819
1.491843 0.651876
1.492272 0.651876
1.492702 0.652163
1.493132 0.651819
1.493562 0.65159
1.493993 0.651876
1.494423 0.652105
1.494854 0.65222
1.495285 0.652449
1.495717 0.652793
1.496148 0.65285
1.49658 0.65285
1.497012 0.653022
1.497445 0.653079
1.497877 0.653022
1.49831 0.653022
1.498744 0.653366
1.499177 0.653652
1.499611 0.653767
1.500045 0.654053
1.500479 0.654397
1.500913 0.654168
1.501348 0.65434
1.501783 0.654512
1.502218 0.654569
1.502653 0.654798
1.503089 0.654569
1.503525 0.654569
1.503961 0.654741
1.504398 0.655142
1.504834 0.655428
1.505271 0.655371
1.505709 0.6556
1.506146 0.655657
1.506584 0.655657
1.507022 0.655944
1.50746 0.656001
1.507898 0.656001
1.508337 0.656288
1.508776 0.656345
1.509215 0.656288
1.509655 0.656746
1.510094 0.657032
1.510534 0.656975
1.510975 0.657032
1.511415 0.657204
1.511856 0.657376
1.512297 0.657663
1.512738 0.657777
1.51318 0.65772
1.513622 0.657663
1.514064 0.658006
1.514506 0.658579
1.514948 0.658694
1.515391 0.658465
1.515834 0.658809
1.516278 0.658809
1.516721 0.658408
1.517165 0.658637
1.517609 0.65898
1.518054 0.659381
1.518499 0.659496
1.518944 0.659611
1.519389 0.659611
1.519834 0.660126
1.52028 0.660355
1.520726 0.660355
1.521172 0.660413
1.521619 0.660642
1.522065 0.660871
1.522512 0.660871
1.52296 0.660527
1.523407 0.66047
1.523855 0.660814
1.524303 0.661501
1.524751 0.661444
1.5252 0.661501
1.525649 0.66173
1.526098 0.661845
1.526547 0.661788
1.526997 0.66173
1.527447 0.66196
1.527897 0.662418
1.528347 0.662475
1.528798 0.662704
1.529249 0.662762
1.5297 0.662876
1.530152 0.663277
1.530604 0.663564
1.531055 0.663564
1.531508 0.663621
1.53196 0.663736
1.532413 0.664194
1.532866 0.66471
1.53332 0.664939
1.533773 0.664824
1.534227 0.665111
1.534682 0.66534
1.535136 0.665455
1.535591 0.665512
1.536046 0.665741
1.536501 0.665798
1.536956 0.666199
1.537412 0.666428
1.537868 0.6666
1.538324 0.666715
1.538781 0.666772
1.539238 0.667059
1.539695 0.667345
1.540153 0.667574
1.54061 0.66809
1.541068 0.668319
1.541527 0.668491
1.541985 0.669007
1.542444 0.669121
1.542903 0.669293
1.543363 0.669293
1.543822 0.669293
1.544282 0.66935
1.544742 0.66958
1.545203 0.670095
1.545663 0.67021
1.546124 0.670095
1.546586 0.670267
1.547047 0.67084
1.547509 0.671126
1.547971 0.671241
1.548433 0.671012
1.548896 0.671298
1.549359 0.671585
1.549822 0.6721
1.550285 0.672502
1.550749 0.672903
1.551213 0.673189
1.551677 0.673304
1.552142 0.673304
1.552607 0.673418
1.553072 0.673819
1.553537 0.674048
1.554003 0.674106
1.554469 0.674621
1.554935 0.674679
1.555402 0.674965
1.555868 0.675251
1.556336 0.675538
1.556803 0.675882
1.557271 0.676283
1.557738 0.676397
1.558207 0.676684
1.558675 0.676627
1.559144 0.676856
1.559613 0.677142
1.560082 0.677314
1.560552 0.677486
1.561022 0.677715
1.561492 0.677887
1.561963 0.677944
1.562433 0.678059
1.562905 0.678574
1.563376 0.678804
1.563848 0.679147
1.564319 0.679205
1.564792 0.679319
1.565264 0.679663
1.565737 0.67972
1.56621 0.67972
1.566683 0.67995
1.567156 0.680465
1.56763 0.681095
1.568105 0.681038
1.568579 0.681095
1.569054 0.681153
1.569529 0.681496
1.570004 0.681611
1.57048 0.681783
1.570956 0.681783
1.571432 0.682012
1.571908 0.682069
1.572385 0.682642
1.572862 0.682929
1.57334 0.682986
1.573817 0.682929
1.574295 0.683387
1.574773 0.683616
1.575252 0.683731
1.575731 0.683788
1.57621 0.683788
1.576689 0.684533
1.577169 0.68459
1.577649 0.684189
1.578129 0.684533
1.57861 0.684762
1.57909 0.685163
1.579572 0.685163
1.580053 0.685335
1.580535 0.685507
1.581017 0.685736
1.581499 0.685736
1.581982 0.685793
1.582465 0.686137
1.582948 0.686424
1.583431 0.686538
1.583915 0.686825
1.584399 0.687054
1.584884 0.687168
1.585368 0.687226
1.585853 0.687569
1.586339 0.687799
1.586824 0.687856
1.58731 0.688142
1.587796 0.688314
1.588283 0.688372
1.588769 0.688773
1.589256 0.688773
1.589744 0.688944
1.590231 0.689231
1.590719 0.689575
1.591208 0.689918
1.591696 0.689804
1.592185 0.689632
1.592674 0.689976
1.593163 0.690262
1.593653 0.690319
1.594143 0.690491
1.594634 0.690892
1.595124 0.691351
1.595615 0.691523
1.596107 0.691523
1.596598 0.691752
1.59709 0.691866
1.597582 0.691924
1.598075 0.692439
1.598568 0.692783
1.599061 0.69284
1.599554 0.692898
1.600048 0.693299
1.600542 0.693642
1.601036 0.6937
1.60153 0.693872
1.602025 0.693814
1.602521 0.694215
1.603016 0.694674
1.603512 0.695075
1.604008 0.695132
1.604505 0.695304
1.605001 0.695419
1.605498 0.695533
1.605996 0.695877
1.606493 0.696106
1.606991 0.696335
1.60749 0.696622
1.607988 0.696851
1.608487 0.697195
1.608986 0.697481
1.609486 0.697538
1.609986 0.697424
1.610486 0.69771
1.610986 0.698111
1.611487 0.698512
1.611988 0.69857
1.61249 0.698913
1.612991 0.698856
1.613493 0.698971
1.613996 0.6992
1.614498 0.699544
1.615001 0.699945
1.615505 0.700288
1.616008 0.700575
1.616512 0.700575
1.617016 0.700804
1.617521 0.700861
1.618026 0.700861
1.618531 0.701492
1.619036 0.701835
1.619542 0.702065
1.620048 0.702007
1.620554 0.702408
1.621061 0.702695
1.621568 0.702867
1.622076 0.703038
1.622583 0.703325
1.623091 0.703382
1.6236 0.703783
1.624108 0.703955
1.624617 0.704012
1.625127 0.704528
1.625636 0.704986
1.626146 0.704814
1.626656 0.705158
1.627167 0.705273
1.627678 0.705502
1.628189 0.705559
1.628701 0.705617
1.629212 0.705617
1.629725 0.70596
1.630237 0.70619
1.63075 0.706533
1.631263 0.70682
1.631777 0.706992
1.63229 0.706992
1.632804 0.707335
1.633319 0.707565
1.633834 0.707794
1.634349 0.707851
1.634864 0.707908
1.63538 0.708023
1.635896 0.708367
1.636412 0.708653
1.636929 0.708539
1.637446 0.708768
1.637964 0.709283
1.638481 0.709226
1.638999 0.709341
1.639518 0.709513
1.640036 0.709398
1.640555 0.709455
1.641075 0.709799
1.641594 0.710257
1.642114 0.710315
1.642634 0.710487
1.643155 0.710601
1.643676 0.710773
1.644197 0.710716
1.644719 0.710773
1.645241 0.711403
1.645763 0.711403
1.646286 0.711231
1.646809 0.711518
1.647332 0.711976
1.647856 0.711976
1.64838 0.712205
1.648904 0.712205
1.649429 0.712091
1.649953 0.712033
1.650479 0.712434
1.651004 0.712549
1.651531 0.712836
1.652057 0.712836
1.652583 0.713007
1.65311 0.713122
1.653638 0.713294
1.654165 0.713351
1.654693 0.713351
1.655222 0.713867
1.65575 0.714153
1.656279 0.714153
1.656809 0.714096
1.657338 0.714211
1.657868 0.71444
1.658399 0.714497
1.658929 0.714841
1.65946 0.715242
1.659992 0.715242
1.660523 0.714841
1.661055 0.715356
1.661588 0.7157
1.662121 0.715929
1.662654 0.716216
1.663187 0.716273
1.663721 0.715987
1.664255 0.716101
1.664789 0.716731
1.665324 0.716789
1.665859 0.716731
1.666395 0.717075
1.666931 0.717304
1.667467 0.717534
1.668003 0.71782
1.66854 0.718393
1.669077 0.718336
1.669615 0.718278
1.670153 0.718336
1.670691 0.718622
1.671229 0.718737
1.671769 0.718794
1.672308 0.719023
1.672847 0.719138
1.673387 0.719482
1.673928 0.719711
1.674468 0.719825
1.675009 0.720054
1.675551 0.719997
1.676093 0.720169
1.676635 0.720455
1.677177 0.720513
1.67772 0.720341
1.678263 0.720513
1.678806 0.721028
1.67935 0.721601
1.679894 0.721716
1.680439 0.721773
1.680984 0.721773
1.681529 0.722117
1.682074 0.722346
1.682621 0.722518
1.683167 0.722461
1.683714 0.722804
1.68426 0.723091
1.684808 0.72332
1.685356 0.723492
1.685904 0.723664
1.686452 0.723836
1.687001 0.724008
1.68755 0.724065
1.6881 0.724351
1.68865 0.724638
1.6892 0.725039
1.689751 0.725154
1.690302 0.725154
1.690853 0.725383
1.691405 0.725612
1.691957 0.725669
1.692509 0.725612
1.693061 0.725898
1.693615 0.726357
1.694168 0.726242
1.694722 0.726242
1.695276 0.7267
1.695831 0.726872
1.696385 0.72693
1.696941 0.727101
1.697497 0.727445
1.698053 0.727961
1.698609 0.727846
1.699166 0.727903
1.699723 0.728362
1.70028 0.728362
1.700838 0.728247
1.701396 0.728534
1.701955 0.728877
1.702514 0.728935
1.703073 0.728877
1.703633 0.728935
1.704193 0.729221
1.704753 0.729508
1.705314 0.72945
1.705875 0.729508
1.706436 0.729851
1.706998 0.729794
1.707561 0.729966
1.708123 0.730138
1.708686 0.730367
1.70925 0.730539
1.709813 0.730253
1.710377 0.73031
1.710942 0.730539
1.711507 0.730883
1.712072 0.73094
1.712638 0.731112
1.713204 0.731284
1.71377 0.731628
1.714337 0.731799
1.714904 0.731799
1.715471 0.731742
1.716039 0.732029
1.716607 0.732143
1.717176 0.732086
1.717745 0.7322
1.718314 0.73243
1.718884 0.732601
1.719454 0.732659
1.720024 0.732544
1.720595 0.732716
1.721167 0.732831
1.721738 0.732831
1.72231 0.73306
1.722883 0.733346
1.723455 0.733404
1.724029 0.733518
1.724602 0.733862
1.725176 0.733976
1.72575 0.733976
1.726325 0.733976
1.7269 0.733919
1.727476 0.734263
1.728051 0.73432
1.728628 0.734206
1.729204 0.734206
1.729781 0.734492
1.730358 0.734549
1.730936 0.734549
1.731514 0.735008
1.732093 0.735065
1.732672 0.73495
1.733251 0.735065
1.733831 0.735237
1.734411 0.735409
1.734991 0.735352
1.735572 0.735638
1.736153 0.73581
1.736735 0.735982
1.737317 0.736268
1.7379 0.73644
1.738482 0.73644
1.739066 0.736555
1.739649 0.736727
1.740233 0.736898
1.740817 0.736784
1.741402 0.736841
1.741987 0.737013
1.742573 0.737357
1.743159 0.737414
1.743745 0.737586
1.744332 0.737758
1.744919 0.73793
1.745506 0.738102
1.746094 0.738159
1.746683 0.738102
1.747271 0.738331
1.74786 0.738388
1.74845 0.738503
1.74904 0.738789
1.74963 0.739076
1.750221 0.739076
1.750812 0.739305
1.751403 0.73919
1.751995 0.73919
1.752588 0.739419
1.75318 0.739706
1.753773 0.73982
1.754367 0.739992
1.754961 0.739878
1.755555 0.740049
1.75615 0.740221
1.756745 0.740508
1.75734 0.740737
1.757936 0.74068
1.758533 0.740794
1.759129 0.741195
1.759726 0.741138
1.760324 0.741253
1.760922 0.741425
1.76152 0.741425
1.762119 0.741654
1.762718 0.741768
1.763318 0.741826
1.763918 0.741997
1.764518 0.742112
1.765119 0.742399
1.76572 0.742742
1.766322 0.743029
1.766924 0.742971
1.767526 0.743029
1.768129 0.743029
1.768732 0.74343
1.769336 0.743487
1.76994 0.743602
1.770545 0.743716
1.771149 0.743945
1.771755 0.74406
1.77236 0.744003
1.772967 0.744003
1.773573 0.744117
1.77418 0.744346
1.774787 0.74469
1.775395 0.74469
1.776004 0.744748
1.776612 0.744919
1.777221 0.745034
1.777831 0.744805
1.778441 0.744805
1.779051 0.744919
1.779662 0.744919
1.780273 0.745091
1.780884 0.745435
1.781496 0.74532
1.782109 0.745263
1.782721 0.745492
1.783335 0.745722
1.783948 0.745722
1.784562 0.745893
1.785177 0.745664
1.785792 0.745664
1.786407 0.745836
1.787023 0.745951
1.787639 0.746065
1.788256 0.746065
1.788873 0.746123
1.789491 0.745951
1.790108 0.745836
1.790727 0.745893
1.791346 0.745893
1.791965 0.746065
1.792585 0.746352
1.793205 0.746466
1.793825 0.746409
1.794446 0.746409
1.795067 0.746409
1.795689 0.746581
1.796311 0.746753
1.796934 0.746753
1.797557 0.746581
1.79818 0.746524
1.798804 0.746638
1.799429 0.746638
1.800053 0.746696
1.800679 0.746524
1.801304 0.746581
1.801931 0.746753
1.802557 0.746925
1.803184 0.747097
1.803812 0.747154
1.804439 0.746982
1.805068 0.746925
1.805696 0.746867
1.806326 0.746982
1.806955 0.747097
1.807585 0.746982
1.808216 0.746982
1.808847 0.747383
1.809478 0.747498
1.81011 0.747154
1.810742 0.747039
1.811375 0.747211
1.812008 0.747211
1.812641 0.74744
1.813275 0.747784
1.81391 0.747612
1.814545 0.74744
1.81518 0.747097
1.815816 0.747268
1.816452 0.747555
1.817089 0.747784
1.817726 0.747956
1.818363 0.747899
1.819001 0.747784
1.81964 0.747039
1.820279 0.746753
1.820918 0.747498
1.821558 0.747727
1.822199 0.747727
1.822839 0.747956
1.82348 0.748472
1.824122 0.748414
1.824764 0.748529
1.825406 0.747841
1.826049 0.746982
1.826693 0.747899
1.827337 0.748529
1.827981 0.748185
1.828626 0.7483
1.829271 0.748357
1.829917 0.748414
1.830563 0.748128
1.83121 0.748414
1.831857 0.74893
1.832504 0.748987
1.833152 0.749274
1.833801 0.749274
1.83445 0.748701
1.835099 0.748643
1.835749 0.748357
1.836399 0.748414
1.83705 0.748357
1.837701 0.748242
1.838353 0.749388
1.839005 0.749216
1.839658 0.748643
1.840311 0.749445
1.840964 0.749274
1.841618 0.748128
1.842272 0.748987
1.842927 0.750133
1.843583 0.750305
1.844238 0.75042
1.844895 0.750649
1.845551 0.750706
1.846209 0.749503
1.846867 0.748128
1.847525 0.748586
1.848184 0.749388
1.848843 0.750649
1.849502 0.751164
1.850162 0.750992
1.850823 0.751107
1.851484 0.751279
1.852145 0.75105
1.852807 0.75042
1.853469 0.749617
1.854132 0.75019
1.854796 0.751393
1.855459 0.751451
1.856124 0.750477
1.856789 0.750477
1.857454 0.751623
1.85812 0.751737
1.858786 0.750992
1.859453 0.749961
1.86012 0.750649
1.860788 0.751565
1.861456 0.752081
1.862124 0.752081
1.862794 0.752024
1.863463 0.75168
1.864133 0.751565
1.864804 0.751966
1.865475 0.752253
1.866146 0.752024
1.866818 0.751279
1.867491 0.750076
1.868164 0.750878
1.868837 0.751565
1.869511 0.751222
1.870185 0.75019
1.87086 0.749388
1.871536 0.750821
1.872212 0.750649
1.872888 0.749216
1.873565 0.750305
1.874242 0.751451
1.87492 0.751279
1.875599 0.751336
1.876277 0.750992
1.876957 0.750477
1.877637 0.751393
1.878317 0.751909
1.878998 0.752024
1.879679 0.751909
1.880361 0.751737
1.881043 0.751623
1.881726 0.751852
1.882409 0.751795
1.883093 0.751508
1.883777 0.750763
1.884462 0.751565
1.885147 0.751966
1.885833 0.751623
1.886519 0.751336
1.887206 0.751565
1.887893 0.751795
1.888581 0.751737
1.889269 0.750992
1.889958 0.750477
1.890647 0.750992
1.891337 0.751222
1.892027 0.750878
1.892718 0.751164
1.893409 0.750992
1.894101 0.751107
1.894793 0.751451
1.895486 0.751279
1.896179 0.751222
1.896873 0.751107
1.897568 0.750706
1.898262 0.750362
1.898958 0.749274
1.899654 0.748987
1.90035 0.749847
1.901047 0.750534
1.901744 0.750362
1.902442 0.749331
1.90314 0.749732
1.903839 0.750591
1.904539 0.749732
1.905239 0.749044
1.905939 0.749274
1.90664 0.749503
1.907342 0.75042
1.908044 0.750706
1.908746 0.750477
1.909449 0.750477
1.910153 0.750477
1.910857 0.750305
1.911561 0.75019
1.912266 0.750305
1.912972 0.749445
1.913678 0.749503
1.914385 0.750534
1.915092 0.750706
1.9158 0.750305
1.916508 0.75042
1.917217 0.750821
1.917926 0.75105
1.918636 0.750935
1.919346 0.750076
1.920057 0.749216
1.920768 0.749617
1.92148 0.750821
1.922193 0.75105
1.922906 0.750706
1.92362 0.750362
1.924333 0.750649
1.925048 0.751508
1.925763 0.751565
1.926479 0.751336
1.927195 0.751222
1.927912 0.750992
1.928629 0.750992
1.929346 0.751508
1.930065 0.751623
1.930784 0.75168
1.931503 0.751795
1.932223 0.752138
1.932943 0.751966
1.933664 0.751966
1.934386 0.752196
1.935108 0.752196
1.93583 0.752081
1.936554 0.752196
1.937277 0.752425
1.938002 0.752539
1.938726 0.75231
1.939452 0.752425
1.940177 0.75294
1.940904 0.752769
1.941631 0.752883
1.942358 0.75317
1.943086 0.753112
1.943815 0.752998
1.944544 0.753112
1.945274 0.753112
1.946004 0.753112
1.946735 0.753227
1.947466 0.753399
1.948198 0.753341
1.94893 0.753456
1.949663 0.753513
1.950397 0.753341
1.951131 0.753227
1.951865 0.753399
1.952601 0.753399
1.953336 0.753456
1.954073 0.753513
1.954809 0.753399
1.955547 0.753399
1.956285 0.753513
1.957023 0.753628
1.957762 0.753628
1.958502 0.753685
1.959242 0.753685
1.959983 0.753513
1.960724 0.753227
1.961466 0.753399
1.962208 0.753456
1.962951 0.753456
1.963695 0.753628
1.964439 0.753742
1.965183 0.753399
1.965929 0.75317
1.966674 0.75317
1.967421 0.753456
1.968168 0.753112
1.968915 0.753055
1.969663 0.753112
1.970412 0.753284
1.971161 0.75317
1.971911 0.753112
1.972661 0.753055
1.973413 0.75317
1.974164 0.753284
1.974916 0.753112
1.975669 0.753055
1.976422 0.752998
1.977176 0.752998
1.97793 0.752883
1.978685 0.752998
1.97944 0.752826
1.980196 0.752769
1.980953 0.752998
1.98171 0.75294
1.982468 0.752883
1.983226 0.752826
1.983986 0.752883
1.984745 0.752711
1.985505 0.752654
1.986266 0.752539
1.987027 0.752539
1.987789 0.752482
1.988552 0.752482
1.989315 0.752482
1.990078 0.752253
1.990842 0.752196
1.991607 0.752138
1.992373 0.752253
1.993139 0.752482
1.993905 0.752425
1.994673 0.752425
1.99544 0.752081
1.996209 0.752081
1.996978 0.752138
1.997747 0.752425
1.998517 0.752482
1.999288 0.75231
2.000059 0.752138
2.000831 0.75231
2.001604 0.752425
2.002377 0.752253
2.003151 0.752367
2.003925 0.752367
2.0047 0.752138
2.005476 0.752196
2.006252 0.752482
2.007029 0.752367
2.007806 0.75231
2.008584 0.752482
2.009362 0.752367
2.010141 0.752253
2.010921 0.752196
2.011701 0.75231
2.012482 0.752425
2.013264 0.752482
2.014046 0.752711
2.014829 0.752769
2.015612 0.752597
2.016396 0.752539
2.01718 0.752539
2.017966 0.752654
2.018752 0.752711
2.019538 0.752539
2.020325 0.752482
2.021113 0.752482
2.021901 0.752482
2.02269 0.752367
2.023479 0.752425
2.02427 0.752711
2.02506 0.752769
2.025852 0.752769
2.026644 0.752769
2.027436 0.752826
2.028229 0.752711
2.029023 0.752654
2.029818 0.752654
2.030613 0.752654
2.031409 0.752769
2.032204 0.752883
2.033001 0.752883
2.033799 0.752711
2.034597 0.752769
2.035396 0.752883
2.036195 0.752998
2.036996 0.752998
2.037796 0.752998
2.038598 0.753055
2.0394 0.753055
2.040203 0.753284
2.041006 0.753456
2.04181 0.753227
2.042614 0.753055
2.043419 0.753055
2.044225 0.753055
2.045032 0.752998
2.045839 0.75317
2.046646 0.75317
2.047455 0.75317
2.048264 0.75317
2.049073 0.753112
2.049883 0.75294
2.050694 0.752883
2.051505 0.753112
2.052317 0.753055
2.05313 0.753112
2.053944 0.753112
2.054758 0.752998
2.055573 0.752942
2.056388 0.753387
2.057204 0.753276
2.058021 0.753109
2.058838 0.75272
2.059656 0.752831
2.060475 0.752775
2.061294 0.752886
2.062114 0.752608
2.062935 0.752441
2.063756 0.752441
2.064577 0.75183
2.0654 0.751051
2.066223 0.750662
2.067047 0.750273
2.067871 0.750273
2.068696 0.750384
2.069522 0.750217
2.070349 0.749828
2.071176 0.749272
2.072004 0.749049
2.072833 0.748438
2.073662 0.748104
2.074492 0.747381
2.075322 0.746825
2.076153 0.745713
2.076985 0.74549
2.077817 0.744879
2.07865 0.744045
2.079484 0.743822
2.080319 0.743322
2.081154 0.743266
2.08199 0.742988
2.082826 0.742376
2.083663 0.742321
2.084501 0.741987
2.08534 0.742043
2.086179 0.74182
2.087018 0.741653
2.087859 0.741097
2.0887 0.741042
2.089542 0.741264
2.090385 0.741209
2.091228 0.741598
2.092072 0.741598
2.092917 0.741375
2.093762 0.740374
2.094608 0.73954
2.095454 0.739596
2.096302 0.739652
2.09715 0.739652
2.097999 0.739373
2.098848 0.739985
2.099698 0.740208
2.100549 0.739151
2.1014 0.738706
2.102252 0.738929
2.103105 0.738706
2.103959 0.738428
2.104813 0.738373
2.105668 0.738094
2.106524 0.737705
2.10738 0.737538
2.108237 0.737538
2.109094 0.737594
2.109953 0.737594
2.110812 0.737483
2.111672 0.737372
2.112532 0.737705
2.113394 0.737705
2.114255 0.737038
2.115118 0.736982
2.115981 0.736704
2.116845 0.736204
2.11771 0.735648
2.118576 0.73537
2.119442 0.735592
2.120309 0.735481
2.121176 0.73537
2.122045 0.735092
2.122913 0.734925
2.123783 0.735258
2.124654 0.735703
2.125525 0.735926
2.126396 0.735815
2.127269 0.735147
2.128142 0.735425
2.129016 0.736315
2.129891 0.736426
2.130766 0.736204
2.131642 0.735981
2.132519 0.735592
2.133397 0.735258
2.134275 0.735592
2.135154 0.735536
2.136034 0.735981
2.136914 0.736093
2.137795 0.735703
2.138677 0.735926
2.13956 0.735703
2.140444 0.735536
2.141328 0.736204
2.142213 0.736315
2.143099 0.736148
2.143985 0.736315
2.144872 0.735759
2.14576 0.735481
2.146648 0.736037
2.147537 0.736371
2.148427 0.736315
2.149318 0.736259
2.150209 0.736259
2.151101 0.736204
2.151994 0.735815
2.152888 0.736093
2.153783 0.736371
2.154678 0.736259
2.155574 0.735815
2.15647 0.736093
2.157368 0.736593
2.158266 0.736259
2.159165 0.736037
2.160064 0.736259
2.160964 0.736815
2.161865 0.736649
2.162767 0.736649
2.16367 0.736371
2.164573 0.736259
2.165478 0.736426
2.166383 0.736593
2.167288 0.736649
2.168195 0.736482
2.169102 0.736871
2.17001 0.736649
2.170919 0.736982
2.171828 0.737149
2.172739 0.736815
2.17365 0.736815
2.174561 0.737372
2.175474 0.737761
2.176387 0.737761
2.177301 0.737816
2.178216 0.736927
2.179132 0.736537
2.180048 0.737038
2.180965 0.736982
2.181883 0.737149
2.182801 0.736871
2.183721 0.736371
2.184641 0.735815
2.185562 0.736426
2.186484 0.736704
2.187407 0.736537
2.18833 0.736593
2.189254 0.736593
2.190179 0.736537
2.191105 0.736927
2.192032 0.736593
2.192959 0.736649
2.193887 0.736593
2.194816 0.736204
2.195745 0.736204
2.196676 0.736148
2.197607 0.736204
2.198539 0.735981
2.199472 0.735592
2.200405 0.735314
2.201339 0.735203
2.202275 0.735203
2.203211 0.735258
2.204147 0.735425
2.205085 0.735314
2.206023 0.734647
2.206962 0.734202
2.207902 0.734035
2.208843 0.733813
2.209784 0.733701
2.210727 0.733423
2.21167 0.733368
2.212614 0.734035
2.213559 0.733757
2.214504 0.733868
2.215451 0.733979
2.216398 0.733813
2.217346 0.73309
2.218295 0.73309
2.219244 0.732589
2.220195 0.732589
2.221146 0.732812
2.222098 0.731978
2.223051 0.731199
2.224005 0.73081
2.224959 0.730865
2.225914 0.730532
2.226871 0.729308
2.227827 0.728419
2.228785 0.72764
2.229744 0.726417
2.230703 0.724915
2.231663 0.723914
2.232625 0.722913
2.233587 0.721467
2.234549 0.71891
2.235513 0.716185
2.236477 0.714016
2.237442 0.710957
2.238408 0.70712
2.239375 0.703561
2.240343 0.700447
2.241312 0.697945
2.242281 0.695832
2.243252 0.693496
2.244223 0.69155
2.245195 0.690883
2.246168 0.690382
2.247141 0.689659
2.248116 0.689882
2.249091 0.690771
2.250067 0.691939
2.251044 0.693385
2.252022 0.694887
2.253 0.696833
2.25398 0.699057
2.254961 0.700781
2.255942 0.702171
2.256924 0.704006
2.257907 0.70573
2.258891 0.70712
2.259876 0.708066
2.260861 0.708677
2.261847 0.709067
2.262835 0.7094
2.263823 0.71029
2.264812 0.710679
2.265802 0.710735
2.266792 0.710679
2.267784 0.710346
2.268776 0.709901
2.26977 0.709678
2.270764 0.709234
2.271759 0.708956
2.272755 0.708177
2.273752 0.707009
2.27475 0.705897
2.275748 0.705174
2.276747 0.704229
2.277748 0.702894
2.278749 0.701337
2.279751 0.699947
2.280754 0.698223
2.281758 0.696332
2.282763 0.694497
2.283768 0.69244
2.284775 0.690493
2.285782 0.688102
2.286791 0.685544
2.2878 0.683375
2.28881 0.681374
2.289821 0.679205
2.290832 0.677147
2.291845 0.675368
2.292859 0.673533
2.293873 0.671753
2.294889 0.669473
2.295905 0.667583
2.296922 0.665859
2.29794 0.663912
2.29896 0.661466
2.299979 0.65863
2.301001 0.656461
2.302022 0.653736
2.303045 0.6509
2.304068 0.648008
2.305093 0.645061
2.306118 0.642169
2.307145 0.638888
2.308172 0.635552
2.309201 0.631826
2.31023 0.627934
2.31126 0.624653
2.31229 0.621594
2.313322 0.618591
2.314355 0.615811
2.315388 0.612864
2.316423 0.610417
2.317458 0.608026
2.318495 0.605746
2.319532 0.603577
2.32057 0.60202
2.321609 0.600685
2.32265 0.599406
2.323691 0.598461
2.324733 0.597905
2.325776 0.597738
2.32682 0.598405
2.327865 0.59974
2.32891 0.601464
2.329957 0.604189
2.331005 0.607748
2.332053 0.612085
2.333103 0.616478
2.334153 0.620593
2.335205 0.624764
2.336257 0.628657
2.33731 0.632549
2.338365 0.636553
2.33942 0.640056
2.340476 0.642392
2.341533 0.644672
2.342591 0.647119
2.34365 0.648954
2.34471 0.650733
2.345771 0.652401
2.346833 0.653402
2.347896 0.654237
2.34896 0.655071
2.350024 0.655794
2.35109 0.656072
2.352157 0.656183
2.353225 0.656127
2.354293 0.656461
2.355363 0.656516
2.356434 0.65596
2.357505 0.65546
2.358577 0.655126
2.359651 0.654237
2.360726 0.65368
2.361801 0.653013
2.362878 0.651734
2.363955 0.650455
2.365033 0.648731
2.366114 0.646896
2.367194 0.644894
2.368275 0.642948
2.369358 0.641002
2.370441 0.638555
2.371525 0.63583
2.372611 0.63305
2.373697 0.630881
2.374785 0.628545
2.375873 0.626099
2.376962 0.623874
2.378052 0.621761
2.379144 0.620704
2.380236 0.619592
2.38133 0.618981
2.382424 0.61937
2.383519 0.620538
2.384615 0.622317
2.385713 0.624653
2.386811 0.627322
2.387911 0.630047
2.389011 0.633161
2.390113 0.636497
2.391215 0.639611
2.392318 0.642447
2.393423 0.645506
2.394528 0.648175
2.395635 0.650121
2.396743 0.651957
2.397851 0.653625
2.398961 0.655349
2.400071 0.656461
2.401183 0.657295
2.402296 0.657796
2.40341 0.658518
2.404524 0.659241
2.40564 0.659909
2.406757 0.66052
2.407875 0.661076
2.408994 0.661799
2.410113 0.6623
2.411234 0.663078
2.412356 0.664357
2.413479 0.665025
2.414603 0.665358
2.415729 0.666192
2.416855 0.667082
2.417982 0.667916
2.419111 0.668528
2.42024 0.669084
2.421371 0.669585
2.422502 0.669306
2.423635 0.669195
2.424768 0.66875
2.425903 0.668139
2.427038 0.667805
2.428176 0.666915
2.429314 0.66597
2.430453 0.665191
2.431592 0.664135
2.432734 0.66319
2.433876 0.662467
2.435019 0.661911
2.436163 0.661243
2.437308 0.660353
2.438454 0.659519
2.439602 0.659297
2.44075 0.658908
2.4419 0.658908
2.443051 0.659241
2.444203 0.659464
2.445355 0.659797
2.44651 0.660298
2.447665 0.660854
2.448821 0.661076
2.449978 0.661966
2.451137 0.663245
2.452296 0.663746
2.453457 0.664469
2.454618 0.665525
2.455781 0.666304
2.456945 0.667416
2.45811 0.66825
2.459276 0.668862
2.460443 0.669473
2.461612 0.670196
2.462781 0.670752
2.463952 0.67142
2.465123 0.672198
2.466296 0.672643
2.46747 0.672754
2.468645 0.67281
2.469821 0.673144
2.470998 0.673032
2.472176 0.673032
2.473356 0.673533
2.474536 0.673866
2.475718 0.673811
2.476901 0.673755
2.478085 0.674144
2.47927 0.674423
2.480456 0.6742
2.481644 0.674256
2.482832 0.674812
2.484022 0.674867
2.485213 0.674867
2.486404 0.674645
2.487597 0.674645
2.488792 0.674645
2.489987 0.674478
2.491184 0.674423
2.492381 0.674144
2.493581 0.673422
2.494781 0.673032
2.495982 0.672699
2.497184 0.672198
2.498387 0.671531
2.499592 0.671308
2.500798 0.67103
2.502005 0.670752
2.503213 0.670419
2.504422 0.669974
2.505633 0.669585
2.506844 0.670085
2.508057 0.670307
2.509271 0.670307
2.510486 0.67053
2.511703 0.670641
2.51292 0.671197
2.514138 0.671475
2.515358 0.671809
2.516579 0.672699
2.517802 0.673199
2.519025 0.673755
2.52025 0.674089
2.521476 0.674589
2.522703 0.674923
2.523931 0.675257
2.52516 0.675535
2.526391 0.675813
2.527622 0.675646
2.528856 0.675479
2.53009 0.675145
2.531325 0.674478
2.532562 0.673922
2.5338 0.673866
2.535039 0.672977
2.536279 0.672365
2.53752 0.67281
2.538763 0.67281
2.540007 0.672532
2.541252 0.671086
2.542498 0.669084
2.543746 0.669251
2.544994 0.66964
2.546244 0.66875
2.547495 0.667027
2.548748 0.666915
2.550002 0.665636
2.551256 0.664024
2.552513 0.662967
2.553771 0.664135
2.555029 0.664691
2.556289 0.664135
2.55755 0.663412
2.558813 0.661466
2.560076 0.656906
2.561341 0.65407
2.562607 0.654125
2.563875 0.654959
2.565143 0.658185
2.566413 0.661076
2.567684 0.659964
2.568957 0.656572
2.57023 0.657962
2.571505 0.659631
2.572781 0.65546
2.574058 0.657239
2.575337 0.658574
2.576617 0.657128
2.577898 0.660075
2.579181 0.66141
2.580465 0.658908
2.58175 0.658908
2.583036 0.655404
2.584324 0.656906
2.585613 0.660576
2.586903 0.659464
2.588195 0.660798
2.589488 0.663523
2.590782 0.66597
2.592077 0.663634
2.593373 0.652679
2.594671 0.645284
2.595971 0.656405
2.597271 0.665692
2.598573 0.668584
2.599876 0.667527
2.601181 0.665581
2.602487 0.664135
2.603794 0.660854
2.605102 0.657351
2.606412 0.66052
2.607723 0.663523
2.609035 0.663912
2.610349 0.66547
2.611664 0.666415
2.612981 0.665247
2.614299 0.665025
2.615618 0.659575
2.616938 0.657239
2.61826 0.661021
2.619583 0.657406
2.620907 0.658796
2.622233 0.664135
2.62356 0.664246
2.624888 0.660409
2.626217 0.654737
2.627548 0.656739
2.628881 0.653569
2.630215 0.647953
2.63155 0.65229
2.632886 0.653458
2.634224 0.652624
2.635564 0.654237
2.636904 0.653958
2.638246 0.653569
2.63959 0.653013
2.640934 0.652123
2.64228 0.652401
2.643628 0.653291
2.644976 0.652179
2.646327 0.654237
2.647678 0.657796
2.649031 0.660187
2.650386 0.660409
2.651741 0.658852
2.653098 0.660965
2.654457 0.663301
2.655817 0.66458
2.657177 0.667249
2.65854 0.66508
2.659904 0.664246
2.66127 0.66508
2.662637 0.664302
2.664005 0.656238
2.665375 0.649287
2.666745 0.648564
2.668118 0.650678
2.669492 0.640334
2.670867 0.637165
2.672244 0.641669
2.673622 0.636164
2.675002 0.622984
2.676383 0.606469
2.677765 0.590231
2.67915 0.56682
2.680535 0.540405
2.681922 0.508597
2.68331 0.476344
2.6847 0.448095
2.68609 0.422626
2.687483 0.399938
2.688877 0.38053
2.690272 0.364626
2.691669 0.351002
2.693067 0.338768
2.694467 0.333096
2.695868 0.332485
2.69727 0.334375
2.698674 0.336766
2.70008 0.340325
2.701487 0.347054
2.702896 0.356619
2.704306 0.366128
2.705717 0.376971
2.70713 0.386981
2.708544 0.3956
2.70996 0.403775
2.711378 0.415898
2.712797 0.428131
2.714217 0.434749
2.715639 0.437752
2.717062 0.436862
2.718487 0.432024
2.719913 0.424795
2.721341 0.427019
2.72277 0.426964
2.7242 0.423294
2.725633 0.425407
2.727067 0.427575
2.728502 0.428243
2.729939 0.428298
2.731377 0.429132
2.732817 0.429633
2.734258 0.429744
2.735701 0.43436
2.737146 0.437084
2.738592 0.435527
2.740039 0.437974
2.741488 0.445537
2.742939 0.45399
2.744391 0.459328
2.745844 0.463443
2.747299 0.467669
2.748756 0.471451
2.750214 0.474287
2.751674 0.476734
2.753135 0.477456
2.754598 0.474231
2.756062 0.479292
2.757528 0.487299
2.758996 0.491192
2.760465 0.492471
2.761936 0.492804
2.763408 0.496753
2.764882 0.501702
2.766357 0.503593
2.767834 0.505428
2.769313 0.506818
2.770793 0.508152
2.772275 0.511378
2.773758 0.513546
2.775243 0.51388
2.77673 0.513658
2.778218 0.514381
2.779707 0.514214
2.781199 0.514158
2.782691 0.515437
2.784185 0.516661
2.785681 0.515548
2.787179 0.516271
2.788678 0.520331
2.790179 0.523723
2.791682 0.525502
2.793186 0.527282
2.794692 0.529173
2.7962 0.530785
2.797709 0.532064
2.799219 0.532954
2.800731 0.53212
2.802245 0.52984
2.803761 0.530841
2.805278 0.533621
2.806797 0.535067
2.808318 0.535846
2.80984 0.536847
2.811363 0.537792
2.812889 0.538126
2.814416 0.538237
2.815945 0.539071
2.817475 0.539683
2.819007 0.539571
2.82054 0.54035
2.822076 0.541685
2.823613 0.542908
2.825152 0.543631
2.826692 0.54402
2.828234 0.544743
2.829778 0.545855
2.831324 0.5463
2.832871 0.546356
2.83442 0.546745
2.835971 0.547523
2.837523 0.548191
2.839077 0.549136
2.840632 0.54997
2.84219 0.550526
2.843749 0.551082
2.84531 0.55136
2.846872 0.55136
2.848437 0.551472
2.850003 0.55225
2.85157 0.552806
2.85314 0.552528
2.854711 0.552751
2.856283 0.55364
2.857857 0.554196
2.859434 0.554141
2.861012 0.554363
2.862592 0.554641
2.864173 0.554753
2.865757 0.554474
2.867342 0.554474
2.868929 0.554808
2.870517 0.554753
2.872108 0.554641
2.873699 0.554975
2.875293 0.555253
2.876889 0.555142
2.878486 0.555142
2.880085 0.555197
2.881686 0.555309
2.883289 0.555531
2.884893 0.55542
2.886499 0.555364
2.888107 0.55542
2.889717 0.555587
2.891329 0.55542
2.892942 0.555309
2.894558 0.555309
2.896175 0.555197
2.897794 0.555142
2.899415 0.554753
2.901037 0.554641
2.902662 0.555031
2.904288 0.554808
2.905916 0.554808
2.907546 0.555197
2.909178 0.555197
2.910811 0.555253
2.912446 0.55542
2.914083 0.55542
2.915722 0.555531
2.917363 0.555587
2.919006 0.555865
2.92065 0.556032
2.922296 0.55592
2.923944 0.556087
2.925594 0.556476
2.927246 0.556532
2.9289 0.55681
2.930556 0.557144
2.932213 0.557366
2.933873 0.557589
2.935534 0.557922
2.937198 0.558089
2.938863 0.558256
2.94053 0.558478
2.942199 0.558478
2.943869 0.558756
2.945542 0.558979
2.947217 0.55909
2.948893 0.559535
2.950572 0.559869
2.952252 0.560091
2.953934 0.560258
2.955618 0.560703
2.957304 0.561036
2.958992 0.56137
2.960681 0.561815
2.962373 0.561982
2.964067 0.562315
2.965763 0.562705
2.96746 0.562983
2.96916 0.563261
2.970861 0.563261
2.972565 0.563594
2.974271 0.563928
2.975978 0.564206
2.977687 0.564595
2.979398 0.564818
2.981112 0.564873
2.982827 0.565318
2.984544 0.565541
2.986264 0.565708
2.987985 0.56593
2.989709 0.566152
2.991434 0.566375
2.993161 0.566542
2.99489 0.566486
2.996621 0.566931
2.998354 0.567209
3.000089 0.567431
3.001826 0.567543
3.003565 0.567543
3.005306 0.567987
3.00705 0.568377
3.008795 0.568655
3.010542 0.568933
3.012291 0.569266
3.014043 0.569544
3.015796 0.569878
3.017552 0.570156
3.019309 0.57049
3.021069 0.570879
3.02283 0.57099
3.024594 0.57138
3.02636 0.571769
3.028127 0.572158
3.029897 0.572436
3.031669 0.572659
3.033443 0.572881
3.035219 0.573048
3.036998 0.57327
3.038778 0.573381
3.04056 0.573604
3.042344 0.573826
3.04413 0.574049
3.045919 0.574216
3.047709 0.574438
3.049502 0.574716
3.051297 0.574883
3.053094 0.574938
3.054893 0.575217
3.056694 0.575606
3.058498 0.575773
3.060303 0.575939
3.062111 0.576106
3.063921 0.576329
3.065733 0.576551
3.067547 0.576774
3.069363 0.576996
3.071181 0.576885
3.073001 0.57694
3.074824 0.577218
3.076649 0.576996
3.078476 0.576996
3.080305 0.576829
3.082136 0.57644
3.08397 0.576051
3.085805 0.575884
3.087644 0.575661
3.089484 0.575439
3.091326 0.575105
3.093171 0.574938
3.095017 0.57466
3.096866 0.574438
3.098717 0.574494
3.10057 0.574494
3.102426 0.574438
3.104284 0.574549
3.106144 0.574938
3.108006 0.575272
3.109871 0.575495
3.111737 0.575828
3.113606 0.576496
3.115477 0.577052
3.11735 0.577663
3.119226 0.578497
3.121104 0.579165
3.122984 0.579832
3.124866 0.580666
3.126751 0.5815
3.128638 0.582501
3.130527 0.583391
3.132419 0.584003
3.134313 0.584781
3.136209 0.585615
3.138108 0.586394
3.140008 0.587061
3.141912 0.587784
3.143817 0.588563
3.145725 0.589174
3.147635 0.589786
3.149547 0.59062
3.151462 0.591565
3.153378 0.592233
3.155298 0.592678
3.157219 0.593289
3.159143 0.59379
3.16107 0.594346
3.162998 0.594902
3.164929 0.595402
3.166862 0.595736
3.168798 0.59607
3.170736 0.596403
3.172677 0.596737
3.174619 0.59696
3.176565 0.597015
3.178513 0.59696
3.180463 0.596904
3.182415 0.596904
3.18437 0.596793
3.186327 0.596515
3.188287 0.596292
3.190248 0.595847
3.192213 0.595236
3.19418 0.594958
3.196149 0.594624
3.198121 0.59429
3.200095 0.593901
3.202072 0.593456
3.204051 0.593067
3.206032 0.5929
3.208016 0.592789
3.210002 0.592566
3.211991 0.592678
3.213982 0.592678
3.215976 0.592789
3.217972 0.5929
3.219971 0.593178
3.221972 0.593512
3.223976 0.593901
3.225982 0.594402
3.227991 0.595069
3.230002 0.595736
3.232016 0.596348
3.234032 0.597126
3.236051 0.597794
3.238072 0.598461
3.240096 0.59924
3.242123 0.600018
3.244152 0.600908
3.246183 0.601909
3.248217 0.602854
3.250253 0.603633
3.252293 0.604411
3.254334 0.605412
3.256378 0.606469
3.258425 0.60747
3.260474 0.608359
3.262526 0.609138
3.26458 0.609972
3.266638 0.610973
3.268697 0.611751
3.27076 0.61253
3.272825 0.61342
3.274892 0.614476
3.276962 0.615366
3.279035 0.616256
3.28111 0.616979
3.283188 0.617924
3.285269 0.618981
3.287352 0.61987
3.289438 0.620649
3.291526 0.621483
3.293617 0.622373
3.295711 0.623207
3.297807 0.623763
3.299906 0.624708
3.302008 0.625654
3.304113 0.626321
3.30622 0.627211
3.30833 0.628212
3.310443 0.62899
3.312558 0.629824
3.314676 0.630658
3.316797 0.631159
3.31892 0.631659
3.321046 0.632215
3.323175 0.632772
3.325307 0.633272
3.327442 0.633773
3.329579 0.634217
3.331719 0.634718
3.333861 0.635274
3.336007 0.635774
3.338155 0.636219
3.340306 0.636497
3.342458 0.636831
3.344615 0.637276
3.346774 0.637331
3.348936 0.637276
3.351101 0.637276
3.353268 0.63722
3.355439 0.637053
3.357612 0.636831
3.359789 0.636442
3.361968 0.636108
3.364149 0.635719
3.366334 0.635274
3.368521 0.63494
3.370711 0.634607
3.372904 0.634217
3.3751 0.634106
3.3773 0.634106
3.379501 0.634273
3.381706 0.634607
3.383913 0.635051
3.386123 0.63533
3.388336 0.635719
3.390553 0.635774
3.392771 0.635608
3.394992 0.63533
3.397217 0.634718
3.399445 0.634106
3.401675 0.633383
3.403909 0.632327
3.406146 0.63127
3.408385 0.63038
3.410627 0.629657
3.412873 0.629046
3.415121 0.62899
3.417372 0.629435
3.419626 0.63038
3.421884 0.631826
3.424144 0.633494
3.426407 0.635441
3.428673 0.63761
3.430943 0.639445
3.433215 0.641113
3.43549 0.642447
3.437768 0.643615
3.440049 0.644561
3.442333 0.645562
3.444621 0.64634
3.446911 0.647063
3.449204 0.64773
3.4515 0.648453
3.4538 0.649065
3.456102 0.649677
3.458408 0.650066
3.460716 0.650344
3.463028 0.650622
3.465343 0.650622
3.467662 0.650566
3.469983 0.650455
3.472307 0.650344
3.474634 0.650177
3.476965 0.65001
3.479298 0.650121
3.481635 0.650121
3.483975 0.65001
3.486317 0.649899
3.488663 0.649677
3.491012 0.649287
3.493365 0.648676
3.49572 0.647897
3.498079 0.647285
3.500441 0.646952
3.502806 0.647063
3.505175 0.647897
3.507547 0.649232
3.509921 0.650844
3.512299 0.652624
3.514681 0.654125
3.517065 0.655404
3.519453 0.65685
3.521844 0.657962
3.524238 0.658852
3.526636 0.659686
3.529036 0.660576
3.53144 0.661132
3.533848 0.661688
3.536258 0.662077
3.538672 0.662411
3.541089 0.6628
3.543509 0.663134
3.545932 0.663412
3.548359 0.663801
3.55079 0.664135
3.553223 0.664357
3.55566 0.664524
3.558101 0.664802
3.560545 0.664969
3.562992 0.66508
3.565443 0.66508
3.567896 0.665247
3.570354 0.665358
3.572814 0.66547
3.575278 0.665525
3.577746 0.665692
3.580216 0.665803
3.582691 0.665859
3.585169 0.665914
3.58765 0.66597
3.590135 0.666081
3.592623 0.666192
3.595114 0.666248
3.597609 0.666415
3.600107 0.666526
3.602608 0.666582
3.605114 0.666582
3.607622 0.666637
3.610135 0.666637
3.61265 0.666693
3.61517 0.666693
3.617692 0.666693
3.620219 0.666637
3.622749 0.666693
3.625283 0.666748
3.627819 0.66686
3.63036 0.666748
3.632904 0.666693
3.635452 0.666582
3.638003 0.666637
3.640558 0.66647
3.643116 0.666248
3.645679 0.666026
3.648244 0.665859
3.650813 0.665636
3.653386 0.665358
3.655962 0.665358
3.658543 0.665581
3.661126 0.665748
3.663713 0.665859
3.666304 0.666026
3.668898 0.666137
3.671497 0.666192
3.674099 0.666359
3.676705 0.666526
3.679314 0.666804
3.681927 0.66686
3.684544 0.66686
3.687165 0.66686
3.689789 0.667027
3.692417 0.667027
3.695049 0.667027
3.697685 0.667027
3.700324 0.66686
3.702967 0.66686
3.705615 0.666971
3.708265 0.667193
3.71092 0.667249
3.713578 0.667471
3.71624 0.667583
3.718906 0.667583
3.721576 0.667471
3.724249 0.667471
3.726926 0.667694
3.729607 0.667749
3.732292 0.667638
3.734981 0.667638
3.737674 0.667694
3.740371 0.667916
3.743071 0.667916
3.745776 0.667972
3.748485 0.668083
3.751197 0.668194
3.753913 0.66825
3.756634 0.668361
3.759358 0.668306
3.762086 0.668139
3.764818 0.668083
3.767554 0.668139
3.770293 0.668083
3.773037 0.668139
3.775785 0.668028
3.778537 0.667972
3.781293 0.667861
3.784053 0.667861
3.786817 0.667916
3.789586 0.667805
3.792358 0.667694
3.795134 0.667583
3.797915 0.667416
3.800699 0.66736
3.803488 0.667305
3.80628 0.667082
3.809077 0.666971
3.811877 0.666971
3.814683 0.666915
3.817492 0.666804
3.820305 0.666582
3.823123 0.666415
3.825944 0.666137
3.82877 0.665914
3.8316 0.665692
3.834434 0.665581
3.837271 0.665414
3.840113 0.665191
3.84296 0.664913
3.845811 0.664691
3.848666 0.664413
3.851525 0.66419
3.854389 0.663857
3.857257 0.663634
3.86013 0.663579
3.863006 0.663301
3.865887 0.6628
3.868772 0.662578
3.871661 0.6623
3.874554 0.662022
3.877452 0.661744
3.880355 0.66141
3.883262 0.661076
3.886173 0.660854
3.889088 0.660465
3.892008 0.66002
3.894932 0.659631
3.897861 0.659186
3.900793 0.658908
3.903731 0.658574
3.906672 0.658129
3.909618 0.65774
3.912569 0.657406
3.915524 0.656961
3.918483 0.656516
3.921447 0.656127
3.924416 0.655738
3.927389 0.655293
3.930367 0.654793
3.933349 0.654403
3.936336 0.654014
3.939327 0.653514
3.942322 0.652957
3.945323 0.652513
3.948327 0.652012
3.951337 0.651567
3.954351 0.651067
3.95737 0.650566
3.960393 0.650233
3.963421 0.649843
3.966453 0.64951
3.96949 0.649009
3.972532 0.64862
3.975579 0.648342
3.978629 0.647897
3.981685 0.647619
3.984745 0.647452
3.98781 0.647285
3.99088 0.647063
3.993955 0.646841
3.997034 0.646729
4.000118 0.646451
4.003208 0.646229
4.006302 0.646006
4.0094 0.64584
4.012504 0.645617
4.015612 0.645395
4.018724 0.645284
4.021842 0.64495
4.024965 0.644672
4.028091 0.644394
4.031223 0.644116
4.03436 0.643838
4.037502 0.64356
4.040649 0.643282
4.043801 0.643059
4.046958 0.642726
4.050119 0.642559
4.053287 0.642336
4.056458 0.642058
4.059635 0.64178
4.062816 0.641558
4.066003 0.641335
4.069194 0.640946
4.072391 0.640557
4.075593 0.640334
4.078799 0.640056
4.082011 0.639778
4.085227 0.639556
4.088449 0.639333
4.091676 0.639
4.094908 0.638722
4.098145 0.638444
4.101388 0.638166
4.104634 0.637943
4.107887 0.637665
4.111144 0.637387
4.114407 0.637276
4.117675 0.637053
4.120948 0.636775
4.124227 0.636664
4.12751 0.636442
4.130799 0.636108
4.134094 0.635886
4.137393 0.635719
4.140697 0.635608
4.144008 0.635441
4.147323 0.635274
4.150643 0.634885
4.153969 0.634718
4.157301 0.634607
4.160638 0.634495
4.16398 0.634217
4.167327 0.634051
4.17068 0.634051
4.174038 0.633884
4.177401 0.633606
4.18077 0.633383
4.184143 0.633161
4.187523 0.632883
4.190908 0.632327
4.194299 0.631214
4.197695 0.629435
4.201097 0.626766
4.204504 0.623207
4.207917 0.618869
4.211336 0.614309
4.214759 0.609694
4.218189 0.605356
4.221624 0.601464
4.225064 0.598405
4.22851 0.596237
4.231962 0.594791
4.23542 0.594402
4.238883 0.595013
4.242352 0.596904
4.245827 0.60024
4.249307 0.605468
4.252793 0.612363
4.256284 0.616756
4.259782 0.613309
4.263285 0.607192
4.266792 0.603744
4.270307 0.602131
4.273828 0.601575
4.277354 0.601686
4.280886 0.602076
4.284424 0.602465
4.287968 0.602798
4.291517 0.603688
4.295074 0.60519
4.298635 0.606691
4.302202 0.607915
4.305776 0.609527
4.309355 0.611418
4.31294 0.613475
4.316531 0.615422
4.320128 0.61709
4.323732 0.618591
4.327342 0.619982
4.330956 0.621261
4.334578 0.622428
4.338205 0.623262
4.341838 0.623763
4.345478 0.624152
4.349123 0.624597
4.352774 0.625042
4.356431 0.625264
4.360096 0.625487
4.363765 0.625709
4.367442 0.625709
4.371124 0.625876
4.374813 0.626043
4.378508 0.625987
4.38221 0.625876
4.385918 0.625654
4.389631 0.625431
4.393351 0.62532
4.397078 0.625153
4.40081 0.625098
4.404549 0.62482
4.408295 0.624653
4.412045 0.62443
4.415803 0.624208
4.419568 0.624097
4.423338 0.624041
4.427116 0.623874
4.4309 0.623652
4.43469 0.623541
4.438487 0.623318
4.442291 0.623096
4.446101 0.622929
4.449917 0.622706
4.45374 0.622373
4.45757 0.622206
4.461406 0.621928
4.465249 0.621594
4.469098 0.621316
4.472954 0.621094
4.476817 0.620704
4.480686 0.62026
4.484562 0.619926
4.488445 0.619481
4.492334 0.618925
4.496231 0.61848
4.500134 0.61798
4.504043 0.617535
4.507959 0.616979
4.511883 0.616256
4.515813 0.615422
4.51975 0.614476
4.523694 0.613587
4.527645 0.612586
4.531602 0.611585
4.535568 0.610417
4.539539 0.609138
4.543518 0.607748
4.547503 0.606302
4.551496 0.604745
4.555496 0.603077
4.559502 0.601408
4.563516 0.599796
4.567537 0.598016
4.571565 0.596125
4.5756 0.594235
4.579642 0.592344
4.583691 0.590286
4.587747 0.588285
4.591811 0.586116
4.595881 0.584058
4.599958 0.581945
4.604044 0.579888
4.608136 0.57783
4.612236 0.575717
4.616343 0.573548
4.620458 0.571324
4.624579 0.569266
4.628708 0.567153
4.632845 0.56504
4.636989 0.562871
4.64114 0.560703
4.645299 0.558701
4.649466 0.556476
4.653639 0.554308
4.65782 0.552195
4.662009 0.550248
4.666206 0.548358
4.67041 0.546411
4.674621 0.544576
4.67884 0.542685
4.683066 0.54085
4.687301 0.539071
4.691543 0.537291
4.695792 0.535568
4.700048 0.533732
4.704313 0.531953
4.708586 0.530118
4.712867 0.528338
4.717155 0.526281
4.721451 0.524168
4.725755 0.522055
4.730067 0.519941
4.734388 0.517662
4.738715 0.515326
4.743051 0.513046
4.747394 0.51071
4.751746 0.508486
4.756105 0.506317
4.760472 0.504204
4.764848 0.502035
4.769232 0.499867
4.773623 0.49792
4.778023 0.495974
4.782431 0.494139
4.786847 0.492471
4.791271 0.490802
4.795703 0.489245
4.800144 0.487633
4.804591 0.48602
4.809048 0.48463
4.813513 0.483184
4.817986 0.48185
4.822468 0.480459
4.826958 0.47918
4.831457 0.477901
4.835964 0.476622
4.84048 0.475399
4.845004 0.474342
4.849536 0.47323
4.854077 0.472174
4.858626 0.471228
4.863184 0.470338
4.867751 0.469338
4.872326 0.468503
4.876908 0.467836
4.8815 0.467113
4.886101 0.466557
4.89071 0.466112
4.895329 0.465723
4.899956 0.465612
4.904591 0.465723
4.909236 0.465834
4.91389 0.466001
4.918552 0.466112
4.923223 0.466223
4.927903 0.466557
4.932591 0.46678
4.937289 0.467058
4.941996 0.467224
4.946712 0.467169
4.951437 0.467002
4.956171 0.466724
4.960914 0.466557
4.965665 0.466279
4.970426 0.465779
4.975196 0.465223
4.979976 0.464611
4.984764 0.464055
4.989561 0.463554
4.994367 0.462998
4.999184 0.462386
5.004009 0.461775
5.008844 0.46133
5.013688 0.460774
5.018541 0.460273
5.023404 0.46044
5.028277 0.460663
5.033159 0.460774
5.038051 0.460829
5.042951 0.460996
5.047862 0.461274
5.052782 0.461608
5.057711 0.461942
5.06265 0.462331
5.0676 0.462831
5.072558 0.463499
5.077527 0.463721
5.082504 0.463944
5.087492 0.464833
5.09249 0.465779
5.097497 0.46639
5.102514 0.467002
5.10754 0.467614
5.112577 0.468114
5.117624 0.468726
5.122681 0.469449
5.127748 0.469949
5.132825 0.470338
5.137912 0.470561
5.143009 0.470394
5.148117 0.470505
5.153234 0.471506
5.158362 0.472062
5.1635 0.472229
5.168648 0.472285
5.173806 0.472229
5.178975 0.472229
5.184154 0.472229
5.189344 0.472062
5.194544 0.471506
5.199754 0.470895
5.204975 0.470839
5.210206 0.46956
5.215447 0.469171
5.2207 0.469949
5.225963 0.469616
5.231235 0.46867
5.236519 0.467781
5.241814 0.467336
5.247119 0.466613
5.252435 0.465779
5.257762 0.464666
5.2631 0.463332
5.268449 0.461664
5.273809 0.459606
5.27918 0.45766
5.284561 0.455324
5.289953 0.451876
5.295357 0.449263
5.300771 0.446705
5.306197 0.443313
5.311634 0.439754
5.31708 0.436028
5.322538 0.43208
5.328009 0.427965
5.33349 0.423905
5.338983 0.419623
5.344487 0.414285
5.350003 0.409169
5.355529 0.406333
5.361069 0.403608
5.366619 0.399938
5.37218 0.39599
5.377753 0.392153
5.383337 0.388482
5.388933 0.384924
5.394541 0.381253
5.40016 0.377861
5.405792 0.374302
5.411435 0.370632
5.417089 0.365627
5.422756 0.361679
5.428434 0.36129
5.434124 0.359677
5.439826 0.356841
5.44554 0.354394
5.451264 0.352448
5.457003 0.349668
5.462753 0.34622
5.468515 0.345052
5.47429 0.343829
5.480077 0.342216
5.485876 0.34166
5.491687 0.340659
5.497512 0.339491
5.503348 0.338157
5.509196 0.337156
5.515058 0.335654
5.520931 0.334208
5.526816 0.333152
5.532715 0.33254
5.538626 0.331484
5.544551 0.329871
5.550487 0.327925
5.556436 0.327035
5.562398 0.326479
5.568373 0.325144
5.57436 0.32203
5.58036 0.320584
5.586374 0.321585
5.592398 0.321363
5.598437 0.319472
5.604489 0.318137
5.610555 0.316803
5.616633 0.315301
5.622725 0.314245
5.62883 0.31241
5.634949 0.308906
5.641082 0.305459
5.647227 0.305681
5.653385 0.305236
5.659557 0.304791
5.665742 0.30418
5.671941 0.301677
5.678154 0.300676
5.68438 0.30051
5.69062 0.299119
5.696874 0.299064
5.703141 0.297451
5.709422 0.294782
5.715717 0.294893
5.722026 0.295338
5.728348 0.295449
5.734685 0.294726
5.741033 0.293558
5.747398 0.292224
5.753777 0.292724
5.76017 0.289054
5.766577 0.285773
5.772999 0.288776
5.779435 0.289944
5.785885 0.289833
5.792351 0.289499
5.798831 0.288442
5.805324 0.287831
5.811832 0.285662
5.818355 0.281324
5.824893 0.280824
5.831445 0.282993
5.838012 0.284383
5.844594 0.284661
5.851191 0.28366
5.857803 0.282047
5.864429 0.281158
5.871071 0.280435
5.877727 0.275041
5.884399 0.275819
5.891086 0.276987
5.897785 0.27682
5.904502 0.280657
5.911235 0.281158
5.917983 0.280268
5.924747 0.279045
5.931525 0.274485
5.93832 0.272872
5.94513 0.27682
5.951957 0.27771
5.958798 0.276987
5.965655 0.273762
5.972528 0.273484
5.979417 0.27315
5.986322 0.27037
5.993242 0.270147
6.000179 0.271148
6.00713 0.269146
6.014098 0.266977
6.021083 0.267144
6.028085 0.266588
6.035102 0.264197
6.042136 0.257413
6.049186 0.252853
6.056253 0.258469
6.063337 0.259359
6.070437 0.256245
6.077554 0.257023
6.084687 0.259137
6.091837 0.258859
6.099004 0.257858
6.106188 0.254855
6.113389 0.252742
6.120608 0.255856
6.127842 0.258024
6.135094 0.257691
6.142364 0.257691
6.14965 0.258247
6.156953 0.257913
6.164274 0.259526
6.171613 0.261472
6.178967 0.260082
6.18634 0.260249
6.193731 0.264475
6.201139 0.266644
6.208566 0.267756
6.216011 0.268868
6.223473 0.270481
6.230953 0.271815
6.238452 0.27315
6.245968 0.27454
6.253502 0.275986
6.261055 0.277321
6.268626 0.278766
6.276215 0.280324
6.283823 0.281936
6.291449 0.283326
6.299095 0.285106
6.306758 0.286719
6.31444 0.288498
6.32214 0.290166
6.32986 0.291501
6.337598 0.289833
6.345355 0.290389
6.353131 0.29595
6.360924 0.297896
6.368739 0.297673
6.376572 0.300843
6.384425 0.303679
6.392297 0.305514
6.400189 0.305403
6.4081 0.299675
6.416031 0.300065
6.423983 0.308183
6.431953 0.312076
6.439943 0.315579
6.447953 0.317693
6.455982 0.319694
6.464032 0.320807
6.472102 0.319917
6.480192 0.318527
6.488305 0.315913
6.496436 0.318304
6.504587 0.325533
6.512758 0.326979
6.52095 0.326256
6.529163 0.328981
6.537397 0.329704
6.545651 0.328369
6.553923 0.327424
6.562219 0.326201
6.570536 0.323142
6.578875 0.324977
6.587234 0.32609
6.595614 0.326423
6.604017 0.327424
6.61244 0.326534
6.620886 0.324866
6.629353 0.319472
6.637841 0.316358
6.646351 0.321696
6.654883 0.324588
6.663437 0.32292
6.672013 0.320195
6.680611 0.31836
6.689233 0.319861
6.697875 0.319973
6.70654 0.317025
6.715228 0.315969
6.723937 0.316525
6.73267 0.317025
6.741425 0.316525
6.750203 0.315246
6.759001 0.3143
6.767824 0.311798
6.776671 0.309129
6.785541 0.305848
6.794435 0.305625
6.803351 0.307516
6.812291 0.306348
6.821255 0.303123
6.830244 0.301955
6.839254 0.3019
6.848289 0.298396
6.857347 0.292224
6.86643 0.290778
6.875537 0.293948
6.884668 0.293503
6.893823 0.291612
6.902999 0.288887
6.912203 0.287553
6.921432 0.286385
6.930685 0.284661
6.939963 0.282548
6.949265 0.278933
6.958593 0.27454
6.967947 0.274485
6.977327 0.273817
6.98673 0.271204
6.996159 0.268924
7.005613 0.267255
7.015093 0.264531
7.024599 0.262139
7.03413 0.258914
7.043687 0.254632
7.053272 0.253687
7.062882 0.253186
7.072517 0.251351
7.082179 0.249349
7.091867 0.247348
7.101583 0.245234
7.111324 0.242565
7.121092 0.240452
7.130883 0.238728
7.140706 0.235892
7.150555 0.23339
7.160431 0.231221
7.170335 0.228885
7.180266 0.227829
7.190225 0.226049
7.200211 0.223158
7.210228 0.220878
7.22027 0.219599
7.23034 0.21743
7.240438 0.215261
7.250565 0.21287
7.26072 0.210646
7.270903 0.207921
7.281115 0.205808
7.291358 0.203917
7.301627 0.201804
7.311926 0.199635
7.322253 0.197578
7.33261 0.194742
7.342996 0.192629
7.353412 0.190905
7.363857 0.189125
7.374328 0.186901
7.384833 0.18501
7.395367 0.183064
7.405932 0.181173
7.416527 0.179227
7.427153 0.177447
7.437809 0.175557
7.448495 0.173722
7.459215 0.171553
7.469963 0.169829
7.480742 0.168161
7.491552 0.166492
7.502394 0.164657
7.513267 0.162822
7.524172 0.160876
7.535108 0.15893
7.546078 0.156817
7.557078 0.154815
7.56811 0.152757
7.579175 0.150588
7.590272 0.14842
7.601401 0.146473
7.612564 0.144416
7.623759 0.142525
7.634982 0.140468
7.646243 0.138688
7.657537 0.136742
7.668865 0.13474
7.680227 0.132794
7.691622 0.130959
7.703051 0.129012
7.714513 0.127066
7.726013 0.125008
7.737544 0.123118
7.74911 0.121005
7.76071 0.118947
7.772346 0.11689
7.784016 0.115054
7.795721 0.112886
7.807461 0.110773
7.819234 0.108604
7.831045 0.106602
7.842893 0.104433
7.854775 0.102264
7.866695 0.099929
7.87865 0.09776
7.890642 0.095536
7.90267 0.093423
7.914737 0.091143
7.926839 0.088918
7.938978 0.086583
7.951155 0.084247
7.963368 0.081912
7.97562 0.079687
7.987909 0.077241
8.000236 0.074905
8.012604 0.072458
8.025007 0.070067
8.03745 0.06762
8.04993 0.065285
8.062449 0.062838
8.075007 0.060447
8.087605 0.058
8.100242 0.055664
8.112914 0.053273
8.12563 0.050882
8.138387 0.048268
8.151183 0.045766
8.16402 0.04343
8.176896 0.041095
8.189815 0.038704
8.202773 0.036535
8.215774 0.034311
8.228815 0.032197
8.241898 0.029973
8.255021 0.027804
8.268188 0.025636
8.281395 0.023801
8.294645 0.022021
8.307939 0.020297
8.321277 0.018518
8.334655 0.017072
8.348077 0.01557
8.361541 0.014403
8.37505 0.013179
8.388601 0.01229
8.402197 0.011567
8.415837 0.010955
8.429516 0.010454
8.443245 0.010288
8.457019 0.010176
8.470837 0.010288
8.484701 0.010788
8.49861 0.011733
8.512566 0.012734
8.526567 0.014069
8.540616 0.015459
8.554709 0.01735
8.56885 0.019574
8.583036 0.022633
8.59727 0.025969
8.611551 0.029806
8.62588 0.034088
8.640257 0.039149
8.654684 0.044709
8.669156 0.051327
8.683678 0.05889
8.698248 0.06712
8.712867 0.075906
8.727534 0.085971
8.742252 0.096982
8.75702 0.108882
8.771832 0.121561
8.786699 0.135463
8.801618 0.150477
8.816586 0.166659
8.831606 0.183676
8.846677 0.201637
8.861799 0.220099
8.876974 0.239229
8.892203 0.25897
8.907482 0.279156
8.922813 0.29962
8.938197 0.320751
8.953634 0.341882
8.969126 0.363014
8.98467 0.383589
9.000268 0.403219
9.015924 0.421848
9.031631 0.439086
9.047393 0.455769
9.06321 0.472285
9.079082 0.488634
9.095011 0.504927
9.110995 0.520831
9.127035 0.535957
9.143127 0.54997
9.159282 0.562149
9.175492 0.571936
9.191761 0.579109
9.208088 0.583613
9.224472 0.585337
9.240915 0.585337
9.257417 0.583502
9.27398 0.580611
9.290601 0.577107
9.307281 0.573715
9.32402 0.570156
9.34082 0.56682
9.35768 0.56415
9.374602 0.562204
9.391585 0.56087
9.408624 0.560202
9.42573 0.560147
9.442899 0.560814
9.460131 0.562204
9.477425 0.563817
9.494783 0.565374
9.512204 0.567209
9.52969 0.569711
9.547244 0.573381
9.564858 0.578164
9.582539 0.584781
9.600284 0.593567
9.618095 0.604411
9.635973 0.617146
9.653916 0.631771
9.671927 0.647063
9.690009 0.662244
9.708156 0.676869
9.72637 0.691161
9.744653 0.704173
9.763004 0.715406
9.781425 0.723469
9.799915 0.726305
9.818476 0.721634
9.837101 0.709122
9.855803 0.689715
9.874576 0.665859
9.89342 0.638944
9.912336 0.610528
9.931326 0.582279
9.950388 0.555142
9.969523 0.529228
9.988736 0.504927
10.008019 0.482183
10.027377 0.460996
10.04681 0.440977
10.066319 0.422904
10.085902 0.406778
10.105563 0.392431
10.1253 0.380252
10.145119 0.370966
10.165011 0.364404
10.184982 0.3604
10.205031 0.358398
10.22516 0.357675
10.245367 0.357675
10.265656 0.35723
10.286023 0.355896
10.306466 0.353338
10.326997 0.349223
10.34761 0.343884
10.368304 0.337545
10.389083 0.329982
10.409945 0.321696
10.43089 0.312855
10.45192 0.304013
10.473039 0.295227
10.49424 0.286496
10.515526 0.278099
10.536899 0.270147
10.558359 0.262251
10.579906 0.254521
10.601542 0.247236
10.623267 0.240786
10.645084 0.235114
10.666988 0.230443
10.688982 0.226383
10.711066 0.222824
10.733243 0.219877
10.755511 0.21743
10.777872 0.21515
10.800325 0.213204
10.822865 0.211702
10.845508 0.210646
10.868244 0.2097
10.891077 0.209033
10.914005 0.208366
10.937031 0.208143
10.960154 0.20831
10.983374 0.208588
11.006698 0.209367
11.030116 0.210479
11.053635 0.21198
11.077253 0.214483
11.100973 0.217319
11.124795 0.220544
11.14872 0.224381
11.172747 0.228719
11.196871 0.232834
11.221107 0.23706
11.245447 0.241231
11.269894 0.2444
11.294447 0.246513
11.319107 0.248293
11.343875 0.249461
11.368752 0.250017
11.393744 0.250406
11.418839 0.250684
11.444047 0.250684
11.469365 0.251018
11.494797 0.251463
11.52034 0.251741
11.545999 0.251741
11.571771 0.251518
11.597663 0.250795
11.623667 0.249906
11.649787 0.24896
11.676025 0.247626
11.702382 0.246402
11.728858 0.245624
11.755454 0.244845
11.782171 0.243844
11.809002 0.242788
11.835962 0.241342
11.863048 0.239062
11.890256 0.236003
11.91759 0.232111
11.94505 0.227273
11.972636 0.221434
12.000351 0.214928
12.028198 0.207309
12.056171 0.198857
12.084274 0.189959
12.112508 0.180784
12.140875 0.171608
12.169374 0.163045
12.198009 0.15576
12.226777 0.149476
12.255688 0.14436
12.28473 0.140634
12.31391 0.137465
12.343228 0.134962
12.372687 0.13296
12.402287 0.131181
12.432029 0.129735
12.461913 0.128289
12.491931 0.126899
12.522105 0.125898
12.552425 0.12512
12.582892 0.124508
12.613507 0.123785
12.644272 0.122784
12.675187 0.121116
12.706254 0.118669
12.737479 0.11511
12.768852 0.110939
12.80038 0.106157
12.832064 0.101319
12.863906 0.097204
12.895905 0.093979
12.928064 0.091588
12.960384 0.089586
12.992874 0.087473
13.025519 0.085471
13.05833 0.083413
13.091305 0.081356
13.124448 0.079409
13.157759 0.077519
13.191238 0.075405
13.22489 0.073125
13.258701 0.070456
13.292698 0.068343
13.326869 0.065841
13.361217 0.063616
13.395742 0.06167
13.430446 0.060002
13.46533 0.058778
13.500397 0.058667
13.535651 0.059168
13.571085 0.060169
13.606705 0.061726
13.642511 0.063728
13.678508 0.065618
13.714694 0.067509
13.751073 0.069233
13.787644 0.071124
13.82442 0.071902
13.861383 0.072125
13.898545 0.071902
13.935907 0.071958
13.97347 0.071958
14.011236 0.072347
14.049208 0.072959
14.087384 0.073904
14.125755 0.074182
14.16435 0.073793
14.203156 0.073125
14.242176 0.072347
14.281411 0.071068
14.320862 0.069567
14.360532 0.067453
14.400422 0.065729
14.440542 0.064617
14.48088 0.06345
14.521442 0.061837
14.562233 0.060502
14.603253 0.059557
14.644506 0.058945
14.685991 0.058111
14.727713 0.057444
14.76966 0.05661
14.811859 0.056109
14.8543 0.055553
14.896984 0.054775
14.939916 0.053329
14.983094 0.053384
15.026524 0.05483
15.070205 0.055776
15.11415 0.05622
15.158343 0.056888
15.202796 0.057388
15.24751 0.057944
15.292488 0.058
15.337732 0.058
15.383245 0.057555
15.429028 0.05661
15.475092 0.055942
15.521424 0.055442
15.568036 0.05433
15.614927 0.053662
15.662103 0.053162
15.709563 0.052939
15.757313 0.05255
15.805353 0.05205
15.853672 0.052105
15.902304 0.052606
15.951234 0.052661
16.000465 0.053162
16.050003 0.053551
16.099848 0.054107
16.150003 0.054608
16.200472 0.055164
16.251265 0.056276
16.30237 0.057333
16.353796 0.057722
16.405548 0.058723
16.45763 0.060057
16.510042 0.061003
16.56279 0.06078
16.615877 0.061114
16.669313 0.06167
16.723085 0.062115
16.777206 0.062393
16.831676 0.062727
16.886503 0.063227
16.941689 0.065007
16.997234 0.067398
17.053146 0.071124
17.109409 0.076462
17.166063 0.085081
17.223093 0.098094
17.280504 0.116222
17.338299 0.138688
17.396481 0.166771
17.455055 0.200914
17.514025 0.240063
17.573404 0.283215
17.633179 0.330149
17.693359 0.379085
17.753954 0.427965
17.814964 0.475454
17.876394 0.521165
17.938251 0.56454
18.000536 0.604912
18.063269 0.64128
18.126427 0.672087
18.190027 0.699057
18.254078 0.720578
18.318579 0.737483
18.383539 0.751663
18.448961 0.761895
18.514851 0.768179
18.58119 0.77285
18.648029 0.774073
18.715351 0.771404
18.783159 0.7674
18.851461 0.762785
18.920263 0.754388
18.989569 0.744934
19.059383 0.738539
19.129725 0.733034
19.200575 0.728419
19.271952 0.725749
19.343863 0.724192
19.416311 0.722135
19.489305 0.721356
19.562849 0.720856
19.636951 0.719076
19.711594 0.7203
19.786827 0.726973
19.862638 0.733646
19.939034 0.737928
20.016018 0.740208
20.093599 0.735536
20.171785 0.725026
20.250582 0.713015
20.330009 0.704396
20.410049 0.6975
20.490723 0.697389
20.572035 0.706008
20.653994 0.718075
20.73661 0.731699
20.819889 0.746825
20.903841 0.760116
20.988487 0.768179
21.073807 0.770348
21.159821 0.768401
21.246542 0.762618
21.333977 0.752664
21.422132 0.737038
21.511023 0.715573
21.600651 0.689715
21.691 0.666693
21.782139 0.644505
21.874046 0.623207
21.966734 0.607303
22.060209 0.590787
22.154484 0.57277
22.249567 0.558312
22.34547 0.543909
22.442221 0.529617
22.539797 0.515493
22.638224 0.501535
22.737514 0.488467
22.837679 0.475176
22.93873 0.463165
23.04068 0.457771
23.143541 0.450542
23.247343 0.43853
23.35206 0.428743
23.457727 0.41979
23.564352 0.414118
23.671953 0.410114
23.78054 0.402051
23.890127 0.392492
24.000731 0.384878
24.112324 0.383236
24.224998 0.379802
24.338732 0.373084
24.453537 0.369501
24.569429 0.36338
24.686426 0.361588
24.804543 0.368307
24.923796 0.368456
25.044222 0.372337
25.165796 0.372785
25.288555 0.366067
25.412519 0.366216
25.537704 0.368904
25.664127 0.368754
25.791811 0.365022
25.920769 0.367859
26.051052 0.369053
26.182623 0.371143
26.315529 0.37607
26.449793 0.378011
26.585432 0.383982
26.722471 0.385177
26.860929 0.373532
27.00083 0.371591
27.142149 0.379802
27.285002 0.386371
27.429367 0.387416
27.575268 0.390551
27.722729 0.395179
27.871777 0.40145
28.022434 0.40563
28.17473 0.412796
28.328716 0.417275
28.484369 0.419066
28.641743 0.414886
28.800863 0.412348
28.961761 0.419962
29.124468 0.43086
29.289013 0.435936
29.455427 0.434294
29.623777 0.439818
29.794029 0.448029
29.966249 0.453702
30.140471 0.455942
30.316732 0.459077
30.495066 0.468632
30.67551 0.472065
30.858103 0.468034
31.04282 0.463854
31.229824 0.460271
31.419096 0.456987
31.610676 0.460719
31.804607 0.466691
32.000931 0.465646
32.199696 0.462212
32.400944 0.468034
32.604759 0.473409
32.811115 0.477291
33.020103 0.4858
33.231773 0.487293
33.446171 0.482516
33.663353 0.479082
33.883377 0.484755
34.106293 0.495952
34.332088 0.501028
34.560966 0.501924
34.792919 0.504014
35.028008 0.511927
35.266293 0.522377
35.507843 0.525512
35.752724 0.533276
36.001007 0.546115
36.252811 0.551041
36.508114 0.558805
36.767036 0.570898
37.029659 0.57881
37.296059 0.588962
37.566319 0.60001
37.840527 0.611207
38.118767 0.626435
38.40118 0.639423
38.687756 0.650322
38.978642 0.660324
39.273933 0.676746
39.573734 0.677194
39.878147 0.670924
40.187283 0.68242
40.501244 0.68869
40.820042 0.691377
41.144012 0.702425
41.473164 0.719146
41.807625 0.746019
42.147522 0.7711
42.492992 0.786626
42.844173 0.802601
43.20121 0.814246
43.564312 0.824248
43.933502 0.846642
44.309002 0.854555
44.690975 0.852315
45.079594 0.851121
45.475029 0.842462
45.87746 0.83873
46.287083 0.852315
46.704159 0.877247
47.128742 0.893819
47.561119 0.906807
48.001499 0.929201
48.450111 0.936666
48.907188 0.951894
49.372971 0.976527
49.847713 0.963539
50.331509 0.949356
50.824955 0.952193
51.328171 0.970705
51.841454 0.977871
52.365105 0.949505
52.899441 0.950849
53.444794 0.956522
54.001511 0.961598
54.570061 0.971153
55.150593 0.988172
55.74361 0.995786
56.349518 0.999071
56.968742 0.965778
57.60173 0.942638
58.24894 0.923379
58.910862 0.881278
59.588123 0.798868
60.28101 0.704067
60.9902 0.607773
61.716274 0.547757
62.459846 0.538352
63.221554 0.543726
64.002068 0.501625
64.802094 0.524019
65.622093 0.64226
66.463402 0.618821
67.326561 0.61464
68.21244 0.61688
69.121933 0.624792
70.056015 0.643156
71.015686 0.669133
72.002014 0.675254
73.016319 0.670178
74.05941 0.672417
75.132736 0.685107
76.237625 0.696901
77.375504 0.696453
78.547859 0.68869
79.756294 0.672566
81.002487 0.654352
82.28849 0.62748
83.61573 0.603294
84.986481 0.554177
86.402931 0.496848
87.867393 0.459226
89.382355 0.410706
90.95047 0.366664
92.574593 0.30426
94.25721 0.234241
96.002708 0.1902
97.814079 0.1796
99.695114 0.167806
101.649918 0.188557
103.682915 0.21976
105.798889 0.253201
108.003029 0.309186
110.301392 0.380101
112.699249 0.416379
115.203682 0.42877
117.821953 0.446088
120.562004 0.46266
123.432541 0.465795
126.443092 0.469229
129.604187 0.473708
132.926254 0.526408
136.424286 0.594635
140.11142 0.589709
144.003372 0.601204
148.117722 0.61688
152.474106 0.679285
157.094498 0.675104
162.003662 0.645246
167.230545 0.621359
172.804886 0.546413
178.763672 0.620314
185.148087 0.684958
192.005402 0.301722
199.390213 1.023107
207.365814 0.490279
216.006042 0.935173
