1.467767 0.594635
1.468183 0.593726
1.468599 0.591663
1.469015 0.58851
1.469431 0.586326
1.469848 0.584385
1.470265 0.582808
1.470682 0.581898
1.471099 0.579351
1.471517 0.577835
1.471935 0.576561
1.472353 0.574681
1.472771 0.572376
1.47319 0.570799
1.473608 0.56898
1.474027 0.567645
1.474447 0.565704
1.474866 0.563036
1.475286 0.560791
1.475706 0.558729
1.476126 0.557213
1.476546 0.555393
1.476967 0.553392
1.477388 0.552118
1.477809 0.550117
1.47823 0.54763
1.478652 0.546114
1.479074 0.545628
1.479496 0.544294
1.479918 0.54302
1.480341 0.541565
1.480764 0.540534
1.481187 0.539017
1.48161 0.53738
1.482034 0.536349
1.482458 0.536227
1.482882 0.536288
1.483306 0.535742
1.48373 0.534468
1.484155 0.533862
1.48458 0.534347
1.485006 0.533983
1.485431 0.534408
1.485857 0.534347
1.486283 0.533437
1.486709 0.532588
1.487135 0.532831
1.487562 0.532709
1.487989 0.53277
1.488416 0.532224
1.488844 0.531618
1.489271 0.5318
1.489699 0.531982
1.490128 0.531436
1.490556 0.530587
1.490985 0.530587
1.491414 0.530526
1.491843 0.530829
1.492272 0.530465
1.492702 0.529555
1.493132 0.528464
1.493562 0.527857
1.493993 0.527615
1.494423 0.527311
1.494854 0.526705
1.495285 0.525916
1.495717 0.524946
1.496148 0.524703
1.49658 0.524521
1.497012 0.523915
1.497445 0.523915
1.497877 0.523369
1.49831 0.522338
1.498744 0.521671
1.499177 0.520943
1.499611 0.520518
1.500045 0.520276
1.500479 0.519912
1.500913 0.518941
1.501348 0.518699
1.501783 0.518456
1.502218 0.51791
1.502653 0.51694
1.503089 0.516758
1.503525 0.516576
1.503961 0.515848
1.504398 0.515423
1.504834 0.515363
1.505271 0.51506
1.505709 0.514392
1.506146 0.51421
1.506584 0.513907
1.507022 0.513483
1.50746 0.513361
1.507898 0.513179
1.508337 0.512997
1.508776 0.512937
1.509215 0.512633
1.509655 0.511966
1.510094 0.511299
1.510534 0.51142
1.510975 0.511845
1.511415 0.51136
1.511856 0.510935
1.512297 0.510571
1.512738 0.510147
1.51318 0.510025
1.513622 0.510207
1.514064 0.509722
1.514506 0.509783
1.514948 0.510147
1.515391 0.51045
1.515834 0.509783
1.516278 0.509176
1.516721 0.509298
1.517165 0.509358
1.517609 0.50863
1.518054 0.508085
1.518499 0.508509
1.518944 0.508448
1.519389 0.50863
1.519834 0.508448
1.52028 0.508327
1.520726 0.508388
1.521172 0.508145
1.521619 0.508085
1.522065 0.508327
1.522512 0.50857
1.52296 0.50863
1.523407 0.50857
1.523855 0.509116
1.524303 0.510086
1.524751 0.510389
1.5252 0.509601
1.525649 0.50954
1.526098 0.51045
1.526547 0.510875
1.526997 0.510571
1.527447 0.510996
1.527897 0.51136
1.528347 0.511057
1.528798 0.511299
1.529249 0.511724
1.5297 0.512088
1.530152 0.512573
1.530604 0.512694
1.531055 0.512512
1.531508 0.512452
1.53196 0.512573
1.532413 0.512694
1.532866 0.513058
1.53332 0.513361
1.533773 0.513786
1.534227 0.514514
1.534682 0.514635
1.535136 0.514696
1.535591 0.514817
1.536046 0.515787
1.536501 0.516212
1.536956 0.515787
1.537412 0.515484
1.537868 0.516091
1.538324 0.51694
1.538781 0.516697
1.539238 0.516819
1.539695 0.517243
1.540153 0.517364
1.54061 0.517789
1.541068 0.518153
1.541527 0.518153
1.541985 0.518213
1.542444 0.518759
1.542903 0.519063
1.543363 0.519002
1.543822 0.519487
1.544282 0.520033
1.544742 0.520215
1.545203 0.520397
1.545663 0.520336
1.546124 0.52064
1.546586 0.521246
1.547047 0.521731
1.547509 0.521853
1.547971 0.521731
1.548433 0.522095
1.548896 0.522702
1.549359 0.523066
1.549822 0.523248
1.550285 0.523308
1.550749 0.52349
1.551213 0.524036
1.551677 0.524218
1.552142 0.524521
1.552607 0.524946
1.553072 0.525431
1.553537 0.525856
1.554003 0.525856
1.554469 0.525977
1.554935 0.526644
1.555402 0.527311
1.555868 0.527129
1.556336 0.527918
1.556803 0.527918
1.557271 0.527736
1.557738 0.527978
1.558207 0.528524
1.558675 0.529192
1.559144 0.529434
1.559613 0.529737
1.560082 0.529737
1.560552 0.529798
1.561022 0.529919
1.561492 0.530101
1.561963 0.530526
1.562433 0.530587
1.562905 0.530708
1.563376 0.531193
1.563848 0.5318
1.564319 0.531982
1.564792 0.532224
1.565264 0.532406
1.565737 0.532891
1.56621 0.533073
1.566683 0.533134
1.567156 0.533498
1.56763 0.533922
1.568105 0.533983
1.568579 0.534226
1.569054 0.534226
1.569529 0.534468
1.570004 0.535136
1.57048 0.535378
1.570956 0.535439
1.571432 0.535621
1.571908 0.536045
1.572385 0.536652
1.572862 0.536834
1.57334 0.536955
1.573817 0.536712
1.574295 0.536652
1.574773 0.536834
1.575252 0.537137
1.575731 0.53744
1.57621 0.537986
1.576689 0.537804
1.577169 0.537744
1.577649 0.538229
1.578129 0.538653
1.57861 0.538957
1.57909 0.539199
1.579572 0.539684
1.580053 0.540109
1.580535 0.54023
1.581017 0.540473
1.581499 0.540837
1.581982 0.540958
1.582465 0.541079
1.582948 0.540897
1.583431 0.540776
1.583915 0.541261
1.584399 0.541443
1.584884 0.541868
1.585368 0.542232
1.585853 0.54205
1.586339 0.542232
1.586824 0.542535
1.58731 0.542717
1.587796 0.54302
1.588283 0.543202
1.588769 0.543324
1.589256 0.543748
1.589744 0.544233
1.590231 0.544597
1.590719 0.544719
1.591208 0.54484
1.591696 0.545204
1.592185 0.545204
1.592674 0.545204
1.593163 0.545446
1.593653 0.545932
1.594143 0.545992
1.594634 0.546114
1.595124 0.546538
1.595615 0.546841
1.596107 0.547084
1.596598 0.547569
1.59709 0.547448
1.597582 0.547327
1.598075 0.547509
1.598568 0.547691
1.599061 0.547812
1.599554 0.548236
1.600048 0.548358
1.600542 0.548236
1.601036 0.5486
1.60153 0.549267
1.602025 0.549692
1.602521 0.549874
1.603016 0.550056
1.603512 0.549995
1.604008 0.550299
1.604505 0.550662
1.605001 0.551148
1.605498 0.55139
1.605996 0.55139
1.606493 0.551572
1.606991 0.551997
1.60749 0.552239
1.607988 0.552361
1.608487 0.552239
1.608986 0.552239
1.609486 0.552785
1.609986 0.553331
1.610486 0.553574
1.610986 0.553695
1.611487 0.553938
1.611988 0.554544
1.61249 0.554908
1.612991 0.555333
1.613493 0.555879
1.613996 0.556303
1.614498 0.556849
1.615001 0.557031
1.615505 0.556849
1.616008 0.557274
1.616512 0.557698
1.617016 0.557941
1.617521 0.558669
1.618026 0.559275
1.618531 0.559457
1.619036 0.559578
1.619542 0.560003
1.620048 0.560852
1.620554 0.561155
1.621061 0.56158
1.621568 0.561641
1.622076 0.561823
1.622583 0.562065
1.623091 0.562368
1.6236 0.56255
1.624108 0.562914
1.624617 0.563642
1.625127 0.564127
1.625636 0.564431
1.626146 0.564734
1.626656 0.564976
1.627167 0.56528
1.627678 0.565704
1.628189 0.565947
1.628701 0.56619
1.629212 0.566675
1.629725 0.567039
1.630237 0.567099
1.63075 0.567402
1.631263 0.56807
1.631777 0.568434
1.63229 0.568555
1.632804 0.56904
1.633319 0.569465
1.633834 0.569829
1.634349 0.570253
1.634864 0.570556
1.63538 0.570738
1.635896 0.570799
1.636412 0.570981
1.636929 0.571769
1.637446 0.571951
1.637964 0.572255
1.638481 0.572619
1.638999 0.572619
1.639518 0.572922
1.640036 0.573468
1.640555 0.573832
1.641075 0.574135
1.641594 0.574256
1.642114 0.574681
1.642634 0.574923
1.643155 0.574923
1.643676 0.575105
1.644197 0.575651
1.644719 0.576136
1.645241 0.576379
1.645763 0.576804
1.646286 0.576986
1.646809 0.577107
1.647332 0.577713
1.647856 0.578199
1.64838 0.578259
1.648904 0.578684
1.649429 0.579351
1.649953 0.579776
1.650479 0.580018
1.651004 0.580443
1.651531 0.580807
1.652057 0.581292
1.652583 0.581595
1.65311 0.581898
1.653638 0.581959
1.654165 0.582262
1.654693 0.582687
1.655222 0.583051
1.65575 0.583597
1.656279 0.584143
1.656809 0.584325
1.657338 0.584385
1.657868 0.584749
1.658399 0.584992
1.658929 0.585234
1.65946 0.585538
1.659992 0.586083
1.660523 0.586326
1.661055 0.586387
1.661588 0.587054
1.662121 0.587539
1.662654 0.587478
1.663187 0.5876
1.663721 0.588206
1.664255 0.58857
1.664789 0.588873
1.665324 0.58948
1.665859 0.589965
1.666395 0.590268
1.666931 0.590329
1.667467 0.590511
1.668003 0.590632
1.66854 0.590936
1.669077 0.591239
1.669615 0.591482
1.670153 0.591603
1.670691 0.591906
1.671229 0.592209
1.671769 0.59227
1.672308 0.592513
1.672847 0.59318
1.673387 0.593483
1.673928 0.593665
1.674468 0.593908
1.675009 0.594271
1.675551 0.594271
1.676093 0.594575
1.676635 0.595242
1.677177 0.595485
1.67772 0.595303
1.678263 0.595485
1.678806 0.595848
1.67935 0.595909
1.679894 0.596091
1.680439 0.596576
1.680984 0.59688
1.681529 0.597001
1.682074 0.597304
1.682621 0.597365
1.683167 0.597183
1.683714 0.597243
1.68426 0.597365
1.684808 0.597486
1.685356 0.597789
1.685904 0.597971
1.686452 0.598153
1.687001 0.598214
1.68755 0.598275
1.6881 0.598457
1.68865 0.598335
1.6892 0.598275
1.689751 0.598335
1.690302 0.598335
1.690853 0.598396
1.691405 0.598638
1.691957 0.598699
1.692509 0.598699
1.693061 0.599245
1.693615 0.599609
1.694168 0.599609
1.694722 0.599548
1.695276 0.599427
1.695831 0.599427
1.696385 0.59967
1.696941 0.600215
1.697497 0.600701
1.698053 0.600943
1.698609 0.601186
1.699166 0.601429
1.699723 0.60161
1.70028 0.601914
1.700838 0.602278
1.701396 0.602399
1.701955 0.602642
1.702514 0.602884
1.703073 0.603005
1.703633 0.603309
1.704193 0.603733
1.704753 0.603794
1.705314 0.603794
1.705875 0.604279
1.706436 0.604461
1.706998 0.604764
1.707561 0.605128
1.708123 0.60531
1.708686 0.605492
1.70925 0.605492
1.709813 0.605856
1.710377 0.606402
1.710942 0.606402
1.711507 0.606463
1.712072 0.606827
1.712638 0.607251
1.713204 0.607676
1.71377 0.607797
1.714337 0.608161
1.714904 0.608585
1.715471 0.608889
1.716039 0.608889
1.716607 0.609192
1.717176 0.609677
1.717745 0.60998
1.718314 0.610344
1.718884 0.610587
1.719454 0.610648
1.720024 0.611012
1.720595 0.611315
1.721167 0.611376
1.721738 0.611618
1.72231 0.611679
1.722883 0.612043
1.723455 0.612649
1.724029 0.612589
1.724602 0.612589
1.725176 0.612952
1.72575 0.613256
1.726325 0.613438
1.7269 0.613802
1.727476 0.614105
1.728051 0.614469
1.728628 0.614651
1.729204 0.614893
1.729781 0.615015
1.730358 0.615318
1.730936 0.61556
1.731514 0.615682
1.732093 0.615864
1.732672 0.615924
1.733251 0.616288
1.733831 0.61647
1.734411 0.616713
1.734991 0.616834
1.735572 0.617198
1.736153 0.617501
1.736735 0.617562
1.737317 0.617805
1.7379 0.618047
1.738482 0.617987
1.739066 0.617865
1.739649 0.618169
1.740233 0.618532
1.740817 0.618654
1.741402 0.618714
1.741987 0.618896
1.742573 0.61926
1.743159 0.619078
1.743745 0.618896
1.744332 0.619018
1.744919 0.6192
1.745506 0.6192
1.746094 0.619321
1.746683 0.6192
1.747271 0.619078
1.74786 0.619139
1.74845 0.619139
1.74904 0.618957
1.74963 0.618896
1.750221 0.618957
1.750812 0.618957
1.751403 0.618957
1.751995 0.619018
1.752588 0.618896
1.75318 0.618714
1.753773 0.61829
1.754367 0.618169
1.754961 0.61829
1.755555 0.61829
1.75615 0.61829
1.756745 0.618472
1.75734 0.618593
1.757936 0.618472
1.758533 0.618411
1.759129 0.618351
1.759726 0.618472
1.760324 0.618654
1.760922 0.618714
1.76152 0.618351
1.762119 0.618229
1.762718 0.618593
1.763318 0.619139
1.763918 0.619624
1.764518 0.619745
1.765119 0.619745
1.76572 0.619988
1.766322 0.619685
1.766924 0.619442
1.767526 0.619624
1.768129 0.619564
1.768732 0.619745
1.769336 0.619988
1.76994 0.620049
1.770545 0.620291
1.771149 0.620534
1.771755 0.620291
1.77236 0.620049
1.772967 0.620291
1.773573 0.620291
1.77418 0.620291
1.774787 0.620413
1.775395 0.620413
1.776004 0.620231
1.776612 0.620291
1.777221 0.620109
1.777831 0.619927
1.778441 0.619988
1.779051 0.619867
1.779662 0.619745
1.780273 0.619867
1.780884 0.620291
1.781496 0.620655
1.782109 0.620291
1.782721 0.62017
1.783335 0.620595
1.783948 0.620595
1.784562 0.620473
1.785177 0.621019
1.785792 0.621383
1.786407 0.621262
1.787023 0.621201
1.787639 0.621444
1.788256 0.621686
1.788873 0.62199
1.789491 0.622293
1.790108 0.622657
1.790727 0.62296
1.791346 0.623324
1.791965 0.623506
1.792585 0.623627
1.793205 0.623991
1.793825 0.624598
1.794446 0.62478
1.795067 0.625083
1.795689 0.625386
1.796311 0.625507
1.796934 0.626114
1.797557 0.626417
1.79818 0.626478
1.798804 0.627024
1.799429 0.627388
1.800053 0.62757
1.800679 0.627994
1.801304 0.628297
1.801931 0.628601
1.802557 0.629086
1.803184 0.629511
1.803812 0.629935
1.804439 0.63042
1.805068 0.630845
1.805696 0.630966
1.806326 0.631209
1.806955 0.631512
1.807585 0.631694
1.808216 0.631876
1.808847 0.632361
1.809478 0.632846
1.81011 0.633089
1.810742 0.63321
1.811375 0.633392
1.812008 0.633514
1.812641 0.633756
1.813275 0.634059
1.81391 0.634181
1.814545 0.634363
1.81518 0.634545
1.815816 0.634787
1.816452 0.63503
1.817089 0.635272
1.817726 0.635515
1.818363 0.635879
1.819001 0.636122
1.81964 0.636061
1.820279 0.636243
1.820918 0.636667
1.821558 0.636728
1.822199 0.63691
1.822839 0.637031
1.82348 0.637213
1.824122 0.637638
1.824764 0.637941
1.825406 0.637699
1.826049 0.637395
1.826693 0.637941
1.827337 0.638244
1.827981 0.638305
1.828626 0.638548
1.829271 0.63873
1.829917 0.638851
1.830563 0.63879
1.83121 0.638669
1.831857 0.639033
1.832504 0.639397
1.833152 0.639639
1.833801 0.6397
1.83445 0.639579
1.835099 0.639518
1.835749 0.639336
1.836399 0.6397
1.83705 0.639882
1.837701 0.639639
1.838353 0.639943
1.839005 0.639821
1.839658 0.639579
1.840311 0.639761
1.840964 0.6397
1.841618 0.639397
1.842272 0.639639
1.842927 0.639882
1.843583 0.639821
1.844238 0.639821
1.844895 0.639821
1.845551 0.639457
1.846209 0.63873
1.846867 0.638244
1.847525 0.638366
1.848184 0.638366
1.848843 0.638548
1.849502 0.638487
1.850162 0.638305
1.850823 0.638063
1.851484 0.637881
1.852145 0.637153
1.852807 0.636667
1.853469 0.636364
1.854132 0.636425
1.854796 0.636425
1.855459 0.63594
1.856124 0.635151
1.856789 0.635151
1.857454 0.635333
1.85812 0.634969
1.858786 0.634241
1.859453 0.633453
1.86012 0.633392
1.860788 0.633028
1.861456 0.633028
1.862124 0.632907
1.862794 0.632543
1.863463 0.632058
1.864133 0.631815
1.864804 0.631694
1.865475 0.631512
1.866146 0.631269
1.866818 0.630663
1.867491 0.629996
1.868164 0.629571
1.868837 0.629268
1.869511 0.629147
1.870185 0.628479
1.87086 0.627752
1.871536 0.62763
1.872212 0.627266
1.872888 0.62666
1.873565 0.626296
1.874242 0.625993
1.87492 0.625265
1.875599 0.62484
1.876277 0.624416
1.876957 0.62387
1.877637 0.623142
1.878317 0.622657
1.878998 0.622293
1.879679 0.621626
1.880361 0.620837
1.881043 0.620109
1.881726 0.61926
1.882409 0.618714
1.883093 0.618047
1.883777 0.617077
1.884462 0.616167
1.885147 0.61556
1.885833 0.614833
1.886519 0.613984
1.887206 0.613134
1.887893 0.612407
1.888581 0.611679
1.889269 0.610526
1.889958 0.609374
1.890647 0.608464
1.891337 0.607554
1.892027 0.606523
1.892718 0.605371
1.893409 0.6044
1.894101 0.60343
1.894793 0.602399
1.895486 0.601125
1.896179 0.59967
1.896873 0.598517
1.897568 0.597304
1.898262 0.595848
1.898958 0.59415
1.899654 0.592998
1.90035 0.591906
1.901047 0.590572
1.901744 0.588995
1.902442 0.587175
1.90314 0.585598
1.903839 0.584143
1.904539 0.582384
1.905239 0.580807
1.905939 0.579533
1.90664 0.577774
1.907342 0.576076
1.908044 0.574317
1.908746 0.572619
1.909449 0.570738
1.910153 0.568798
1.910857 0.566675
1.911561 0.564916
1.912266 0.563278
1.912972 0.561216
1.913678 0.559093
1.914385 0.557152
1.915092 0.554969
1.9158 0.552846
1.916508 0.550784
1.917217 0.548904
1.917926 0.547023
1.918636 0.544597
1.919346 0.541868
1.920057 0.539321
1.920768 0.537076
1.92148 0.535075
1.922193 0.532891
1.922906 0.530465
1.92362 0.527675
1.924333 0.525007
1.925048 0.522277
1.925763 0.519366
1.926479 0.516273
1.927195 0.513301
1.927912 0.510207
1.928629 0.507175
1.929346 0.504021
1.930065 0.500624
1.930784 0.497228
1.931503 0.493467
1.932223 0.489646
1.932943 0.485765
1.933664 0.481701
1.934386 0.477698
1.935108 0.473755
1.93583 0.469692
1.936554 0.465567
1.937277 0.461504
1.938002 0.457379
1.938726 0.453073
1.939452 0.449009
1.940177 0.445188
1.940904 0.441792
1.941631 0.438941
1.942358 0.436333
1.943086 0.43421
1.943815 0.432754
1.944544 0.432148
1.945274 0.43233
1.946004 0.433118
1.946735 0.434999
1.947466 0.437789
1.948198 0.441246
1.94893 0.445006
1.949663 0.449494
1.950397 0.454225
1.951131 0.458956
1.951865 0.463566
1.952601 0.467993
1.953336 0.4723
1.954073 0.476242
1.954809 0.479699
1.955547 0.482732
1.956285 0.485097
1.957023 0.48722
1.957762 0.48904
1.958502 0.490131
1.959242 0.490799
1.959983 0.491223
1.960724 0.491284
1.961466 0.490799
1.962208 0.490131
1.962951 0.488979
1.963695 0.487766
1.964439 0.48631
1.965183 0.484612
1.965929 0.48255
1.966674 0.480063
1.967421 0.477758
1.968168 0.47509
1.968915 0.472118
1.969663 0.469146
1.970412 0.466174
1.971161 0.46308
1.971911 0.459866
1.972661 0.456833
1.973413 0.453801
1.974164 0.451071
1.974916 0.448585
1.975669 0.44634
1.976422 0.444218
1.977176 0.44258
1.97793 0.441306
1.978685 0.440457
1.97944 0.439972
1.980196 0.439729
1.980953 0.439669
1.98171 0.439608
1.982468 0.439911
1.983226 0.440578
1.983986 0.441185
1.984745 0.442095
1.985505 0.443247
1.986266 0.4444
1.987027 0.445249
1.987789 0.44628
1.988552 0.447614
1.989315 0.449131
1.990078 0.450525
1.990842 0.451921
1.991607 0.453558
1.992373 0.455196
1.993139 0.456712
1.993905 0.458532
1.994673 0.460351
1.99544 0.461989
1.996209 0.463626
1.996978 0.465143
1.997747 0.46672
1.998517 0.468297
1.999288 0.469631
2.000059 0.470965
2.000831 0.472239
2.001604 0.473209
2.002377 0.474362
2.003151 0.475575
2.003925 0.476424
2.0047 0.477334
2.005476 0.47788
2.006252 0.478244
2.007029 0.478789
2.007806 0.479093
2.008584 0.479153
2.009362 0.479396
2.010141 0.479639
2.010921 0.479396
2.011701 0.478911
2.012482 0.478486
2.013264 0.478244
2.014046 0.47794
2.014829 0.477273
2.015612 0.476485
2.016396 0.475393
2.01718 0.474483
2.017966 0.473573
2.018752 0.472724
2.019538 0.471754
2.020325 0.470662
2.021113 0.469631
2.021901 0.468418
2.02269 0.467326
2.023479 0.466538
2.02427 0.465628
2.02506 0.464476
2.025852 0.463626
2.026644 0.463202
2.027436 0.462595
2.028229 0.46211
2.029023 0.461928
2.029818 0.461625
2.030613 0.461807
2.031409 0.462231
2.032204 0.462595
2.033001 0.46308
2.033799 0.46393
2.034597 0.464961
2.035396 0.466053
2.036195 0.467326
2.036996 0.468842
2.037796 0.470419
2.038598 0.471936
2.0394 0.473695
2.040203 0.475636
2.041006 0.477637
2.04181 0.479578
2.042614 0.481579
2.043419 0.48346
2.044225 0.485219
2.045032 0.487038
2.045839 0.488918
2.046646 0.490799
2.047455 0.4928
2.048264 0.494741
2.049073 0.4965
2.049883 0.498138
2.050694 0.499533
2.051505 0.500928
2.052317 0.502626
2.05313 0.504021
2.053944 0.505234
2.054758 0.506629
2.055573 0.507842
2.056388 0.508994
2.057204 0.510207
2.058021 0.511299
2.058838 0.51233
2.059656 0.513119
2.060475 0.51421
2.061294 0.51506
2.062114 0.515605
2.062935 0.516091
2.063756 0.516819
2.064577 0.517243
2.0654 0.517668
2.066223 0.518213
2.067047 0.51882
2.067871 0.519245
2.068696 0.51973
2.069522 0.520154
2.070349 0.520518
2.071176 0.5207
2.072004 0.521185
2.072833 0.521671
2.073662 0.521974
2.074492 0.522216
2.075322 0.522641
2.076153 0.523005
2.076985 0.523551
2.077817 0.523975
2.07865 0.524339
2.079484 0.525067
2.080319 0.525977
2.081154 0.526583
2.08199 0.527129
2.082826 0.527978
2.083663 0.528585
2.084501 0.529131
2.08534 0.530041
2.086179 0.530829
2.087018 0.531496
2.087859 0.532285
2.0887 0.533316
2.089542 0.534044
2.090385 0.534772
2.091228 0.53556
2.092072 0.536591
2.092917 0.537501
2.093762 0.538229
2.094608 0.539017
2.095454 0.539866
2.096302 0.540837
2.09715 0.541747
2.097999 0.542596
2.098848 0.543384
2.099698 0.544355
2.100549 0.545264
2.1014 0.545992
2.102252 0.54672
2.103105 0.547569
2.103959 0.548418
2.104813 0.549146
2.105668 0.550056
2.106524 0.550966
2.10738 0.551694
2.108237 0.552361
2.109094 0.553089
2.109953 0.553756
2.110812 0.554544
2.111672 0.555333
2.112532 0.556243
2.113394 0.557031
2.114255 0.557819
2.115118 0.558547
2.115981 0.559154
2.116845 0.559882
2.11771 0.560488
2.118576 0.561095
2.119442 0.561883
2.120309 0.56249
2.121176 0.563036
2.122045 0.563703
2.122913 0.564613
2.123783 0.565219
2.124654 0.565644
2.125525 0.566007
2.126396 0.566675
2.127269 0.56716
2.128142 0.567585
2.129016 0.567948
2.129891 0.568494
2.130766 0.56898
2.131642 0.569283
2.132519 0.569586
2.133397 0.569707
2.134275 0.570011
2.135154 0.570132
2.136034 0.570193
2.136914 0.570253
2.137795 0.570374
2.138677 0.570435
2.13956 0.570435
2.140444 0.570617
2.141328 0.570556
2.142213 0.570678
2.143099 0.570678
2.143985 0.570314
2.144872 0.570011
2.14576 0.570071
2.146648 0.570011
2.147537 0.569707
2.148427 0.569465
2.149318 0.569222
2.150209 0.569283
2.151101 0.569101
2.151994 0.568616
2.152888 0.568252
2.153783 0.568009
2.154678 0.567888
2.155574 0.567827
2.15647 0.567463
2.157368 0.566917
2.158266 0.566553
2.159165 0.566311
2.160064 0.566129
2.160964 0.565704
2.161865 0.565583
2.162767 0.565462
2.16367 0.56534
2.164573 0.565098
2.165478 0.565037
2.166383 0.564976
2.167288 0.564794
2.168195 0.564734
2.169102 0.564855
2.17001 0.565037
2.170919 0.565037
2.171828 0.565158
2.172739 0.56528
2.17365 0.565401
2.174561 0.565462
2.175474 0.565401
2.176387 0.565644
2.177301 0.565886
2.178216 0.566129
2.179132 0.566311
2.180048 0.566493
2.180965 0.566493
2.181883 0.566735
2.182801 0.566857
2.183721 0.567039
2.184641 0.567039
2.185562 0.567221
2.186484 0.567281
2.187407 0.567281
2.18833 0.567221
2.189254 0.567221
2.190179 0.567281
2.191105 0.567221
2.192032 0.56716
2.192959 0.566917
2.193887 0.566614
2.194816 0.566371
2.195745 0.565947
2.196676 0.565462
2.197607 0.564855
2.198539 0.564431
2.199472 0.563945
2.200405 0.56346
2.201339 0.563036
2.202275 0.562672
2.203211 0.562611
2.204147 0.562308
2.205085 0.561823
2.206023 0.561641
2.206962 0.56158
2.207902 0.561398
2.208843 0.561155
2.209784 0.561155
2.210727 0.561095
2.21167 0.561034
2.212614 0.560913
2.213559 0.560973
2.214504 0.561095
2.215451 0.561095
2.216398 0.561034
2.217346 0.560973
2.218295 0.560973
2.219244 0.560749
2.220195 0.560636
2.221146 0.560749
2.222098 0.560692
2.223051 0.560805
2.224005 0.560805
2.224959 0.56058
2.225914 0.560018
2.226871 0.559793
2.227827 0.559231
2.228785 0.558276
2.229744 0.557433
2.230703 0.556703
2.231663 0.555804
2.232625 0.554455
2.233587 0.552713
2.234549 0.55069
2.235513 0.54878
2.236477 0.5467
2.237442 0.544228
2.238408 0.542093
2.239375 0.54007
2.240343 0.537822
2.241312 0.535911
2.242281 0.534394
2.243252 0.533046
2.244223 0.532259
2.245195 0.531978
2.246168 0.53209
2.247141 0.532484
2.248116 0.534113
2.249091 0.535799
2.250067 0.538271
2.251044 0.541531
2.252022 0.544846
2.253 0.548105
2.25398 0.551364
2.254961 0.554399
2.255942 0.557096
2.256924 0.559906
2.257907 0.562659
2.258891 0.565075
2.259876 0.566817
2.260861 0.567998
2.261847 0.569683
2.262835 0.571257
2.263823 0.572324
2.264812 0.573392
2.265802 0.574347
2.266792 0.574909
2.267784 0.575415
2.268776 0.576202
2.26977 0.576876
2.270764 0.577663
2.271759 0.578281
2.272755 0.578506
2.273752 0.578449
2.27475 0.578562
2.275748 0.578955
2.276747 0.57918
2.277748 0.579629
2.278749 0.579629
2.279751 0.579517
2.280754 0.579629
2.281758 0.57991
2.282763 0.579967
2.283768 0.579967
2.284775 0.579573
2.285782 0.579124
2.286791 0.579011
2.2878 0.578787
2.28881 0.578506
2.289821 0.578393
2.290832 0.578056
2.291845 0.577719
2.292859 0.577326
2.293873 0.577157
2.294889 0.57682
2.295905 0.576314
2.296922 0.575864
2.29794 0.575527
2.29896 0.57519
2.299979 0.574685
2.301001 0.57446
2.302022 0.57401
2.303045 0.573167
2.304068 0.572549
2.305093 0.571987
2.306118 0.571201
2.307145 0.57047
2.308172 0.569908
2.309201 0.569234
2.31023 0.56811
2.31126 0.566986
2.31229 0.566199
2.313322 0.565188
2.314355 0.564064
2.315388 0.563053
2.316423 0.561929
2.317458 0.560636
2.318495 0.559288
2.319532 0.558051
2.32057 0.55659
2.321609 0.554961
2.32265 0.553725
2.323691 0.552376
2.324733 0.550859
2.325776 0.549229
2.32682 0.547824
2.327865 0.546307
2.32891 0.544677
2.329957 0.542823
2.331005 0.541194
2.332053 0.539564
2.333103 0.537541
2.334153 0.535799
2.335205 0.533945
2.336257 0.531697
2.33731 0.529618
2.338365 0.527258
2.33942 0.525066
2.340476 0.522706
2.341533 0.520065
2.342591 0.517592
2.34365 0.514951
2.34471 0.512029
2.345771 0.508939
2.346833 0.505511
2.347896 0.502027
2.34896 0.498487
2.350024 0.494891
2.35109 0.490901
2.352157 0.486743
2.353225 0.482472
2.354293 0.478033
2.355363 0.473256
2.356434 0.468143
2.357505 0.463085
2.358577 0.457859
2.359651 0.452465
2.360726 0.446902
2.361801 0.441002
2.362878 0.435101
2.363955 0.428864
2.365033 0.422458
2.366114 0.416108
2.367194 0.409646
2.368275 0.403015
2.369358 0.396778
2.370441 0.390653
2.371525 0.38464
2.372611 0.378796
2.373697 0.374188
2.374785 0.370086
2.375873 0.366153
2.376962 0.363287
2.378052 0.361152
2.379144 0.359859
2.380236 0.359353
2.38133 0.359803
2.382424 0.361152
2.383519 0.363006
2.384615 0.365535
2.385713 0.368681
2.386811 0.372053
2.387911 0.375481
2.389011 0.379021
2.390113 0.382898
2.391215 0.386719
2.392318 0.390597
2.393423 0.394249
2.394528 0.397902
2.395635 0.401386
2.396743 0.404308
2.397851 0.40723
2.398961 0.410433
2.400071 0.413018
2.401183 0.415209
2.402296 0.417513
2.40341 0.418974
2.404524 0.420435
2.40564 0.422121
2.406757 0.423469
2.407875 0.424425
2.408994 0.425155
2.410113 0.425324
2.411234 0.425436
2.412356 0.424987
2.413479 0.424649
2.414603 0.424256
2.415729 0.423638
2.416855 0.422514
2.417982 0.421278
2.419111 0.420098
2.42024 0.41903
2.421371 0.417682
2.422502 0.415883
2.423635 0.414029
2.424768 0.412119
2.425903 0.41032
2.427038 0.408522
2.428176 0.406555
2.429314 0.404476
2.430453 0.402229
2.431592 0.400037
2.432734 0.397677
2.433876 0.395204
2.435019 0.392788
2.436163 0.390484
2.437308 0.387956
2.438454 0.385427
2.439602 0.382898
2.44075 0.380763
2.4419 0.378796
2.443051 0.376773
2.444203 0.374919
2.445355 0.373345
2.44651 0.371997
2.447665 0.370761
2.448821 0.369637
2.449978 0.369075
2.451137 0.368457
2.452296 0.368119
2.453457 0.367895
2.454618 0.367558
2.455781 0.367389
2.456945 0.367164
2.45811 0.367389
2.459276 0.367726
2.460443 0.368513
2.461612 0.369468
2.462781 0.370648
2.463952 0.372053
2.465123 0.373458
2.466296 0.375031
2.46747 0.376886
2.468645 0.378909
2.469821 0.380651
2.470998 0.382505
2.472176 0.384472
2.473356 0.386719
2.474536 0.388686
2.475718 0.389922
2.476901 0.39144
2.478085 0.393069
2.47927 0.394137
2.480456 0.395036
2.481644 0.395485
2.482832 0.395879
2.484022 0.396047
2.485213 0.395935
2.486404 0.395542
2.487597 0.394924
2.488792 0.394193
2.489987 0.393069
2.491184 0.391664
2.492381 0.390597
2.493581 0.389304
2.494781 0.387899
2.495982 0.386607
2.497184 0.385876
2.498387 0.384921
2.499592 0.383966
2.500798 0.383573
2.502005 0.383516
2.503213 0.383797
2.504422 0.384472
2.505633 0.385483
2.506844 0.386719
2.508057 0.387787
2.509271 0.389304
2.510486 0.390878
2.511703 0.39262
2.51292 0.39453
2.514138 0.396272
2.515358 0.397733
2.516579 0.399307
2.517802 0.400936
2.519025 0.402678
2.52025 0.404083
2.521476 0.405713
2.522703 0.406949
2.523931 0.40796
2.52516 0.409196
2.526391 0.410433
2.527622 0.411332
2.528856 0.412343
2.53009 0.412737
2.531325 0.413018
2.532562 0.414029
2.5338 0.415097
2.535039 0.415434
2.536279 0.416389
2.53752 0.418187
2.538763 0.419367
2.540007 0.419986
2.541252 0.420154
2.542498 0.419929
2.543746 0.421278
2.544994 0.423301
2.546244 0.4242
2.547495 0.424256
2.548748 0.425549
2.550002 0.426167
2.551256 0.426054
2.552513 0.426223
2.553771 0.428527
2.555029 0.430831
2.556289 0.431842
2.55755 0.432741
2.558813 0.432517
2.560076 0.429594
2.561341 0.427066
2.562607 0.427403
2.563875 0.428808
2.565143 0.432123
2.566413 0.435158
2.567684 0.434708
2.568957 0.432011
2.57023 0.43291
2.571505 0.434652
2.572781 0.430887
2.574058 0.432067
2.575337 0.433921
2.576617 0.43246
2.577898 0.434596
2.579181 0.436169
2.580465 0.434034
2.58175 0.433584
2.583036 0.429819
2.584324 0.430213
2.585613 0.43409
2.586903 0.432966
2.588195 0.434034
2.589488 0.43645
2.590782 0.438585
2.592077 0.437349
2.593373 0.42701
2.594671 0.4183
2.595971 0.427628
2.597271 0.437742
2.598573 0.441451
2.599876 0.441058
2.601181 0.439203
2.602487 0.437518
2.603794 0.434315
2.605102 0.43055
2.606412 0.433135
2.607723 0.436675
2.609035 0.437012
2.610349 0.437967
2.611664 0.438642
2.612981 0.437405
2.614299 0.436956
2.615618 0.431393
2.616938 0.427853
2.61826 0.431056
2.619583 0.427796
2.620907 0.428246
2.622233 0.434202
2.62356 0.43527
2.624888 0.43246
2.626217 0.427459
2.627548 0.429707
2.628881 0.428527
2.630215 0.423863
2.63155 0.428752
2.632886 0.431336
2.634224 0.431505
2.635564 0.433809
2.636904 0.434539
2.638246 0.434764
2.63959 0.434371
2.640934 0.433697
2.64228 0.433247
2.643628 0.433303
2.644976 0.431056
2.646327 0.431056
2.647678 0.432854
2.649031 0.433416
2.650386 0.432123
2.651741 0.429089
2.653098 0.428976
2.654457 0.429988
2.655817 0.429875
2.657177 0.43128
2.65854 0.429313
2.659904 0.428133
2.66127 0.428583
2.662637 0.428302
2.664005 0.421447
2.665375 0.415153
2.666745 0.415097
2.668118 0.41903
2.669492 0.412062
2.670867 0.410657
2.672244 0.419986
2.673622 0.421053
2.675002 0.415883
2.676383 0.41032
2.677765 0.409702
2.67915 0.409477
2.680535 0.412175
2.681922 0.411388
2.68331 0.408073
2.6847 0.40605
2.68609 0.403802
2.687483 0.401948
2.688877 0.400487
2.690272 0.398239
2.691669 0.393519
2.693067 0.385764
2.694467 0.381943
2.695868 0.381662
2.69727 0.381325
2.698674 0.378628
2.70008 0.373458
2.701487 0.368681
2.702896 0.36649
2.704306 0.36295
2.705717 0.358623
2.70713 0.352891
2.708544 0.345361
2.70996 0.33727
2.711378 0.333617
2.712797 0.334179
2.714217 0.331594
2.715639 0.327099
2.717062 0.321536
2.718487 0.314455
2.719913 0.305015
2.721341 0.30361
2.72277 0.302936
2.7242 0.297597
2.725633 0.297148
2.727067 0.297541
2.728502 0.295294
2.729939 0.291866
2.731377 0.288157
2.732817 0.283493
2.734258 0.277593
2.735701 0.274558
2.737146 0.271468
2.738592 0.263826
2.740039 0.257813
2.741488 0.256408
2.742939 0.256127
2.744391 0.253823
2.745844 0.250283
2.747299 0.246518
2.748756 0.242416
2.750214 0.237977
2.751674 0.233762
2.753135 0.22893
2.754598 0.221231
2.756062 0.21741
2.757528 0.21741
2.758996 0.215106
2.760465 0.210779
2.761936 0.205104
2.763408 0.201339
2.764882 0.198923
2.766357 0.195326
2.767834 0.191281
2.769313 0.187684
2.770793 0.183919
2.772275 0.181334
2.773758 0.178581
2.775243 0.174985
2.77673 0.170939
2.778218 0.167455
2.779707 0.163634
2.781199 0.159475
2.782691 0.155654
2.784185 0.152058
2.785681 0.147394
2.787179 0.143067
2.788678 0.139976
2.790179 0.136942
2.791682 0.133402
2.793186 0.129749
2.794692 0.125816
2.7962 0.122219
2.797709 0.118904
2.799219 0.115589
2.800731 0.111768
2.802245 0.107609
2.803761 0.10435
2.805278 0.10199
2.806797 0.099237
2.808318 0.096315
2.80984 0.093617
2.811363 0.090864
2.812889 0.088167
2.814416 0.085638
2.815945 0.083278
2.817475 0.080805
2.819007 0.078389
2.82054 0.076366
2.822076 0.074343
2.823613 0.072489
2.825152 0.070634
2.826692 0.068836
2.828234 0.06715
2.829778 0.065689
2.831324 0.064004
2.832871 0.062374
2.83442 0.060913
2.835971 0.059677
2.837523 0.058441
2.839077 0.057429
2.840632 0.056249
2.84219 0.055181
2.843749 0.054058
2.84531 0.052877
2.846872 0.05181
2.848437 0.050686
2.850003 0.049562
2.85157 0.048494
2.85314 0.047371
2.854711 0.046359
2.856283 0.045685
2.857857 0.044898
2.859434 0.04383
2.861012 0.042875
2.862592 0.041976
2.864173 0.041133
2.865757 0.040234
2.867342 0.039391
2.868929 0.038492
2.870517 0.037762
2.872108 0.036919
2.873699 0.036076
2.875293 0.035289
2.876889 0.03439
2.878486 0.033772
2.880085 0.033266
2.881686 0.032536
2.883289 0.031861
2.884893 0.031412
2.886499 0.031131
2.888107 0.030962
2.889717 0.03085
2.891329 0.030794
2.892942 0.030962
2.894558 0.031187
2.896175 0.031693
2.897794 0.032255
2.899415 0.032704
2.901037 0.03321
2.902662 0.033997
2.904288 0.034559
2.905916 0.034952
2.907546 0.035402
2.909178 0.035963
2.910811 0.036413
2.912446 0.036863
2.914083 0.0372
2.915722 0.037537
2.917363 0.037818
2.919006 0.038211
2.92065 0.038548
2.922296 0.038942
2.923944 0.039391
2.925594 0.039897
2.927246 0.04029
2.9289 0.040627
2.930556 0.041133
2.932213 0.04147
2.933873 0.041864
2.935534 0.042257
2.937198 0.042538
2.938863 0.042931
2.94053 0.0431
2.942199 0.043381
2.943869 0.043718
2.945542 0.043943
2.947217 0.044168
2.948893 0.04428
2.950572 0.044561
2.952252 0.044898
2.953934 0.04501
2.955618 0.045123
2.957304 0.045235
2.958992 0.045179
2.960681 0.045291
2.962373 0.04546
2.964067 0.045404
2.965763 0.045179
2.96746 0.045067
2.96916 0.04501
2.970861 0.04473
2.972565 0.044336
2.974271 0.044224
2.975978 0.044055
2.977687 0.043718
2.979398 0.043325
2.981112 0.043212
2.982827 0.042988
2.984544 0.042707
2.986264 0.042369
2.987985 0.042201
2.989709 0.041976
2.991434 0.041807
2.993161 0.041583
2.99489 0.04147
2.996621 0.041302
2.998354 0.041133
3.000089 0.040965
3.001826 0.040796
3.003565 0.040852
3.005306 0.041077
3.00705 0.041189
3.008795 0.041246
3.010542 0.04147
3.012291 0.041527
3.014043 0.041583
3.015796 0.041695
3.017552 0.041864
3.019309 0.042032
3.021069 0.041976
3.02283 0.04192
3.024594 0.042032
3.02636 0.042088
3.028127 0.041864
3.029897 0.041864
3.031669 0.04192
3.033443 0.04192
3.035219 0.042032
3.036998 0.042145
3.038778 0.042313
3.04056 0.042482
3.042344 0.04265
3.04413 0.042931
3.045919 0.043269
3.047709 0.043774
3.049502 0.04428
3.051297 0.044842
3.053094 0.045404
3.054893 0.046134
3.056694 0.046977
3.058498 0.04782
3.060303 0.048663
3.062111 0.049843
3.063921 0.050967
3.065733 0.051978
3.067547 0.053102
3.069363 0.054339
3.071181 0.055519
3.073001 0.056642
3.074824 0.057822
3.076649 0.058946
3.078476 0.06007
3.080305 0.061138
3.082136 0.062149
3.08397 0.063329
3.085805 0.064397
3.087644 0.065352
3.089484 0.066251
3.091326 0.067094
3.093171 0.067825
3.095017 0.068724
3.096866 0.069511
3.098717 0.070241
3.10057 0.070915
3.102426 0.071534
3.104284 0.072039
3.106144 0.072433
3.108006 0.072882
3.109871 0.073388
3.111737 0.073837
3.113606 0.074118
3.115477 0.074512
3.11735 0.075017
3.119226 0.075355
3.121104 0.075579
3.122984 0.075973
3.124866 0.076366
3.126751 0.076591
3.128638 0.076759
3.130527 0.077153
3.132419 0.077771
3.134313 0.078164
3.136209 0.078614
3.138108 0.07912
3.140008 0.079625
3.141912 0.080075
3.143817 0.080637
3.145725 0.081255
3.147635 0.081761
3.149547 0.082435
3.151462 0.082997
3.153378 0.083727
3.155298 0.084626
3.157219 0.085413
3.159143 0.086087
3.16107 0.086818
3.162998 0.087773
3.164929 0.088672
3.166862 0.089684
3.168798 0.090751
3.170736 0.091875
3.172677 0.092999
3.174619 0.094179
3.176565 0.095415
3.178513 0.096708
3.180463 0.097944
3.182415 0.099293
3.18437 0.100754
3.186327 0.102159
3.188287 0.103507
3.190248 0.1048
3.192213 0.106261
3.19418 0.107722
3.196149 0.109183
3.198121 0.110812
3.200095 0.112442
3.202072 0.113903
3.204051 0.11542
3.206032 0.11705
3.208016 0.118679
3.210002 0.119972
3.211991 0.12132
3.213982 0.12295
3.215976 0.124411
3.217972 0.125816
3.219971 0.127221
3.221972 0.128569
3.223976 0.129806
3.225982 0.130986
3.227991 0.132278
3.230002 0.133514
3.232016 0.134694
3.234032 0.135931
3.236051 0.137111
3.238072 0.138178
3.240096 0.139246
3.242123 0.140426
3.244152 0.141494
3.246183 0.142617
3.248217 0.143798
3.250253 0.145034
3.252293 0.14627
3.254334 0.147394
3.256378 0.148462
3.258425 0.149585
3.260474 0.150709
3.262526 0.151889
3.26458 0.152957
3.266638 0.153968
3.268697 0.15498
3.27076 0.156048
3.272825 0.157171
3.274892 0.158071
3.276962 0.15897
3.279035 0.160093
3.28111 0.161105
3.283188 0.16206
3.285269 0.163072
3.287352 0.164083
3.289438 0.165151
3.291526 0.166275
3.293617 0.167455
3.295711 0.168691
3.297807 0.17004
3.299906 0.171613
3.302008 0.173299
3.304113 0.174872
3.30622 0.176446
3.30833 0.1783
3.310443 0.180211
3.312558 0.182121
3.314676 0.184032
3.316797 0.186055
3.31892 0.188302
3.321046 0.190494
3.323175 0.192685
3.325307 0.194989
3.327442 0.197349
3.329579 0.199766
3.331719 0.202182
3.333861 0.204598
3.336007 0.207015
3.338155 0.209375
3.340306 0.211847
3.342458 0.21432
3.344615 0.216848
3.346774 0.219321
3.348936 0.221625
3.351101 0.223816
3.353268 0.226008
3.355439 0.228087
3.357612 0.230166
3.359789 0.232189
3.361968 0.2341
3.364149 0.235954
3.366334 0.237864
3.368521 0.239606
3.370711 0.241405
3.372904 0.243428
3.3751 0.245169
3.3773 0.246743
3.379501 0.248372
3.381706 0.249946
3.383913 0.251463
3.386123 0.253036
3.388336 0.254666
3.390553 0.256296
3.392771 0.257981
3.394992 0.259555
3.397217 0.261128
3.399445 0.262758
3.401675 0.264219
3.403909 0.265624
3.406146 0.267085
3.408385 0.268658
3.410627 0.270232
3.412873 0.271693
3.415121 0.27321
3.417372 0.274783
3.419626 0.276413
3.421884 0.278098
3.424144 0.27984
3.426407 0.281582
3.428673 0.283268
3.430943 0.284898
3.433215 0.286584
3.43549 0.288269
3.437768 0.290011
3.440049 0.291753
3.442333 0.293439
3.444621 0.295013
3.446911 0.296474
3.449204 0.298216
3.4515 0.300126
3.4538 0.30198
3.456102 0.303666
3.458408 0.305408
3.460716 0.307094
3.463028 0.308667
3.465343 0.310353
3.467662 0.311927
3.469983 0.313444
3.472307 0.314905
3.474634 0.316534
3.476965 0.317995
3.479298 0.319456
3.481635 0.320861
3.483975 0.322041
3.486317 0.323221
3.488663 0.324401
3.491012 0.325581
3.493365 0.326705
3.49572 0.327773
3.498079 0.328953
3.500441 0.330245
3.502806 0.331594
3.505175 0.332774
3.507547 0.33401
3.509921 0.335415
3.512299 0.336764
3.514681 0.338
3.517065 0.339293
3.519453 0.340641
3.521844 0.341821
3.524238 0.342833
3.526636 0.343957
3.529036 0.345193
3.53144 0.346598
3.533848 0.348115
3.536258 0.349407
3.538672 0.350756
3.541089 0.352273
3.543509 0.353622
3.545932 0.354914
3.548359 0.356375
3.55079 0.35778
3.553223 0.359016
3.55566 0.360252
3.558101 0.361433
3.560545 0.362388
3.562992 0.363512
3.565443 0.364636
3.567896 0.365759
3.570354 0.366883
3.572814 0.368063
3.575278 0.3693
3.577746 0.370592
3.580216 0.371884
3.582691 0.373233
3.585169 0.374694
3.58765 0.376211
3.590135 0.377728
3.592623 0.379246
3.595114 0.380763
3.597609 0.382449
3.600107 0.38391
3.602608 0.385202
3.605114 0.386607
3.607622 0.388068
3.610135 0.38936
3.61265 0.39054
3.61517 0.391664
3.617692 0.392844
3.620219 0.394024
3.622749 0.395092
3.625283 0.396047
3.627819 0.397003
3.63036 0.397902
3.632904 0.398745
3.635452 0.399587
3.638003 0.400262
3.640558 0.401105
3.643116 0.401891
3.645679 0.402566
3.648244 0.403184
3.650813 0.403746
3.653386 0.404251
3.655962 0.404701
3.658543 0.405094
3.661126 0.405544
3.663713 0.405825
3.666304 0.405881
3.668898 0.406162
3.671497 0.406218
3.674099 0.406218
3.676705 0.406331
3.679314 0.406668
3.681927 0.40723
3.684544 0.407904
3.687165 0.408747
3.689789 0.409534
3.692417 0.41032
3.695049 0.411107
3.697685 0.411613
3.700324 0.412175
3.702967 0.41268
3.705615 0.412905
3.708265 0.41313
3.71092 0.413523
3.713578 0.413692
3.71624 0.413804
3.718906 0.414198
3.721576 0.414366
3.724249 0.414535
3.726926 0.414816
3.729607 0.415041
3.732292 0.415209
3.734981 0.415265
3.737674 0.415321
3.740371 0.415378
3.743071 0.415434
3.745776 0.415546
3.748485 0.415546
3.751197 0.415546
3.753913 0.415602
3.756634 0.415602
3.759358 0.415602
3.762086 0.415434
3.764818 0.415321
3.767554 0.415265
3.770293 0.415321
3.773037 0.415378
3.775785 0.415265
3.778537 0.415209
3.781293 0.415041
3.784053 0.414928
3.786817 0.41476
3.789586 0.414591
3.792358 0.414422
3.795134 0.414198
3.797915 0.413804
3.800699 0.413411
3.803488 0.413018
3.80628 0.412568
3.809077 0.412119
3.811877 0.411557
3.814683 0.410826
3.817492 0.410152
3.820305 0.409477
3.823123 0.408859
3.825944 0.408129
3.82877 0.407286
3.8316 0.406443
3.834434 0.405656
3.837271 0.404813
3.840113 0.403858
3.84296 0.402959
3.845811 0.402116
3.848666 0.401105
3.851525 0.400149
3.854389 0.399082
3.857257 0.39807
3.86013 0.397115
3.863006 0.396216
3.865887 0.395204
3.868772 0.394249
3.871661 0.393182
3.874554 0.39217
3.877452 0.391102
3.880355 0.389978
3.883262 0.388911
3.886173 0.387731
3.889088 0.386607
3.892008 0.385427
3.894932 0.384191
3.897861 0.382898
3.900793 0.381662
3.903731 0.38037
3.906672 0.379021
3.909618 0.377785
3.912569 0.376155
3.915524 0.374582
3.918483 0.373008
3.921447 0.371322
3.924416 0.369356
3.927389 0.367108
3.930367 0.364579
3.933349 0.36177
3.936336 0.358735
3.939327 0.356038
3.942322 0.354689
3.945323 0.354296
3.948327 0.354071
3.951337 0.353453
3.954351 0.352273
3.95737 0.3507
3.960393 0.348958
3.963421 0.346991
3.966453 0.344743
3.96949 0.342327
3.972532 0.339742
3.975579 0.337157
3.978629 0.334291
3.981685 0.331257
3.984745 0.327942
3.98781 0.324514
3.99088 0.320917
3.993955 0.317096
3.997034 0.313107
4.000118 0.308892
4.003208 0.304509
4.006302 0.300014
4.0094 0.29535
4.012504 0.290573
4.015612 0.285797
4.018724 0.280908
4.021842 0.275907
4.024965 0.27085
4.028091 0.265961
4.031223 0.261241
4.03436 0.256577
4.037502 0.252025
4.040649 0.247867
4.043801 0.243989
4.046958 0.240393
4.050119 0.237246
4.053287 0.234493
4.056458 0.232077
4.059635 0.229997
4.062816 0.228536
4.066003 0.227413
4.069194 0.226738
4.072391 0.226513
4.075593 0.226851
4.078799 0.227637
4.082011 0.228874
4.085227 0.230447
4.088449 0.23247
4.091676 0.234774
4.094908 0.237302
4.098145 0.239887
4.101388 0.242585
4.104634 0.24545
4.107887 0.248372
4.111144 0.251351
4.114407 0.254273
4.117675 0.257195
4.120948 0.260004
4.124227 0.262477
4.12751 0.264725
4.130799 0.266916
4.134094 0.268883
4.137393 0.270512
4.140697 0.271861
4.144008 0.27276
4.147323 0.273434
4.150643 0.273772
4.153969 0.273659
4.157301 0.273378
4.160638 0.27276
4.16398 0.271749
4.167327 0.270569
4.17068 0.26922
4.174038 0.267647
4.177401 0.265961
4.18077 0.264106
4.184143 0.26214
4.187523 0.260061
4.190908 0.257981
4.194299 0.255846
4.197695 0.253711
4.201097 0.251632
4.204504 0.249496
4.207917 0.247361
4.211336 0.245169
4.214759 0.243034
4.218189 0.241067
4.221624 0.239382
4.225064 0.238145
4.22851 0.237302
4.231962 0.236741
4.23542 0.236291
4.238883 0.235841
4.242352 0.235336
4.245827 0.234718
4.249307 0.233931
4.252793 0.232976
4.256284 0.231739
4.259782 0.229829
4.263285 0.227862
4.266792 0.226008
4.270307 0.224378
4.273828 0.222973
4.277354 0.221568
4.280886 0.220051
4.284424 0.218365
4.287968 0.216567
4.291517 0.214713
4.295074 0.21269
4.298635 0.210892
4.302202 0.209431
4.305776 0.208251
4.309355 0.207464
4.31294 0.207296
4.316531 0.20752
4.320128 0.207914
4.323732 0.208251
4.327342 0.208532
4.330956 0.208532
4.334578 0.208251
4.338205 0.207745
4.341838 0.207015
4.345478 0.206228
4.349123 0.205385
4.352774 0.204711
4.356431 0.204486
4.360096 0.204711
4.363765 0.205104
4.367442 0.205666
4.371124 0.206284
4.374813 0.206958
4.378508 0.207633
4.38221 0.208026
4.385918 0.208082
4.389631 0.207914
4.393351 0.20752
4.397078 0.206958
4.40081 0.206059
4.404549 0.204992
4.408295 0.203755
4.412045 0.20207
4.415803 0.200103
4.419568 0.198024
4.423338 0.195945
4.427116 0.193809
4.4309 0.19173
4.43469 0.189539
4.438487 0.187291
4.442291 0.185043
4.446101 0.182964
4.449917 0.181166
4.45374 0.179649
4.45757 0.178412
4.461406 0.177345
4.465249 0.176446
4.469098 0.175715
4.472954 0.175097
4.476817 0.174647
4.480686 0.174254
4.484562 0.173861
4.488445 0.173524
4.492334 0.173186
4.496231 0.172737
4.500134 0.172119
4.504043 0.171107
4.507959 0.169702
4.511883 0.167792
4.515813 0.165544
4.51975 0.163521
4.523694 0.161948
4.527645 0.161105
4.531602 0.160993
4.535568 0.161498
4.539539 0.162116
4.543518 0.162735
4.547503 0.163353
4.551496 0.163802
4.555496 0.164083
4.559502 0.164364
4.563516 0.164364
4.567537 0.164083
4.571565 0.163577
4.5756 0.162847
4.579642 0.162285
4.583691 0.161948
4.587747 0.161667
4.591811 0.161049
4.595881 0.16015
4.599958 0.159082
4.604044 0.157677
4.608136 0.156216
4.612236 0.154643
4.616343 0.153013
4.620458 0.151046
4.624579 0.149023
4.628708 0.147001
4.632845 0.145259
4.636989 0.144022
4.64114 0.143292
4.645299 0.14273
4.649466 0.14228
4.653639 0.141775
4.65782 0.141437
4.662009 0.141381
4.666206 0.142168
4.67041 0.143854
4.674621 0.146326
4.67884 0.149023
4.683066 0.151496
4.687301 0.15335
4.691543 0.15453
4.695792 0.155092
4.700048 0.155429
4.704313 0.155261
4.708586 0.154643
4.712867 0.153631
4.717155 0.153294
4.721451 0.154643
4.725755 0.157902
4.730067 0.162116
4.734388 0.166612
4.738715 0.170826
4.743051 0.174647
4.747394 0.177907
4.751746 0.180548
4.756105 0.182571
4.760472 0.184144
4.764848 0.185549
4.769232 0.186954
4.773623 0.188134
4.778023 0.188864
4.782431 0.188864
4.786847 0.188302
4.791271 0.187853
4.795703 0.187965
4.800144 0.18937
4.804591 0.191955
4.809048 0.194989
4.813513 0.197743
4.817986 0.199597
4.822468 0.200047
4.826958 0.199148
4.831457 0.197181
4.835964 0.194427
4.84048 0.190719
4.845004 0.185998
4.849536 0.180829
4.854077 0.176558
4.858626 0.175322
4.863184 0.178974
4.867751 0.187628
4.872326 0.200047
4.876908 0.21387
4.8815 0.227075
4.886101 0.238763
4.89071 0.249047
4.895329 0.257532
4.899956 0.264106
4.904591 0.268827
4.909236 0.271693
4.91389 0.272929
4.918552 0.273434
4.923223 0.275233
4.927903 0.279728
4.932591 0.285966
4.937289 0.292259
4.941996 0.297541
4.946712 0.301868
4.951437 0.30524
4.956171 0.307881
4.960914 0.310185
4.965665 0.312039
4.970426 0.31305
4.975196 0.313612
4.979976 0.313893
4.984764 0.314455
4.989561 0.315467
4.994367 0.316647
4.999184 0.31749
5.004009 0.317995
5.008844 0.317995
5.013688 0.317265
5.018541 0.315804
5.023404 0.314287
5.028277 0.31187
5.033159 0.307768
5.038051 0.301362
5.042951 0.291585
5.047862 0.276694
5.052782 0.255734
5.057711 0.231739
5.06265 0.216062
5.0676 0.219152
5.072558 0.236516
5.077527 0.256183
5.082504 0.272198
5.087492 0.28428
5.09249 0.293102
5.097497 0.299564
5.102514 0.304734
5.10754 0.308667
5.112577 0.311814
5.117624 0.314399
5.122681 0.316534
5.127748 0.318276
5.132825 0.319906
5.137912 0.321198
5.143009 0.321985
5.148117 0.322772
5.153234 0.324401
5.158362 0.325525
5.1635 0.326312
5.168648 0.326874
5.173806 0.327492
5.178975 0.328054
5.184154 0.328616
5.189344 0.328897
5.194544 0.328841
5.199754 0.328503
5.204975 0.328841
5.210206 0.328166
5.215447 0.328391
5.2207 0.329852
5.225963 0.330245
5.231235 0.330077
5.236519 0.329908
5.241814 0.330021
5.247119 0.330133
5.252435 0.329908
5.257762 0.329627
5.2631 0.329571
5.268449 0.329403
5.273809 0.328897
5.27918 0.328672
5.284561 0.328391
5.289953 0.327267
5.295357 0.327211
5.300771 0.327717
5.306197 0.32738
5.311634 0.326986
5.31708 0.326481
5.322538 0.325975
5.328009 0.325413
5.33349 0.324851
5.338983 0.324064
5.344487 0.322041
5.350003 0.319737
5.355529 0.320131
5.361069 0.320749
5.366619 0.320299
5.37218 0.3194
5.377753 0.318557
5.383337 0.317658
5.388933 0.316872
5.394541 0.315692
5.40016 0.314792
5.405792 0.313556
5.411435 0.312095
5.417089 0.308948
5.422756 0.306476
5.428434 0.308274
5.434124 0.309005
5.439826 0.307881
5.44554 0.307094
5.451264 0.306588
5.457003 0.305127
5.462753 0.302655
5.468515 0.302767
5.47429 0.302711
5.480077 0.301924
5.485876 0.302655
5.491687 0.302542
5.497512 0.301868
5.503348 0.301194
5.509196 0.300744
5.515058 0.29962
5.520931 0.298384
5.526816 0.297935
5.532715 0.297878
5.538626 0.297429
5.544551 0.296305
5.550487 0.294619
5.556436 0.294001
5.562398 0.294001
5.568373 0.293046
5.57436 0.289618
5.58036 0.287427
5.586374 0.288944
5.592398 0.289169
5.598437 0.28737
5.604489 0.286078
5.610555 0.285291
5.616633 0.283886
5.622725 0.283268
5.62883 0.281807
5.634949 0.278323
5.641082 0.273828
5.647227 0.274334
5.653385 0.27439
5.659557 0.273996
5.665742 0.273378
5.671941 0.269894
5.678154 0.267647
5.68438 0.266972
5.69062 0.264387
5.696874 0.26332
5.703141 0.260623
5.709422 0.256015
5.715717 0.25461
5.722026 0.25416
5.728348 0.25298
5.734685 0.250733
5.741033 0.247698
5.747398 0.244214
5.753777 0.242922
5.76017 0.237359
5.766577 0.230728
5.772999 0.232133
5.779435 0.232077
5.785885 0.230054
5.792351 0.227469
5.798831 0.22421
5.805324 0.22095
5.811832 0.216343
5.818355 0.208757
5.824893 0.204542
5.831445 0.203474
5.838012 0.20162
5.844594 0.198248
5.851191 0.193528
5.857803 0.187853
5.864429 0.182458
5.871071 0.177569
5.877727 0.168354
5.884399 0.163128
5.891086 0.159756
5.897785 0.153912
5.904502 0.151777
5.911235 0.147282
5.917983 0.141156
5.924747 0.134807
5.931525 0.126378
5.93832 0.11896
5.94513 0.116094
5.951957 0.111543
5.958798 0.105924
5.965655 0.098843
5.972528 0.09328
5.979417 0.088391
5.986322 0.082547
5.993242 0.07749
6.000179 0.073613
6.00713 0.068668
6.014098 0.063779
6.021083 0.059789
6.028085 0.056024
6.035102 0.051922
6.042136 0.04709
6.049186 0.042426
6.056253 0.040796
6.063337 0.038998
6.070437 0.036469
6.077554 0.034952
6.084687 0.034221
6.091837 0.033379
6.099004 0.032817
6.106188 0.032255
6.113389 0.032199
6.120608 0.03321
6.127842 0.034502
6.135094 0.035458
6.142364 0.036638
6.14965 0.038099
6.156953 0.03956
6.164274 0.041527
6.171613 0.04383
6.178967 0.045348
6.18634 0.047314
6.193731 0.05063
6.201139 0.053608
6.208566 0.056249
6.216011 0.058834
6.223473 0.061531
6.230953 0.064116
6.238452 0.066813
6.245968 0.069567
6.253502 0.072264
6.261055 0.07468
6.268626 0.07704
6.276215 0.079288
6.283823 0.081367
6.291449 0.083165
6.299095 0.084795
6.306758 0.086256
6.31444 0.087492
6.32214 0.08856
6.32986 0.089571
6.337598 0.089459
6.345355 0.089965
6.353131 0.092774
6.360924 0.094123
6.368739 0.094235
6.376572 0.095696
6.384425 0.097214
6.392297 0.098169
6.400189 0.098338
6.4081 0.095696
6.416031 0.095191
6.423983 0.09845
6.431953 0.100079
6.439943 0.101372
6.447953 0.101934
6.455982 0.102159
6.464032 0.102215
6.472102 0.101372
6.480192 0.100192
6.488305 0.098338
6.496436 0.09845
6.504587 0.101147
6.512758 0.101597
6.52095 0.100529
6.529163 0.10126
6.537397 0.101091
6.545651 0.099967
6.553923 0.098843
6.562219 0.097719
6.570536 0.095696
6.578875 0.095696
6.587234 0.095753
6.595614 0.095415
6.604017 0.095528
6.61244 0.094854
6.620886 0.09373
6.629353 0.091201
6.637841 0.089403
6.646351 0.091145
6.654883 0.092437
6.663437 0.091707
6.672013 0.090302
6.680611 0.089178
6.689233 0.089403
6.697875 0.089178
6.70654 0.087548
6.715228 0.086593
6.723937 0.086312
6.73267 0.085919
6.741425 0.085188
6.750203 0.084121
6.759001 0.083165
6.767824 0.081873
6.776671 0.080412
6.785541 0.07867
6.794435 0.077771
6.803351 0.078108
6.812291 0.07749
6.821255 0.076141
6.830244 0.075411
6.839254 0.075186
6.848289 0.073781
6.857347 0.071253
6.86643 0.070241
6.875537 0.071253
6.884668 0.07114
6.893823 0.070522
6.902999 0.069398
6.912203 0.068668
6.921432 0.067937
6.930685 0.06687
6.939963 0.065689
6.949265 0.064116
6.958593 0.062149
6.967947 0.061587
6.977327 0.061082
6.98673 0.059958
6.996159 0.058778
7.005613 0.05771
7.015093 0.056418
7.024599 0.055181
7.03413 0.053945
7.043687 0.052259
7.053272 0.051473
7.062882 0.051136
7.072517 0.050349
7.082179 0.04945
7.091867 0.048438
7.101583 0.047539
7.111324 0.04664
7.121092 0.045797
7.130883 0.04501
7.140706 0.043943
7.150555 0.0431
7.160431 0.042369
7.170335 0.041414
7.180266 0.040965
7.190225 0.04029
7.200211 0.039335
7.210228 0.038492
7.22027 0.037874
7.23034 0.036975
7.240438 0.036188
7.250565 0.035458
7.26072 0.034615
7.270903 0.03366
7.281115 0.032929
7.291358 0.032142
7.301627 0.031243
7.311926 0.030344
7.322253 0.029501
7.33261 0.028434
7.342996 0.027535
7.353412 0.026804
7.363857 0.026017
7.374328 0.025231
7.384833 0.0245
7.395367 0.02377
7.405932 0.023151
7.416527 0.022533
7.427153 0.021915
7.437809 0.021241
7.448495 0.020567
7.459215 0.019836
7.469963 0.019162
7.480742 0.018544
7.491552 0.017926
7.502394 0.017307
7.513267 0.016802
7.524172 0.016184
7.535108 0.015565
7.546078 0.015003
7.557078 0.014554
7.56811 0.013992
7.579175 0.013486
7.590272 0.013037
7.601401 0.012587
7.612564 0.012025
7.623759 0.011632
7.634982 0.011126
7.646243 0.01062
7.657537 0.010171
7.668865 0.009834
7.680227 0.009384
7.691622 0.009047
7.703051 0.008766
7.714513 0.008485
7.726013 0.008204
7.737544 0.008036
7.74911 0.007867
7.76071 0.007923
7.772346 0.007979
7.784016 0.008092
7.795721 0.00826
7.807461 0.008485
7.819234 0.008822
7.831045 0.009272
7.842893 0.009834
7.854775 0.01062
7.866695 0.011688
7.87865 0.012868
7.890642 0.014498
7.90267 0.016577
7.914737 0.018881
7.926839 0.021578
7.938978 0.024893
7.951155 0.028939
7.963368 0.033435
7.97562 0.038773
7.987909 0.04501
8.000236 0.051978
8.012604 0.059677
8.025007 0.068331
8.03745 0.077827
8.04993 0.088054
8.062449 0.098169
8.075007 0.107385
8.087605 0.11469
8.100242 0.119803
8.112914 0.122557
8.12563 0.123287
8.138387 0.122725
8.151183 0.12177
8.16402 0.121039
8.176896 0.120534
8.189815 0.119859
8.202773 0.118904
8.215774 0.117443
8.228815 0.115926
8.241898 0.114633
8.255021 0.113791
8.268188 0.113397
8.281395 0.113734
8.294645 0.115308
8.307939 0.11823
8.321277 0.122276
8.334655 0.127389
8.348077 0.133514
8.361541 0.140201
8.37505 0.147001
8.388601 0.153519
8.402197 0.159082
8.415837 0.162903
8.429516 0.165376
8.443245 0.169759
8.457019 0.178356
8.470837 0.187572
8.484701 0.194203
8.49861 0.198698
8.512566 0.201789
8.526567 0.203755
8.540616 0.204542
8.554709 0.203868
8.56885 0.201508
8.583036 0.197687
8.59727 0.193191
8.611551 0.188471
8.62588 0.183751
8.640257 0.178525
8.654684 0.172962
8.669156 0.167061
8.683678 0.160936
8.698248 0.154755
8.712867 0.148574
8.727534 0.142224
8.742252 0.135312
8.75702 0.127783
8.771832 0.119354
8.786699 0.109913
8.801618 0.099518
8.816586 0.08856
8.831606 0.07794
8.846677 0.069342
8.861799 0.063835
8.876974 0.061644
8.892203 0.062543
8.907482 0.065521
8.922813 0.070016
8.938197 0.076085
8.953634 0.084233
8.969126 0.09491
8.98467 0.107497
9.000268 0.120253
9.015924 0.131323
9.031631 0.140145
9.047393 0.146776
9.06321 0.151271
9.079082 0.153856
9.095011 0.154924
9.110995 0.154699
9.127035 0.153463
9.143127 0.151721
9.159282 0.149529
9.175492 0.14672
9.191761 0.143404
9.208088 0.139695
9.224472 0.135874
9.240915 0.131772
9.257417 0.127389
9.27398 0.122838
9.290601 0.118005
9.307281 0.112948
9.32402 0.107778
9.34082 0.103226
9.35768 0.099686
9.374602 0.096933
9.391585 0.095247
9.408624 0.094404
9.42573 0.093954
9.442899 0.093898
9.460131 0.094123
9.477425 0.094629
9.494783 0.095191
9.512204 0.095753
9.52969 0.096258
9.547244 0.096652
9.564858 0.096989
9.582539 0.09727
9.600284 0.097663
9.618095 0.098
9.635973 0.098394
9.653916 0.098618
9.671927 0.098562
9.690009 0.098281
9.708156 0.097663
9.72637 0.096877
9.744653 0.095415
9.763004 0.092662
9.781425 0.087829
9.799915 0.080356
9.818476 0.073275
9.837101 0.071871
9.855803 0.07631
9.874576 0.081423
9.89342 0.084514
9.912336 0.085582
9.931326 0.08502
9.950388 0.082941
9.969523 0.079569
9.988736 0.075017
10.008019 0.06878
10.027377 0.060857
10.04681 0.053158
10.066319 0.051473
10.085902 0.059396
10.105563 0.0676
10.1253 0.069735
10.145119 0.070578
10.165011 0.073725
10.184982 0.078108
10.205031 0.082604
10.22516 0.086706
10.245367 0.090751
10.265656 0.094629
10.286023 0.097888
10.306466 0.100304
10.326997 0.101934
10.34761 0.102777
10.368304 0.102327
10.389083 0.102215
10.409945 0.104406
10.43089 0.106935
10.45192 0.108677
10.473039 0.109857
10.49424 0.110925
10.515526 0.111824
10.536899 0.112611
10.558359 0.113566
10.579906 0.114521
10.601542 0.115476
10.623267 0.116432
10.645084 0.117275
10.666988 0.117893
10.688982 0.118342
10.711066 0.118904
10.733243 0.119185
10.755511 0.11941
10.777872 0.119747
10.800325 0.119803
10.822865 0.119747
10.845508 0.119466
10.868244 0.119129
10.891077 0.118623
10.914005 0.117949
10.937031 0.117218
10.960154 0.116544
10.983374 0.115814
11.006698 0.11469
11.030116 0.113341
11.053635 0.112161
11.077253 0.110812
11.100973 0.109239
11.124795 0.107722
11.14872 0.106261
11.172747 0.104687
11.196871 0.103002
11.221107 0.10126
11.245447 0.099855
11.269894 0.098675
11.294447 0.097495
11.319107 0.096483
11.343875 0.095472
11.368752 0.094292
11.393744 0.093224
11.418839 0.091819
11.444047 0.090414
11.469365 0.089122
11.494797 0.087661
11.52034 0.0862
11.545999 0.084907
11.571771 0.083165
11.597663 0.08148
11.623667 0.079906
11.649787 0.078445
11.676025 0.077097
11.702382 0.075467
11.728858 0.074006
11.755454 0.072489
11.782171 0.070859
11.809002 0.069398
11.835962 0.067993
11.863048 0.066476
11.890256 0.064903
11.91759 0.063442
11.94505 0.062149
11.972636 0.060801
12.000351 0.059283
12.028198 0.057935
12.056171 0.056418
12.084274 0.054676
12.112508 0.053046
12.140875 0.051416
12.169374 0.049674
12.198009 0.047764
12.226777 0.046247
12.255688 0.044673
12.28473 0.043156
12.31391 0.041583
12.343228 0.040009
12.372687 0.038267
12.402287 0.036863
12.432029 0.035458
12.461913 0.034109
12.491931 0.032873
12.522105 0.031749
12.552425 0.030906
12.582892 0.030119
12.613507 0.02922
12.644272 0.028434
12.675187 0.027984
12.706254 0.027815
12.737479 0.027647
12.768852 0.027703
12.80038 0.028209
12.832064 0.028883
12.863906 0.029557
12.895905 0.030288
12.928064 0.031131
12.960384 0.032255
12.992874 0.033547
13.025519 0.035121
13.05833 0.036469
13.091305 0.037874
13.124448 0.039279
13.157759 0.040403
13.191238 0.04147
13.22489 0.042538
13.258701 0.043774
13.292698 0.044786
13.326869 0.045516
13.361217 0.046134
13.395742 0.046752
13.430446 0.047033
13.46533 0.047202
13.500397 0.047483
13.535651 0.04782
13.571085 0.047933
13.606705 0.047989
13.642511 0.048101
13.678508 0.047876
13.714694 0.047539
13.751073 0.047483
13.787644 0.047539
13.82442 0.047427
13.861383 0.047258
13.898545 0.047202
13.935907 0.047371
13.97347 0.047146
14.011236 0.04709
14.049208 0.047033
14.087384 0.046865
14.125755 0.047146
14.16435 0.047371
14.203156 0.047202
14.242176 0.04709
14.281411 0.046921
14.320862 0.046977
14.360532 0.047146
14.400422 0.046752
14.440542 0.046078
14.48088 0.045685
14.521442 0.045235
14.562233 0.044505
14.603253 0.04383
14.644506 0.043156
14.685991 0.042088
14.727713 0.040627
14.76966 0.039054
14.811859 0.037368
14.8543 0.035345
14.896984 0.032985
14.939916 0.030737
14.983094 0.028096
15.026524 0.025961
15.070205 0.025399
15.11415 0.026748
15.158343 0.0304
15.202796 0.033828
15.24751 0.034109
15.292488 0.031187
15.337732 0.027647
15.383245 0.024556
15.429028 0.022758
15.475092 0.024332
15.521424 0.029389
15.568036 0.033997
15.614927 0.034896
15.662103 0.033041
15.709563 0.032142
15.757313 0.03439
15.805353 0.039504
15.853672 0.047146
15.902304 0.05771
15.951234 0.07277
16.000465 0.089796
16.050003 0.100585
16.099848 0.099461
16.150003 0.090021
16.200472 0.079513
16.251265 0.071365
16.30237 0.065409
16.353796 0.062037
16.405548 0.062206
16.45763 0.066589
16.510042 0.073332
16.56279 0.078389
16.615877 0.079457
16.669313 0.076928
16.723085 0.07395
16.777206 0.071646
16.831676 0.069848
16.886503 0.068555
16.941689 0.067712
16.997234 0.067038
17.053146 0.066532
17.109409 0.066251
17.166063 0.065802
17.223093 0.065296
17.280504 0.064397
17.338299 0.063161
17.396481 0.062093
17.455055 0.060801
17.514025 0.059845
17.573404 0.058497
17.633179 0.05698
17.693359 0.055462
17.753954 0.05417
17.814964 0.053158
17.876394 0.051697
17.938251 0.049955
18.000536 0.048607
18.063269 0.04782
18.126427 0.047314
18.190027 0.046472
18.254078 0.046191
18.318579 0.046191
18.383539 0.046752
18.448961 0.047258
18.514851 0.048213
18.58119 0.049113
18.648029 0.048832
18.715351 0.048832
18.783159 0.048944
18.851461 0.048438
18.920263 0.048494
18.989569 0.048832
19.059383 0.048382
19.129725 0.047708
19.200575 0.047595
19.271952 0.047876
19.343863 0.047933
19.416311 0.047876
19.489305 0.048101
19.562849 0.049225
19.636951 0.050068
19.711594 0.050911
19.786827 0.052091
19.862638 0.052653
19.939034 0.053383
20.016018 0.053046
20.093599 0.052765
20.171785 0.052597
20.250582 0.051866
20.330009 0.051136
20.410049 0.05063
20.490723 0.049955
20.572035 0.049113
20.653994 0.047989
20.73661 0.047652
20.819889 0.048326
20.903841 0.049506
20.988487 0.051416
21.073807 0.054226
21.159821 0.054788
21.246542 0.054563
21.333977 0.054507
21.422132 0.0549
21.511023 0.054339
21.600651 0.053552
21.691 0.052821
21.782139 0.050124
21.874046 0.046752
21.966734 0.046022
22.060209 0.047427
22.154484 0.050124
22.249567 0.051136
22.34547 0.05181
22.442221 0.05136
22.539797 0.050686
22.638224 0.048607
22.737514 0.048775
22.837679 0.050293
22.93873 0.052484
23.04068 0.055575
23.143541 0.058384
23.247343 0.058497
23.35206 0.057911
23.457727 0.05693
23.564352 0.056048
23.671953 0.05492
23.78054 0.053547
23.890127 0.05237
24.000731 0.050997
24.112324 0.050016
24.224998 0.049771
24.338732 0.047515
24.453537 0.045505
24.569429 0.043396
24.686426 0.041141
24.804543 0.039866
24.923796 0.03913
25.044222 0.037561
25.165796 0.035306
25.288555 0.033589
25.412519 0.03256
25.537704 0.031138
25.664127 0.029715
25.791811 0.028588
25.920769 0.028097
26.051052 0.026332
26.182623 0.024616
26.315529 0.024076
26.449793 0.023292
26.585432 0.022458
26.722471 0.021821
26.860929 0.020742
27.00083 0.019222
27.142149 0.018928
27.285002 0.019075
27.429367 0.019271
27.575268 0.020252
27.722729 0.021968
27.871777 0.025008
28.022434 0.029666
28.17473 0.034619
28.328716 0.03913
28.484369 0.043985
28.641743 0.048545
28.800863 0.052958
28.961761 0.055606
29.124468 0.05644
29.289013 0.055802
29.455427 0.055263
29.623777 0.053988
29.794029 0.052174
29.966249 0.050408
30.140471 0.048496
30.316732 0.046682
30.495066 0.045358
30.67551 0.044328
30.858103 0.043642
31.04282 0.043151
31.229824 0.042269
31.419096 0.041876
31.610676 0.042416
31.804607 0.043347
32.000931 0.044083
32.199696 0.045848
32.400944 0.048496
32.604759 0.051144
32.811115 0.053792
33.020103 0.058058
33.231773 0.064629
33.446171 0.071984
33.663353 0.080761
33.883377 0.089931
34.106293 0.099836
34.332088 0.1093
34.560966 0.118813
34.792919 0.128375
35.028008 0.136466
35.266293 0.143184
35.507843 0.148136
35.752724 0.151667
36.001007 0.154413
36.252811 0.155246
36.508114 0.154266
36.767036 0.153285
37.029659 0.153824
37.296059 0.156374
37.566319 0.160542
37.840527 0.165642
38.118767 0.170889
38.40118 0.175939
38.687756 0.178734
38.978642 0.17996
39.273933 0.180352
39.573734 0.180794
39.878147 0.180892
40.187283 0.179715
40.501244 0.180598
40.820042 0.183245
41.144012 0.184226
41.473164 0.183049
41.807625 0.178979
42.147522 0.170938
42.492992 0.161278
42.844173 0.152696
43.20121 0.146861
43.564312 0.142889
43.933502 0.142203
44.309002 0.147891
44.690975 0.160101
45.079594 0.176233
45.475029 0.190307
45.87746 0.198103
46.287083 0.19776
46.704159 0.19418
47.128742 0.194769
47.561119 0.203252
48.001499 0.217914
48.450111 0.228603
48.907188 0.225857
49.372971 0.2135
49.847713 0.204086
50.331509 0.195161
50.824955 0.183491
51.328171 0.172409
51.841454 0.165691
52.365105 0.16981
52.899441 0.181725
53.444794 0.188737
54.001511 0.183932
54.570061 0.172997
55.150593 0.161523
55.74361 0.151421
56.349518 0.144458
56.968742 0.140487
57.60173 0.137005
58.24894 0.13627
58.910862 0.144262
59.588123 0.15912
60.28101 0.16981
60.9902 0.171428
61.716274 0.172065
62.459846 0.173586
63.221554 0.166721
64.002068 0.155688
64.802094 0.146616
65.622093 0.13931
66.463402 0.141958
67.326561 0.159758
68.21244 0.174958
69.121933 0.17947
70.056015 0.176675
71.015686 0.175596
72.002014 0.176675
73.016319 0.175155
74.05941 0.168192
75.132736 0.156031
76.237625 0.144998
77.375504 0.140536
78.547859 0.149362
79.756294 0.173733
81.002487 0.183196
82.28849 0.171967
83.61573 0.16677
84.986481 0.168094
86.402931 0.167505
87.867393 0.166034
89.382355 0.164661
90.95047 0.165102
92.574593 0.165936
94.25721 0.159071
96.002708 0.152304
97.814079 0.145831
99.695114 0.141026
101.649918 0.142252
103.682915 0.148136
105.798889 0.15657
108.003029 0.166622
110.301392 0.171232
112.699249 0.16775
115.203682 0.162209
117.821953 0.15863
120.562004 0.157208
123.432541 0.157061
126.443092 0.16319
129.604187 0.174811
132.926254 0.182559
136.424286 0.192562
140.11142 0.202418
144.003372 0.199035
148.117722 0.195455
152.474106 0.191483
157.094498 0.188296
162.003662 0.19369
167.230545 0.207518
172.804886 0.213991
178.763672 0.228603
185.148087 0.241647
192.005402 0.224043
199.390213 0.204331
207.365814 0.195455
216.006042 0.186237
