1.60749 0.22955
1.607988 0.229607
1.608487 0.229836
1.608986 0.230236
1.609486 0.230521
1.609986 0.230693
1.610486 0.23035
1.610986 0.230007
1.611487 0.230064
1.611988 0.230521
1.61249 0.230578
1.612991 0.230236
1.613493 0.230064
1.613996 0.230464
1.614498 0.23075
1.615001 0.231035
1.615505 0.231035
1.616008 0.230864
1.616512 0.230807
1.617016 0.231092
1.617521 0.230864
1.618026 0.230464
1.618531 0.230521
1.619036 0.230407
1.619542 0.230521
1.620048 0.230693
1.620554 0.230635
1.621061 0.230693
1.621568 0.23035
1.622076 0.230464
1.622583 0.23075
1.623091 0.230578
1.6236 0.23035
1.624108 0.230407
1.624617 0.230693
1.625127 0.23115
1.625636 0.23115
1.626146 0.231321
1.626656 0.231435
1.627167 0.231321
1.627678 0.230978
1.628189 0.230864
1.628701 0.230921
1.629212 0.230978
1.629725 0.23035
1.630237 0.230521
1.63075 0.231035
1.631263 0.231264
1.631777 0.23115
1.63229 0.230978
1.632804 0.230578
1.633319 0.230578
1.633834 0.230578
1.634349 0.230921
1.634864 0.230921
1.63538 0.230978
1.635896 0.231264
1.636412 0.23115
1.636929 0.230635
1.637446 0.230521
1.637964 0.230693
1.638481 0.230978
1.638999 0.230921
1.639518 0.231207
1.640036 0.23115
1.640555 0.230921
1.641075 0.23075
1.641594 0.230807
1.642114 0.231035
1.642634 0.230864
1.643155 0.230978
1.643676 0.230978
1.644197 0.230864
1.644719 0.230978
1.645241 0.231092
1.645763 0.231035
1.646286 0.230864
1.646809 0.230864
1.647332 0.23115
1.647856 0.231549
1.64838 0.231606
1.648904 0.231492
1.649429 0.231207
1.649953 0.231207
1.650479 0.231378
1.651004 0.231606
1.651531 0.231321
1.652057 0.230978
1.652583 0.231264
1.65311 0.231664
1.653638 0.231435
1.654165 0.231378
1.654693 0.231378
1.655222 0.231549
1.65575 0.231492
1.656279 0.231035
1.656809 0.230864
1.657338 0.231321
1.657868 0.231949
1.658399 0.232349
1.658929 0.232063
1.65946 0.231892
1.659992 0.23212
1.660523 0.231778
1.661055 0.231606
1.661588 0.231721
1.662121 0.231778
1.662654 0.232063
1.663187 0.231892
1.663721 0.231892
1.664255 0.23212
1.664789 0.232235
1.665324 0.232006
1.665859 0.23212
1.666395 0.232235
1.666931 0.231892
1.667467 0.231664
1.668003 0.231949
1.66854 0.23212
1.669077 0.232235
1.669615 0.232006
1.670153 0.231892
1.670691 0.231949
1.671229 0.232178
1.671769 0.232006
1.672308 0.232292
1.672847 0.232577
1.673387 0.232806
1.673928 0.232863
1.674468 0.23252
1.675009 0.232463
1.675551 0.232577
1.676093 0.232635
1.676635 0.232635
1.677177 0.232577
1.67772 0.232749
1.678263 0.23292
1.678806 0.232863
1.67935 0.232406
1.679894 0.232406
1.680439 0.232692
1.680984 0.232977
1.681529 0.233377
1.682074 0.233377
1.682621 0.232749
1.683167 0.232577
1.683714 0.232692
1.68426 0.23292
1.684808 0.232977
1.685356 0.233263
1.685904 0.233263
1.686452 0.232806
1.687001 0.232749
1.68755 0.233149
1.6881 0.233263
1.68865 0.23332
1.6892 0.23332
1.689751 0.233091
1.690302 0.232692
1.690853 0.232806
1.691405 0.232806
1.691957 0.233091
1.692509 0.233206
1.693061 0.233263
1.693615 0.233377
1.694168 0.233548
1.694722 0.233491
1.695276 0.233149
1.695831 0.23292
1.696385 0.233034
1.696941 0.233206
1.697497 0.233206
1.698053 0.233034
1.698609 0.232977
1.699166 0.233149
1.699723 0.233263
1.70028 0.233034
1.700838 0.23292
1.701396 0.232863
1.701955 0.232863
1.702514 0.23292
1.703073 0.233034
1.703633 0.233034
1.704193 0.233034
1.704753 0.232977
1.705314 0.23292
1.705875 0.233149
1.706436 0.233377
1.706998 0.233377
1.707561 0.233377
1.708123 0.23332
1.708686 0.233605
1.70925 0.233434
1.709813 0.233149
1.710377 0.233377
1.710942 0.233377
1.711507 0.232977
1.712072 0.23292
1.712638 0.233091
1.713204 0.233263
1.71377 0.233149
1.714337 0.232977
1.714904 0.232749
1.715471 0.232749
1.716039 0.23292
1.716607 0.233263
1.717176 0.23332
1.717745 0.233206
1.718314 0.233034
1.718884 0.233034
1.719454 0.233206
1.720024 0.233263
1.720595 0.233091
1.721167 0.233206
1.721738 0.23332
1.72231 0.23332
1.722883 0.232863
1.723455 0.232863
1.724029 0.233034
1.724602 0.233034
1.725176 0.233034
1.72575 0.232692
1.726325 0.232749
1.7269 0.233149
1.727476 0.233206
1.728051 0.233434
1.728628 0.233206
1.729204 0.23292
1.729781 0.232977
1.730358 0.233091
1.730936 0.233149
1.731514 0.23332
1.732093 0.233263
1.732672 0.233263
1.733251 0.233206
1.733831 0.233377
1.734411 0.233663
1.734991 0.233548
1.735572 0.23332
1.736153 0.233377
1.736735 0.23332
1.737317 0.233491
1.7379 0.233548
1.738482 0.233548
1.739066 0.233548
1.739649 0.233491
1.740233 0.233491
1.740817 0.233377
1.741402 0.233548
1.741987 0.233777
1.742573 0.233491
1.743159 0.23332
1.743745 0.233263
1.744332 0.233263
1.744919 0.23332
1.745506 0.233548
1.746094 0.23372
1.746683 0.23372
1.747271 0.233263
1.74786 0.233034
1.74845 0.23332
1.74904 0.233605
1.74963 0.233548
1.750221 0.233834
1.750812 0.233834
1.751403 0.23372
1.751995 0.233948
1.752588 0.233948
1.75318 0.233948
1.753773 0.234062
1.754367 0.234005
1.754961 0.233777
1.755555 0.233605
1.75615 0.233777
1.756745 0.234177
1.75734 0.234062
1.757936 0.233605
1.758533 0.233605
1.759129 0.233834
1.759726 0.233834
1.760324 0.233891
1.760922 0.234234
1.76152 0.234291
1.762119 0.234234
1.762718 0.234177
1.763318 0.234234
1.763918 0.23412
1.764518 0.234005
1.765119 0.234005
1.76572 0.233891
1.766322 0.234005
1.766924 0.23412
1.767526 0.234234
1.768129 0.234234
1.768732 0.23412
1.769336 0.234062
1.76994 0.233948
1.770545 0.233891
1.771149 0.233777
1.771755 0.233891
1.77236 0.234177
1.772967 0.234234
1.773573 0.23412
1.77418 0.23412
1.774787 0.234177
1.775395 0.234005
1.776004 0.233948
1.776612 0.233948
1.777221 0.233834
1.777831 0.233834
1.778441 0.233948
1.779051 0.234005
1.779662 0.233891
1.780273 0.234062
1.780884 0.233948
1.781496 0.233948
1.782109 0.234005
1.782721 0.234177
1.783335 0.234291
1.783948 0.234005
1.784562 0.23372
1.785177 0.233891
1.785792 0.234234
1.786407 0.23412
1.787023 0.233891
1.787639 0.233777
1.788256 0.23372
1.788873 0.23372
1.789491 0.233834
1.790108 0.23412
1.790727 0.233948
1.791346 0.23372
1.791965 0.233663
1.792585 0.233663
1.793205 0.233834
1.793825 0.233834
1.794446 0.23372
1.795067 0.233948
1.795689 0.234291
1.796311 0.23412
1.796934 0.233948
1.797557 0.234062
1.79818 0.233948
1.798804 0.233491
1.799429 0.233605
1.800053 0.233834
1.800679 0.233948
1.801304 0.234005
1.801931 0.233834
1.802557 0.233777
1.803184 0.233891
1.803812 0.233834
1.804439 0.233663
1.805068 0.233605
1.805696 0.233777
1.806326 0.233663
1.806955 0.233663
1.807585 0.233605
1.808216 0.233548
1.808847 0.233834
1.809478 0.234062
1.81011 0.234005
1.810742 0.233891
1.811375 0.23372
1.812008 0.233434
1.812641 0.233434
1.813275 0.233377
1.81391 0.233434
1.814545 0.233548
1.81518 0.23372
1.815816 0.233663
1.816452 0.233605
1.817089 0.233548
1.817726 0.233434
1.818363 0.233491
1.819001 0.23372
1.81964 0.233605
1.820279 0.233548
1.820918 0.233491
1.821558 0.233663
1.822199 0.233948
1.822839 0.234005
1.82348 0.233834
1.824122 0.233834
1.824764 0.234062
1.825406 0.23412
1.826049 0.233891
1.826693 0.233834
1.827337 0.233834
1.827981 0.233948
1.828626 0.233834
1.829271 0.233948
1.829917 0.234177
1.830563 0.233948
1.83121 0.233891
1.831857 0.234005
1.832504 0.233891
1.833152 0.233834
1.833801 0.233891
1.83445 0.234062
1.835099 0.234062
1.835749 0.234005
1.836399 0.234005
1.83705 0.234005
1.837701 0.233834
1.838353 0.233663
1.839005 0.234005
1.839658 0.234348
1.840311 0.234348
1.840964 0.234234
1.841618 0.234005
1.842272 0.234234
1.842927 0.234519
1.843583 0.234576
1.844238 0.234462
1.844895 0.234348
1.845551 0.234348
1.846209 0.234348
1.846867 0.234405
1.847525 0.234234
1.848184 0.234291
1.848843 0.234234
1.849502 0.234234
1.850162 0.234348
1.850823 0.234291
1.851484 0.234177
1.852145 0.234005
1.852807 0.234005
1.853469 0.234234
1.854132 0.234177
1.854796 0.234291
1.855459 0.234462
1.856124 0.234462
1.856789 0.234234
1.857454 0.234234
1.85812 0.23412
1.858786 0.234177
1.859453 0.234405
1.86012 0.234177
1.860788 0.234005
1.861456 0.233834
1.862124 0.234005
1.862794 0.23412
1.863463 0.23412
1.864133 0.234177
1.864804 0.23412
1.865475 0.23412
1.866146 0.234291
1.866818 0.234177
1.867491 0.233891
1.868164 0.233777
1.868837 0.233891
1.869511 0.233948
1.870185 0.234177
1.87086 0.233891
1.871536 0.23372
1.872212 0.233777
1.872888 0.233777
1.873565 0.233605
1.874242 0.233605
1.87492 0.233891
1.875599 0.234062
1.876277 0.23412
1.876957 0.233834
1.877637 0.233663
1.878317 0.233777
1.878998 0.233777
1.879679 0.233605
1.880361 0.233491
1.881043 0.233434
1.881726 0.233605
1.882409 0.233663
1.883093 0.233605
1.883777 0.233491
1.884462 0.233377
1.885147 0.233491
1.885833 0.23372
1.886519 0.233891
1.887206 0.233834
1.887893 0.233548
1.888581 0.23332
1.889269 0.233434
1.889958 0.233491
1.890647 0.233434
1.891337 0.233663
1.892027 0.23372
1.892718 0.233377
1.893409 0.232977
1.894101 0.233091
1.894793 0.233091
1.895486 0.232977
1.896179 0.233091
1.896873 0.23332
1.897568 0.233377
1.898262 0.233263
1.898958 0.233434
1.899654 0.233491
1.90035 0.233377
1.901047 0.233034
1.901744 0.233091
1.902442 0.233263
1.90314 0.233034
1.903839 0.232806
1.904539 0.232977
1.905239 0.232977
1.905939 0.232977
1.90664 0.232977
1.907342 0.232863
1.908044 0.232863
1.908746 0.232977
1.909449 0.233091
1.910153 0.233091
1.910857 0.233034
1.911561 0.233034
1.912266 0.233091
1.912972 0.233206
1.913678 0.233034
1.914385 0.233149
1.915092 0.233263
1.9158 0.233149
1.916508 0.233034
1.917217 0.233034
1.917926 0.233034
1.918636 0.233206
1.919346 0.233263
1.920057 0.233149
1.920768 0.233034
1.92148 0.233091
1.922193 0.233206
1.922906 0.23332
1.92362 0.23332
1.924333 0.233377
1.925048 0.233491
1.925763 0.233548
1.926479 0.233548
1.927195 0.233777
1.927912 0.233605
1.928629 0.23332
1.929346 0.233377
1.930065 0.233491
1.930784 0.23332
1.931503 0.23332
1.932223 0.233377
1.932943 0.233605
1.933664 0.233663
1.934386 0.233434
1.935108 0.233434
1.93583 0.233434
1.936554 0.233548
1.937277 0.233605
1.938002 0.233777
1.938726 0.23372
1.939452 0.23372
1.940177 0.233891
1.940904 0.234005
1.941631 0.233948
1.942358 0.233777
1.943086 0.233548
1.943815 0.233605
1.944544 0.233663
1.945274 0.233548
1.946004 0.233491
1.946735 0.233605
1.947466 0.233548
1.948198 0.233434
1.94893 0.233548
1.949663 0.233605
1.950397 0.23372
1.951131 0.233663
1.951865 0.233491
1.952601 0.233548
1.953336 0.233605
1.954073 0.233605
1.954809 0.23372
1.955547 0.233663
1.956285 0.233663
1.957023 0.233891
1.957762 0.233891
1.958502 0.233663
1.959242 0.233605
1.959983 0.233663
1.960724 0.233605
1.961466 0.233605
1.962208 0.23372
1.962951 0.23372
1.963695 0.233663
1.964439 0.233491
1.965183 0.233491
1.965929 0.233377
1.966674 0.23332
1.967421 0.23332
1.968168 0.233377
1.968915 0.233434
1.969663 0.233548
1.970412 0.233663
1.971161 0.233605
1.971911 0.233605
1.972661 0.233491
1.973413 0.23332
1.974164 0.23332
1.974916 0.233434
1.975669 0.233491
1.976422 0.233377
1.977176 0.233377
1.97793 0.23332
1.978685 0.233434
1.97944 0.233434
1.980196 0.233206
1.980953 0.233206
1.98171 0.233263
1.982468 0.233263
1.983226 0.233206
1.983986 0.233034
1.984745 0.233149
1.985505 0.233149
1.986266 0.233091
1.987027 0.233034
1.987789 0.232977
1.988552 0.233091
1.989315 0.233091
1.990078 0.233149
1.990842 0.233091
1.991607 0.233149
1.992373 0.233206
1.993139 0.233206
1.993905 0.233149
1.994673 0.233206
1.99544 0.233091
1.996209 0.232977
1.996978 0.233034
1.997747 0.233091
1.998517 0.233091
1.999288 0.233091
2.000059 0.233206
2.000831 0.233206
2.001604 0.23332
2.002377 0.233377
2.003151 0.233263
2.003925 0.233263
2.0047 0.23332
2.005476 0.23332
2.006252 0.233263
2.007029 0.23332
2.007806 0.233548
2.008584 0.233434
2.009362 0.233377
2.010141 0.233263
2.010921 0.233206
2.011701 0.23332
2.012482 0.233605
2.013264 0.233548
2.014046 0.233491
2.014829 0.233663
2.015612 0.233948
2.016396 0.23372
2.01718 0.233548
2.017966 0.233663
2.018752 0.233663
2.019538 0.233434
2.020325 0.233605
2.021113 0.233777
2.021901 0.233663
2.02269 0.233548
2.023479 0.233663
2.02427 0.233663
2.02506 0.233663
2.025852 0.233377
2.026644 0.23332
2.027436 0.233548
2.028229 0.233777
2.029023 0.233891
2.029818 0.233891
2.030613 0.233777
2.031409 0.233891
2.032204 0.233948
2.033001 0.233948
2.033799 0.233948
2.034597 0.233948
2.035396 0.233891
2.036195 0.234062
2.036996 0.234005
2.037796 0.233834
2.038598 0.233891
2.0394 0.233948
2.040203 0.233948
2.041006 0.23412
2.04181 0.234234
2.042614 0.234177
2.043419 0.234062
2.044225 0.234005
2.045032 0.234177
2.045839 0.234291
2.046646 0.23412
2.047455 0.23412
2.048264 0.23412
2.049073 0.234062
2.049883 0.233948
2.050694 0.234062
2.051505 0.234177
2.052317 0.234177
2.05313 0.23412
2.053944 0.234062
2.054758 0.233834
2.055573 0.233548
2.056388 0.233834
2.057204 0.234062
2.058021 0.233834
2.058838 0.233777
2.059656 0.233663
2.060475 0.233663
2.061294 0.233834
2.062114 0.233777
2.062935 0.233377
2.063756 0.233091
2.064577 0.233149
2.0654 0.233263
2.066223 0.233206
2.067047 0.233091
2.067871 0.233034
2.068696 0.232977
2.069522 0.23292
2.070349 0.233149
2.071176 0.233091
2.072004 0.233034
2.072833 0.232863
2.073662 0.232806
2.074492 0.232863
2.075322 0.232806
2.076153 0.232692
2.076985 0.23252
2.077817 0.232292
2.07865 0.232463
2.079484 0.23252
2.080319 0.232463
2.081154 0.232406
2.08199 0.232349
2.082826 0.232235
2.083663 0.232178
2.084501 0.232292
2.08534 0.232292
2.086179 0.232292
2.087018 0.232349
2.087859 0.232349
2.0887 0.232349
2.089542 0.232178
2.090385 0.23212
2.091228 0.232178
2.092072 0.23212
2.092917 0.23212
2.093762 0.232292
2.094608 0.232292
2.095454 0.232178
2.096302 0.23212
2.09715 0.232006
2.097999 0.23212
2.098848 0.232406
2.099698 0.232406
2.100549 0.232292
2.1014 0.232349
2.102252 0.23252
2.103105 0.232463
2.103959 0.232349
2.104813 0.232235
2.105668 0.232292
2.106524 0.232292
2.10738 0.232292
2.108237 0.232292
2.109094 0.232292
2.109953 0.232235
2.110812 0.232235
2.111672 0.232063
2.112532 0.232178
2.113394 0.232235
2.114255 0.232349
2.115118 0.232463
2.115981 0.23252
2.116845 0.232577
2.11771 0.232463
2.118576 0.232292
2.119442 0.232292
2.120309 0.232463
2.121176 0.232577
2.122045 0.232749
2.122913 0.232806
2.123783 0.232692
2.124654 0.232692
2.125525 0.232692
2.126396 0.232692
2.127269 0.232806
2.128142 0.23292
2.129016 0.232977
2.129891 0.233034
2.130766 0.233091
2.131642 0.233149
2.132519 0.233091
2.133397 0.233149
2.134275 0.23332
2.135154 0.233491
2.136034 0.233491
2.136914 0.233377
2.137795 0.233491
2.138677 0.23372
2.13956 0.233777
2.140444 0.233777
2.141328 0.233605
2.142213 0.233605
2.143099 0.233891
2.143985 0.23412
2.144872 0.234005
2.14576 0.233948
2.146648 0.233891
2.147537 0.233948
2.148427 0.23412
2.149318 0.234234
2.150209 0.234234
2.151101 0.234348
2.151994 0.234405
2.152888 0.234462
2.153783 0.234462
2.154678 0.234462
2.155574 0.234405
2.15647 0.234576
2.157368 0.234519
2.158266 0.234634
2.159165 0.234805
2.160064 0.234748
2.160964 0.234634
2.161865 0.234691
2.162767 0.234748
2.16367 0.234805
2.164573 0.234748
2.165478 0.234748
2.166383 0.234576
2.167288 0.234634
2.168195 0.234805
2.169102 0.234805
2.17001 0.234691
2.170919 0.234748
2.171828 0.234691
2.172739 0.234691
2.17365 0.234805
2.174561 0.234862
2.175474 0.234805
2.176387 0.234748
2.177301 0.234634
2.178216 0.234691
2.179132 0.234691
2.180048 0.234748
2.180965 0.234862
2.181883 0.234862
2.182801 0.234862
2.183721 0.234691
2.184641 0.234634
2.185562 0.234748
2.186484 0.234691
2.187407 0.234634
2.18833 0.234576
2.189254 0.234634
2.190179 0.234805
2.191105 0.234976
2.192032 0.234805
2.192959 0.234805
2.193887 0.234691
2.194816 0.234691
2.195745 0.234691
2.196676 0.234576
2.197607 0.234576
2.198539 0.234634
2.199472 0.234634
2.200405 0.234691
2.201339 0.234862
2.202275 0.234691
2.203211 0.234634
2.204147 0.234691
2.205085 0.234748
2.206023 0.234748
2.206962 0.234634
2.207902 0.234634
2.208843 0.234576
2.209784 0.234805
2.210727 0.234862
2.21167 0.234748
2.212614 0.234691
2.213559 0.234805
2.214504 0.234862
2.215451 0.234805
2.216398 0.234805
2.217346 0.234862
2.218295 0.234805
2.219244 0.234862
2.220195 0.234748
2.221146 0.234748
2.222098 0.234748
2.223051 0.234691
2.224005 0.234691
2.224959 0.234748
2.225914 0.234919
2.226871 0.234862
2.227827 0.234919
2.228785 0.234976
2.229744 0.234691
2.230703 0.234634
2.231663 0.234805
2.232625 0.234748
2.233587 0.234691
2.234549 0.234805
2.235513 0.234748
2.236477 0.234748
2.237442 0.234634
2.238408 0.234634
2.239375 0.234691
2.240343 0.234691
2.241312 0.234634
2.242281 0.234576
2.243252 0.234576
2.244223 0.234519
2.245195 0.234519
2.246168 0.234519
2.247141 0.234405
2.248116 0.234177
2.249091 0.234177
2.250067 0.234234
2.251044 0.234062
2.252022 0.23412
2.253 0.234177
2.25398 0.234062
2.254961 0.233948
2.255942 0.233891
2.256924 0.23372
2.257907 0.233548
2.258891 0.233434
2.259876 0.233149
2.260861 0.233149
2.261847 0.233149
2.262835 0.232863
2.263823 0.232749
2.264812 0.232692
2.265802 0.23252
2.266792 0.232235
2.267784 0.232235
2.268776 0.232349
2.26977 0.232178
2.270764 0.232006
2.271759 0.231721
2.272755 0.231321
2.273752 0.230978
2.27475 0.23075
2.275748 0.230635
2.276747 0.230464
2.277748 0.230179
2.278749 0.229722
2.279751 0.229322
2.280754 0.229036
2.281758 0.228694
2.282763 0.228465
2.283768 0.228408
2.284775 0.228122
2.285782 0.227894
2.286791 0.227608
2.2878 0.227266
2.28881 0.22698
2.289821 0.226637
2.290832 0.226237
2.291845 0.225723
2.292859 0.225095
2.293873 0.224524
2.294889 0.223667
2.295905 0.222868
2.296922 0.221897
2.29794 0.220811
2.29896 0.219669
2.299979 0.218584
2.301001 0.217327
2.302022 0.215785
2.303045 0.2139
2.304068 0.211958
2.305093 0.210131
2.306118 0.208075
2.307145 0.205961
2.308172 0.204076
2.309201 0.202591
2.31023 0.201563
2.31126 0.200649
2.31229 0.200192
2.313322 0.20025
2.314355 0.200821
2.315388 0.201963
2.316423 0.203677
2.317458 0.205619
2.318495 0.207789
2.319532 0.210074
2.32057 0.21213
2.321609 0.214129
2.32265 0.215957
2.323691 0.217613
2.324733 0.219212
2.325776 0.220469
2.32682 0.221497
2.327865 0.222354
2.32891 0.222868
2.329957 0.223267
2.331005 0.223839
2.332053 0.224353
2.333103 0.22481
2.334153 0.224924
2.335205 0.225038
2.336257 0.225267
2.33731 0.225438
2.338365 0.225552
2.33942 0.225781
2.340476 0.225895
2.341533 0.226066
2.342591 0.226237
2.34365 0.226352
2.34471 0.226409
2.345771 0.226466
2.346833 0.226615
2.347896 0.226615
2.34896 0.226267
2.350024 0.22592
2.35109 0.225623
2.352157 0.225325
2.353225 0.225126
2.354293 0.225275
2.355363 0.224878
2.356434 0.224283
2.357505 0.223837
2.358577 0.223489
2.359651 0.222894
2.360726 0.2221
2.361801 0.221555
2.362878 0.220959
2.363955 0.219669
2.365033 0.218528
2.366114 0.217437
2.367194 0.216246
2.368275 0.214709
2.369358 0.21322
2.370441 0.211782
2.371525 0.210293
2.372611 0.208706
2.373697 0.207664
2.374785 0.206821
2.375873 0.206275
2.376962 0.206077
2.378052 0.206424
2.379144 0.207218
2.380236 0.208309
2.38133 0.2095
2.382424 0.210839
2.383519 0.212129
2.384615 0.21327
2.385713 0.214064
2.386811 0.214709
2.387911 0.215304
2.389011 0.216147
2.390113 0.217139
2.391215 0.218032
2.392318 0.218975
2.393423 0.219719
2.394528 0.220463
2.395635 0.221158
2.396743 0.221703
2.397851 0.222249
2.398961 0.222894
2.400071 0.223688
2.401183 0.224085
2.402296 0.224382
2.40341 0.22473
2.404524 0.225126
2.40564 0.225325
2.406757 0.225672
2.407875 0.225722
2.408994 0.225523
2.410113 0.225474
2.411234 0.225523
2.412356 0.225176
2.413479 0.224829
2.414603 0.224829
2.415729 0.225077
2.416855 0.22468
2.417982 0.224382
2.419111 0.224531
2.42024 0.224382
2.421371 0.223886
2.422502 0.223837
2.423635 0.223886
2.424768 0.223787
2.425903 0.223737
2.427038 0.223837
2.428176 0.223837
2.429314 0.223737
2.430453 0.223539
2.431592 0.223341
2.432734 0.223142
2.433876 0.22339
2.435019 0.223341
2.436163 0.223241
2.437308 0.222993
2.438454 0.222894
2.439602 0.222894
2.44075 0.222844
2.4419 0.222596
2.443051 0.222448
2.444203 0.222497
2.445355 0.222547
2.44651 0.222547
2.447665 0.222646
2.448821 0.222795
2.449978 0.222696
2.451137 0.222646
2.452296 0.222696
2.453457 0.222596
2.454618 0.222547
2.455781 0.222646
2.456945 0.222646
2.45811 0.222299
2.459276 0.222249
2.460443 0.222299
2.461612 0.22215
2.462781 0.222051
2.463952 0.222051
2.465123 0.222001
2.466296 0.222051
2.46747 0.222051
2.468645 0.2222
2.469821 0.22215
2.470998 0.222249
2.472176 0.222398
2.473356 0.222398
2.474536 0.222398
2.475718 0.222249
2.476901 0.22215
2.478085 0.2222
2.47927 0.2222
2.480456 0.222299
2.481644 0.222299
2.482832 0.2222
2.484022 0.222051
2.485213 0.22215
2.486404 0.2222
2.487597 0.22215
2.488792 0.2221
2.489987 0.222249
2.491184 0.222348
2.492381 0.222299
2.493581 0.2221
2.494781 0.222051
2.495982 0.221902
2.497184 0.221852
2.498387 0.221852
2.499592 0.221753
2.500798 0.221902
2.502005 0.221951
2.503213 0.221753
2.504422 0.221803
2.505633 0.221852
2.506844 0.221803
2.508057 0.221604
2.509271 0.221703
2.510486 0.221703
2.511703 0.221505
2.51292 0.221406
2.514138 0.221356
2.515358 0.221009
2.516579 0.220711
2.517802 0.220662
2.519025 0.220711
2.52025 0.220662
2.521476 0.22086
2.522703 0.220711
2.523931 0.220662
2.52516 0.220662
2.526391 0.220513
2.527622 0.220513
2.528856 0.220562
2.53009 0.220364
2.531325 0.220066
2.532562 0.219769
2.5338 0.219967
2.535039 0.220116
2.536279 0.220066
2.53752 0.220116
2.538763 0.220066
2.540007 0.220215
2.541252 0.220215
2.542498 0.219918
2.543746 0.220066
2.544994 0.220513
2.546244 0.220364
2.547495 0.219967
2.548748 0.220314
2.550002 0.220215
2.551256 0.219967
2.552513 0.220066
2.553771 0.22086
2.555029 0.221455
2.556289 0.221505
2.55755 0.221654
2.558813 0.221555
2.560076 0.220463
2.561341 0.219521
2.562607 0.219372
2.563875 0.219868
2.565143 0.221158
2.566413 0.222448
2.567684 0.222448
2.568957 0.221604
2.57023 0.221703
2.571505 0.222299
2.572781 0.221356
2.574058 0.221852
2.575337 0.222497
2.576617 0.222249
2.577898 0.223093
2.579181 0.223985
2.580465 0.22344
2.58175 0.223093
2.583036 0.222001
2.584324 0.222249
2.585613 0.223341
2.586903 0.223043
2.588195 0.22344
2.589488 0.224085
2.590782 0.22473
2.592077 0.224382
2.593373 0.220959
2.594671 0.217735
2.595971 0.220513
2.597271 0.224085
2.598573 0.225523
2.599876 0.225375
2.601181 0.22463
2.602487 0.224184
2.603794 0.223291
2.605102 0.222001
2.606412 0.222497
2.607723 0.223737
2.609035 0.224283
2.610349 0.224829
2.611664 0.225176
2.612981 0.225027
2.614299 0.225226
2.615618 0.223688
2.616938 0.222448
2.61826 0.223886
2.619583 0.222944
2.620907 0.222993
2.622233 0.225027
2.62356 0.225623
2.624888 0.224829
2.626217 0.222993
2.627548 0.223291
2.628881 0.222596
2.630215 0.220711
2.63155 0.221654
2.632886 0.2221
2.634224 0.221852
2.635564 0.222448
2.636904 0.222547
2.638246 0.222348
2.63959 0.2221
2.640934 0.221902
2.64228 0.221654
2.643628 0.221307
2.644976 0.220463
2.646327 0.220513
2.647678 0.221207
2.649031 0.221555
2.650386 0.221406
2.651741 0.220513
2.653098 0.220562
2.654457 0.22091
2.655817 0.221059
2.657177 0.221555
2.65854 0.220711
2.659904 0.219918
2.66127 0.21957
2.662637 0.21833
2.664005 0.214312
2.665375 0.209301
2.666745 0.20439
2.668118 0.198635
2.669492 0.187473
2.670867 0.174872
2.672244 0.165645
2.673622 0.155178
2.675002 0.14471
2.676383 0.135632
2.677765 0.130026
2.67915 0.125958
2.680535 0.123825
2.681922 0.122039
2.68331 0.120401
2.6847 0.118665
2.68609 0.116284
2.687483 0.112911
2.688877 0.108694
2.690272 0.103931
2.691669 0.099417
2.693067 0.095002
2.694467 0.092025
2.695868 0.090289
2.69727 0.088751
2.698674 0.086915
2.70008 0.085873
2.701487 0.086171
2.702896 0.08761
2.704306 0.089197
2.705717 0.091082
2.70713 0.09272
2.708544 0.094208
2.70996 0.095795
2.711378 0.098524
2.712797 0.101996
2.714217 0.104279
2.715639 0.103733
2.717062 0.098821
2.718487 0.090388
2.719913 0.08121
2.721341 0.075456
2.72277 0.072826
2.7242 0.072082
2.725633 0.074711
2.727067 0.07997
2.728502 0.087659
2.729939 0.096391
2.731377 0.103683
2.732817 0.108297
2.734258 0.11167
2.735701 0.116383
2.737146 0.120898
2.738592 0.12318
2.740039 0.124717
2.741488 0.126851
2.742939 0.129033
2.744391 0.130472
2.745844 0.131316
2.747299 0.13196
2.748756 0.132457
2.750214 0.132953
2.751674 0.133449
2.753135 0.133598
2.754598 0.132407
2.756062 0.132903
2.757528 0.134838
2.758996 0.13578
2.760465 0.13583
2.761936 0.135334
2.763408 0.135632
2.764882 0.136524
2.766357 0.136822
2.767834 0.136872
2.769313 0.137219
2.770793 0.137616
2.772275 0.138558
2.773758 0.139253
2.775243 0.13965
2.77673 0.139898
2.778218 0.140295
2.779707 0.140642
2.781199 0.14089
2.782691 0.141436
2.784185 0.142031
2.785681 0.141733
2.787179 0.141783
2.788678 0.142825
2.790179 0.143668
2.791682 0.144115
2.793186 0.144462
2.794692 0.144859
2.7962 0.145305
2.797709 0.145752
2.799219 0.146049
2.800731 0.146
2.802245 0.145702
2.803761 0.146099
2.805278 0.147091
2.806797 0.147786
2.808318 0.148331
2.80984 0.148828
2.811363 0.149274
2.812889 0.149522
2.814416 0.149721
2.815945 0.149969
2.817475 0.150167
2.819007 0.150266
2.82054 0.150663
2.822076 0.151258
2.823613 0.151606
2.825152 0.151804
2.826692 0.152151
2.828234 0.152449
2.829778 0.152647
2.831324 0.152896
2.832871 0.152995
2.83442 0.153094
2.835971 0.153243
2.837523 0.153441
2.839077 0.153739
2.840632 0.153888
2.84219 0.154086
2.843749 0.154235
2.84531 0.154384
2.846872 0.154483
2.848437 0.154483
2.850003 0.154483
2.85157 0.154632
2.85314 0.154533
2.854711 0.154632
2.856283 0.154929
2.857857 0.155078
2.859434 0.155078
2.861012 0.155178
2.862592 0.155128
2.864173 0.155078
2.865757 0.154929
2.867342 0.154781
2.868929 0.154731
2.870517 0.154731
2.872108 0.154681
2.873699 0.154731
2.875293 0.154681
2.876889 0.154582
2.878486 0.154731
2.880085 0.154781
2.881686 0.154632
2.883289 0.154681
2.884893 0.154582
2.886499 0.154582
2.888107 0.154433
2.889717 0.154384
2.891329 0.154384
2.892942 0.154433
2.894558 0.154533
2.896175 0.154533
2.897794 0.154483
2.899415 0.154483
2.901037 0.154483
2.902662 0.154433
2.904288 0.154384
2.905916 0.154582
2.907546 0.154781
2.909178 0.154929
2.910811 0.154781
2.912446 0.154731
2.914083 0.154781
2.915722 0.15488
2.917363 0.15488
2.919006 0.15488
2.92065 0.15483
2.922296 0.154929
2.923944 0.155178
2.925594 0.155475
2.927246 0.155624
2.9289 0.155574
2.930556 0.155525
2.932213 0.155574
2.933873 0.155723
2.935534 0.155723
2.937198 0.155773
2.938863 0.155822
2.94053 0.155872
2.942199 0.155922
2.943869 0.155971
2.945542 0.15612
2.947217 0.15617
2.948893 0.156219
2.950572 0.156368
2.952252 0.156467
2.953934 0.156517
2.955618 0.156666
2.957304 0.156765
2.958992 0.157013
2.960681 0.157112
2.962373 0.157013
2.964067 0.157013
2.965763 0.157162
2.96746 0.157311
2.96916 0.15746
2.970861 0.157559
2.972565 0.157757
2.974271 0.158005
2.975978 0.158253
2.977687 0.158353
2.979398 0.158551
2.981112 0.15865
2.982827 0.158799
2.984544 0.158948
2.986264 0.159097
2.987985 0.159295
2.989709 0.159593
2.991434 0.159742
2.993161 0.15989
2.99489 0.160138
2.996621 0.160337
2.998354 0.160486
3.000089 0.160783
3.001826 0.161081
3.003565 0.161379
3.005306 0.161627
3.00705 0.161875
3.008795 0.162272
3.010542 0.16252
3.012291 0.162668
3.014043 0.162817
3.015796 0.163115
3.017552 0.163413
3.019309 0.16371
3.021069 0.163909
3.02283 0.164107
3.024594 0.164355
3.02636 0.164554
3.028127 0.164851
3.029897 0.164901
3.031669 0.165099
3.033443 0.165298
3.035219 0.165546
3.036998 0.165695
3.038778 0.165893
3.04056 0.166191
3.042344 0.166538
3.04413 0.166786
3.045919 0.166885
3.047709 0.167034
3.049502 0.167282
3.051297 0.16758
3.053094 0.167629
3.054893 0.167778
3.056694 0.168126
3.058498 0.168324
3.060303 0.168473
3.062111 0.168572
3.063921 0.168622
3.065733 0.168671
3.067547 0.168919
3.069363 0.169068
3.071181 0.169118
3.073001 0.169167
3.074824 0.169366
3.076649 0.169465
3.078476 0.169564
3.080305 0.169614
3.082136 0.169763
3.08397 0.169862
3.085805 0.169961
3.087644 0.17016
3.089484 0.170408
3.091326 0.170556
3.093171 0.170755
3.095017 0.170804
3.096866 0.171003
3.098717 0.171251
3.10057 0.171449
3.102426 0.171549
3.104284 0.171697
3.106144 0.171896
3.108006 0.172193
3.109871 0.172293
3.111737 0.172442
3.113606 0.17264
3.115477 0.172838
3.11735 0.173136
3.119226 0.173434
3.121104 0.173831
3.122984 0.174227
3.124866 0.174476
3.126751 0.174773
3.128638 0.175071
3.130527 0.175468
3.132419 0.175914
3.134313 0.176261
3.136209 0.176609
3.138108 0.176956
3.140008 0.177402
3.141912 0.177799
3.143817 0.178097
3.145725 0.178494
3.147635 0.178742
3.149547 0.179139
3.151462 0.179486
3.153378 0.179734
3.155298 0.179933
3.157219 0.18023
3.159143 0.180528
3.16107 0.180726
3.162998 0.180825
3.164929 0.181024
3.166862 0.181222
3.168798 0.18147
3.170736 0.181718
3.172677 0.181867
3.174619 0.182016
3.176565 0.182264
3.178513 0.182463
3.180463 0.182711
3.182415 0.182859
3.18437 0.183058
3.186327 0.183306
3.188287 0.183604
3.190248 0.183703
3.192213 0.183901
3.19418 0.1841
3.196149 0.184249
3.198121 0.184298
3.200095 0.184546
3.202072 0.184695
3.204051 0.184844
3.206032 0.184993
3.208016 0.185092
3.210002 0.185092
3.211991 0.185241
3.213982 0.185241
3.215976 0.18529
3.217972 0.185241
3.219971 0.185191
3.221972 0.185191
3.223976 0.185241
3.225982 0.18529
3.227991 0.185191
3.230002 0.185092
3.232016 0.185092
3.234032 0.185191
3.236051 0.185241
3.238072 0.18539
3.240096 0.185439
3.242123 0.185439
3.244152 0.185638
3.246183 0.185687
3.248217 0.185786
3.250253 0.185935
3.252293 0.186034
3.254334 0.186134
3.256378 0.186282
3.258425 0.186382
3.260474 0.186481
3.262526 0.186679
3.26458 0.186779
3.266638 0.186927
3.268697 0.187175
3.27076 0.187175
3.272825 0.187126
3.274892 0.187076
3.276962 0.187027
3.279035 0.186977
3.28111 0.186927
3.283188 0.186828
3.285269 0.186779
3.287352 0.186481
3.289438 0.186282
3.291526 0.186034
3.293617 0.185836
3.295711 0.185588
3.297807 0.185191
3.299906 0.184745
3.302008 0.184397
3.304113 0.183852
3.30622 0.183157
3.30833 0.182314
3.310443 0.181421
3.312558 0.18028
3.314676 0.179089
3.316797 0.177899
3.31892 0.176708
3.321046 0.175468
3.323175 0.174227
3.325307 0.172987
3.327442 0.171747
3.329579 0.170457
3.331719 0.169217
3.333861 0.167927
3.336007 0.166538
3.338155 0.165199
3.340306 0.164008
3.342458 0.162966
3.344615 0.161924
3.346774 0.16118
3.348936 0.160883
3.351101 0.160883
3.353268 0.160932
3.355439 0.161081
3.357612 0.161478
3.359789 0.161875
3.361968 0.162123
3.364149 0.16252
3.366334 0.162867
3.368521 0.162917
3.370711 0.163065
3.372904 0.163363
3.3751 0.163561
3.3773 0.163611
3.379501 0.163611
3.381706 0.16376
3.383913 0.163958
3.386123 0.164206
3.388336 0.164405
3.390553 0.164554
3.392771 0.164653
3.394992 0.164702
3.397217 0.164802
3.399445 0.164951
3.401675 0.165099
3.403909 0.165248
3.406146 0.165199
3.408385 0.16505
3.410627 0.165199
3.412873 0.165397
3.415121 0.165347
3.417372 0.165298
3.419626 0.165347
3.421884 0.165447
3.424144 0.165695
3.426407 0.165744
3.428673 0.165744
3.430943 0.165844
3.433215 0.165844
3.43549 0.165546
3.437768 0.165496
3.440049 0.165496
3.442333 0.165298
3.444621 0.164951
3.446911 0.164454
3.449204 0.164058
3.4515 0.16371
3.4538 0.163313
3.456102 0.162768
3.458408 0.162123
3.460716 0.161428
3.463028 0.160684
3.465343 0.15999
3.467662 0.159196
3.469983 0.158452
3.472307 0.157856
3.474634 0.157559
3.476965 0.157559
3.479298 0.157658
3.481635 0.157856
3.483975 0.158253
3.486317 0.1587
3.488663 0.159196
3.491012 0.159742
3.493365 0.160287
3.49572 0.160783
3.498079 0.161577
3.500441 0.162321
3.502806 0.163065
3.505175 0.16381
3.507547 0.164752
3.509921 0.165645
3.512299 0.166588
3.514681 0.167729
3.517065 0.168919
3.519453 0.17016
3.521844 0.171449
3.524238 0.172739
3.526636 0.173979
3.529036 0.17517
3.53144 0.17641
3.533848 0.177551
3.536258 0.178593
3.538672 0.179684
3.541089 0.180726
3.543509 0.181768
3.545932 0.182959
3.548359 0.184149
3.55079 0.185241
3.553223 0.186183
3.55566 0.187225
3.558101 0.188267
3.560545 0.189259
3.562992 0.190251
3.565443 0.191144
3.567896 0.191988
3.570354 0.192781
3.572814 0.193525
3.575278 0.194319
3.577746 0.195014
3.580216 0.195659
3.582691 0.196304
3.585169 0.197097
3.58765 0.197643
3.590135 0.198189
3.592623 0.198834
3.595114 0.199479
3.597609 0.200024
3.600107 0.200471
3.602608 0.200818
3.605114 0.201264
3.607622 0.201562
3.610135 0.201959
3.61265 0.202356
3.61517 0.202654
3.617692 0.202852
3.620219 0.20315
3.622749 0.203298
3.625283 0.203398
3.627819 0.203546
3.63036 0.203745
3.632904 0.203894
3.635452 0.203943
3.638003 0.203993
3.640558 0.204092
3.643116 0.204142
3.645679 0.204241
3.648244 0.20434
3.650813 0.20434
3.653386 0.204439
3.655962 0.204588
3.658543 0.204638
3.661126 0.204638
3.663713 0.204588
3.666304 0.204687
3.668898 0.204737
3.671497 0.204836
3.674099 0.204936
3.676705 0.205035
3.679314 0.205035
3.681927 0.205084
3.684544 0.205084
3.687165 0.204985
3.689789 0.204886
3.692417 0.204836
3.695049 0.204836
3.697685 0.204985
3.700324 0.205084
3.702967 0.205084
3.705615 0.205084
3.708265 0.205035
3.71092 0.204886
3.713578 0.204936
3.71624 0.204985
3.718906 0.204985
3.721576 0.204936
3.724249 0.204836
3.726926 0.204687
3.729607 0.204489
3.732292 0.20439
3.734981 0.204291
3.737674 0.204142
3.740371 0.204092
3.743071 0.203943
3.745776 0.203795
3.748485 0.203646
3.751197 0.203447
3.753913 0.203199
3.756634 0.202902
3.759358 0.202554
3.762086 0.202207
3.764818 0.201761
3.767554 0.201215
3.770293 0.20057
3.773037 0.199776
3.775785 0.198883
3.778537 0.197891
3.781293 0.1967
3.784053 0.19546
3.786817 0.193972
3.789586 0.192434
3.792358 0.190797
3.795134 0.189259
3.797915 0.18782
3.800699 0.186282
3.803488 0.184596
3.80628 0.183058
3.809077 0.181619
3.811877 0.18023
3.814683 0.178891
3.817492 0.17775
3.820305 0.176609
3.823123 0.175517
3.825944 0.174376
3.82877 0.173434
3.8316 0.172541
3.834434 0.171797
3.837271 0.171201
3.840113 0.170606
3.84296 0.17006
3.845811 0.169663
3.848666 0.169366
3.851525 0.169167
3.854389 0.16887
3.857257 0.168622
3.86013 0.168374
3.863006 0.168126
3.865887 0.167828
3.868772 0.167431
3.871661 0.166985
3.874554 0.166687
3.877452 0.166389
3.880355 0.166092
3.883262 0.165695
3.886173 0.165347
3.889088 0.16505
3.892008 0.164653
3.894932 0.164355
3.897861 0.164157
3.900793 0.16381
3.903731 0.163363
3.906672 0.162867
3.909618 0.162321
3.912569 0.161776
3.915524 0.161131
3.918483 0.160436
3.921447 0.159543
3.924416 0.158452
3.927389 0.157261
3.930367 0.155971
3.933349 0.154533
3.936336 0.152846
3.939327 0.15101
3.942322 0.149125
3.945323 0.147141
3.948327 0.145305
3.951337 0.143619
3.954351 0.141981
3.95737 0.140543
3.960393 0.139352
3.963421 0.138558
3.966453 0.137963
3.96949 0.137616
3.972532 0.137368
3.975579 0.137417
3.978629 0.137715
3.981685 0.13831
3.984745 0.138906
3.98781 0.139799
3.99088 0.14089
3.993955 0.14213
3.997034 0.14342
4.000118 0.14471
4.003208 0.145851
4.006302 0.146893
4.0094 0.147935
4.012504 0.149125
4.015612 0.150365
4.018724 0.151655
4.021842 0.153144
4.024965 0.155029
4.028091 0.157112
4.031223 0.159394
4.03436 0.161776
4.037502 0.164355
4.040649 0.166836
4.043801 0.169465
4.046958 0.171797
4.050119 0.174128
4.053287 0.17641
4.056458 0.178593
4.059635 0.180627
4.062816 0.182512
4.066003 0.184199
4.069194 0.185836
4.072391 0.187225
4.075593 0.188515
4.078799 0.189706
4.082011 0.190648
4.085227 0.191491
4.088449 0.192285
4.091676 0.192881
4.094908 0.193525
4.098145 0.194022
4.101388 0.194468
4.104634 0.194865
4.107887 0.195311
4.111144 0.195708
4.114407 0.196105
4.117675 0.196403
4.120948 0.1967
4.124227 0.196899
4.12751 0.197097
4.130799 0.197246
4.134094 0.197345
4.137393 0.197445
4.140697 0.197643
4.144008 0.197792
4.147323 0.197792
4.150643 0.197841
4.153969 0.197891
4.157301 0.19799
4.160638 0.19804
4.16398 0.19799
4.167327 0.197941
4.17068 0.197941
4.174038 0.197891
4.177401 0.197891
4.18077 0.19799
4.184143 0.197941
4.187523 0.197841
4.190908 0.197742
4.194299 0.197693
4.197695 0.197593
4.201097 0.197544
4.204504 0.197395
4.207917 0.197246
4.211336 0.197097
4.214759 0.196899
4.218189 0.196601
4.221624 0.196403
4.225064 0.196304
4.22851 0.196254
4.231962 0.196105
4.23542 0.195907
4.238883 0.195807
4.242352 0.195708
4.245827 0.19551
4.249307 0.195361
4.252793 0.195262
4.256284 0.195063
4.259782 0.194716
4.263285 0.194518
4.266792 0.194369
4.270307 0.194319
4.273828 0.194418
4.277354 0.194319
4.280886 0.19427
4.284424 0.19417
4.287968 0.194121
4.291517 0.194121
4.295074 0.193922
4.298635 0.193773
4.302202 0.193724
4.305776 0.193724
4.309355 0.193724
4.31294 0.193724
4.316531 0.193625
4.320128 0.193625
4.323732 0.193476
4.327342 0.193327
4.330956 0.193228
4.334578 0.193277
4.338205 0.193178
4.341838 0.193079
4.345478 0.193029
4.349123 0.192831
4.352774 0.192632
4.356431 0.192484
4.360096 0.192335
4.363765 0.192236
4.367442 0.192087
4.371124 0.191888
4.374813 0.19164
4.378508 0.191392
4.38221 0.191194
4.385918 0.190995
4.389631 0.190797
4.393351 0.190499
4.397078 0.190202
4.40081 0.189904
4.404549 0.189557
4.408295 0.189209
4.412045 0.188713
4.415803 0.188267
4.419568 0.18787
4.423338 0.187423
4.427116 0.186927
4.4309 0.186481
4.43469 0.185886
4.438487 0.18529
4.442291 0.184794
4.446101 0.1841
4.449917 0.183356
4.45374 0.182661
4.45757 0.182066
4.461406 0.181371
4.465249 0.180677
4.469098 0.179982
4.472954 0.179139
4.476817 0.178395
4.480686 0.177551
4.484562 0.176658
4.488445 0.175716
4.492334 0.174823
4.496231 0.174029
4.500134 0.173037
4.504043 0.171945
4.507959 0.170904
4.511883 0.169763
4.515813 0.168572
4.51975 0.167381
4.523694 0.166092
4.527645 0.164702
4.531602 0.163363
4.535568 0.162024
4.539539 0.160783
4.543518 0.159444
4.547503 0.158154
4.551496 0.156864
4.555496 0.155574
4.559502 0.154483
4.563516 0.153342
4.567537 0.152102
4.571565 0.150911
4.5756 0.149671
4.579642 0.14848
4.583691 0.14729
4.587747 0.146099
4.591811 0.144809
4.595881 0.143519
4.599958 0.14223
4.604044 0.140989
4.608136 0.139799
4.612236 0.138658
4.616343 0.137566
4.620458 0.136376
4.624579 0.135235
4.628708 0.134242
4.632845 0.133201
4.636989 0.132258
4.64114 0.131266
4.645299 0.130274
4.649466 0.129182
4.653639 0.12819
4.65782 0.127347
4.662009 0.126603
4.666206 0.125859
4.67041 0.125164
4.674621 0.124519
4.67884 0.123924
4.683066 0.123279
4.687301 0.122684
4.691543 0.122088
4.695792 0.121344
4.700048 0.12065
4.704313 0.119955
4.708586 0.119211
4.712867 0.118368
4.717155 0.117574
4.721451 0.116681
4.725755 0.115887
4.730067 0.115044
4.734388 0.11425
4.738715 0.113357
4.743051 0.112613
4.747394 0.111869
4.751746 0.111174
4.756105 0.11048
4.760472 0.109785
4.764848 0.10919
4.769232 0.108346
4.773623 0.107702
4.778023 0.107007
4.782431 0.106312
4.786847 0.105519
4.791271 0.104824
4.795703 0.10403
4.800144 0.103336
4.804591 0.102641
4.809048 0.101947
4.813513 0.101153
4.817986 0.10031
4.822468 0.099516
4.826958 0.098722
4.831457 0.097929
4.835964 0.097036
4.84048 0.096291
4.845004 0.095547
4.849536 0.094803
4.854077 0.094158
4.858626 0.093513
4.863184 0.092918
4.867751 0.092223
4.872326 0.091529
4.876908 0.090834
4.8815 0.09014
4.886101 0.089545
4.89071 0.088999
4.895329 0.088503
4.899956 0.088056
4.904591 0.08756
4.909236 0.087114
4.91389 0.086568
4.918552 0.086022
4.923223 0.085427
4.927903 0.084881
4.932591 0.084286
4.937289 0.083691
4.941996 0.082996
4.946712 0.082401
4.951437 0.081855
4.956171 0.081359
4.960914 0.080913
4.965665 0.080416
4.970426 0.07997
4.975196 0.079474
4.979976 0.078928
4.984764 0.078383
4.989561 0.077886
4.994367 0.07744
4.999184 0.076894
5.004009 0.076398
5.008844 0.075952
5.013688 0.075456
5.018541 0.07486
5.023404 0.074364
5.028277 0.073918
5.033159 0.073471
5.038051 0.073074
5.042951 0.072727
5.047862 0.07233
5.052782 0.072082
5.057711 0.071884
5.06265 0.071735
5.0676 0.071636
5.072558 0.071636
5.077527 0.071586
5.082504 0.071586
5.087492 0.071735
5.09249 0.072033
5.097497 0.072429
5.102514 0.072975
5.10754 0.073521
5.112577 0.074116
5.117624 0.074761
5.122681 0.075356
5.127748 0.075952
5.132825 0.076597
5.137912 0.077192
5.143009 0.077688
5.148117 0.078134
5.153234 0.07873
5.158362 0.079375
5.1635 0.080069
5.168648 0.080665
5.173806 0.081161
5.178975 0.081706
5.184154 0.082302
5.189344 0.082748
5.194544 0.083095
5.199754 0.083343
5.204975 0.083889
5.210206 0.084137
5.215447 0.084435
5.2207 0.084782
5.225963 0.084981
5.231235 0.08503
5.236519 0.084981
5.241814 0.084931
5.247119 0.084881
5.252435 0.084782
5.257762 0.084534
5.2631 0.084286
5.268449 0.083988
5.273809 0.083641
5.27918 0.083343
5.284561 0.082996
5.289953 0.082599
5.295357 0.08245
5.300771 0.082351
5.306197 0.082103
5.311634 0.081954
5.31708 0.081806
5.322538 0.081706
5.328009 0.081607
5.33349 0.081409
5.338983 0.08121
5.344487 0.080764
5.350003 0.080268
5.355529 0.080218
5.361069 0.080218
5.366619 0.080069
5.37218 0.079672
5.377753 0.079226
5.383337 0.078779
5.388933 0.078234
5.394541 0.077638
5.40016 0.077043
5.405792 0.076448
5.411435 0.075753
5.417089 0.07486
5.422756 0.074067
5.428434 0.073918
5.434124 0.07362
5.439826 0.072975
5.44554 0.07238
5.451264 0.071735
5.457003 0.070941
5.462753 0.069899
5.468515 0.069155
5.47429 0.068411
5.480077 0.067369
5.485876 0.066427
5.491687 0.065435
5.497512 0.064244
5.503348 0.062954
5.509196 0.061813
5.515058 0.060622
5.520931 0.059283
5.526816 0.058043
5.532715 0.056902
5.538626 0.055562
5.544551 0.054124
5.550487 0.052735
5.556436 0.051842
5.562398 0.051494
5.568373 0.051296
5.57436 0.051097
5.58036 0.051445
5.586374 0.052487
5.592398 0.053479
5.598437 0.054272
5.604489 0.055215
5.610555 0.056009
5.616633 0.056554
5.622725 0.057199
5.62883 0.057547
5.634949 0.057447
5.641082 0.057001
5.647227 0.05715
5.653385 0.057249
5.659557 0.057299
5.665742 0.057348
5.671941 0.056951
5.678154 0.056753
5.68438 0.056803
5.69062 0.056554
5.696874 0.056455
5.703141 0.056158
5.709422 0.055612
5.715717 0.055612
5.722026 0.055662
5.728348 0.055612
5.734685 0.055413
5.741033 0.055066
5.747398 0.054669
5.753777 0.05462
5.76017 0.053925
5.766577 0.052933
5.772999 0.053181
5.779435 0.05333
5.785885 0.053181
5.792351 0.052834
5.798831 0.052387
5.805324 0.05204
5.811832 0.051494
5.818355 0.050453
5.824893 0.049956
5.831445 0.050056
5.838012 0.050006
5.844594 0.049758
5.851191 0.049411
5.857803 0.048915
5.864429 0.048468
5.871071 0.048071
5.877727 0.04693
5.884399 0.046583
5.891086 0.046533
5.897785 0.046037
5.904502 0.046236
5.911235 0.046087
5.917983 0.045591
5.924747 0.044946
5.931525 0.043755
5.93832 0.042912
5.94513 0.04316
5.951957 0.043011
5.958798 0.042614
5.965655 0.041821
5.972528 0.041523
5.979417 0.041275
5.986322 0.04058
5.993242 0.040382
6.000179 0.040431
6.00713 0.040084
6.014098 0.039638
6.021083 0.039489
6.028085 0.03934
6.035102 0.038894
6.042136 0.037951
6.049186 0.037058
6.056253 0.037455
6.063337 0.037554
6.070437 0.036909
6.077554 0.036661
6.084687 0.036711
6.091837 0.036463
6.099004 0.036215
6.106188 0.035669
6.113389 0.035123
6.120608 0.035421
6.127842 0.035619
6.135094 0.035421
6.142364 0.035272
6.14965 0.035223
6.156953 0.035074
6.164274 0.035123
6.171613 0.035272
6.178967 0.034925
6.18634 0.034726
6.193731 0.035173
6.201139 0.035421
6.208566 0.035371
6.216011 0.035421
6.223473 0.035669
6.230953 0.035917
6.238452 0.036115
6.245968 0.036364
6.253502 0.03676
6.261055 0.037108
6.268626 0.037356
6.276215 0.037703
6.283823 0.038149
6.291449 0.038745
6.299095 0.039439
6.306758 0.040084
6.31444 0.040878
6.32214 0.041672
6.32986 0.042515
6.337598 0.04316
6.345355 0.044103
6.353131 0.045839
6.360924 0.047178
6.368739 0.04822
6.376572 0.049808
6.384425 0.051445
6.392297 0.052883
6.400189 0.054124
6.4081 0.054471
6.416031 0.055612
6.423983 0.058043
6.431953 0.05968
6.439943 0.06087
6.447953 0.061565
6.455982 0.062011
6.464032 0.06221
6.472102 0.062061
6.480192 0.061664
6.488305 0.061019
6.496436 0.061218
6.504587 0.062508
6.512758 0.062756
6.52095 0.062508
6.529163 0.062805
6.537397 0.062756
6.545651 0.062408
6.553923 0.062061
6.562219 0.061714
6.570536 0.06092
6.578875 0.061019
6.587234 0.061069
6.595614 0.06087
6.604017 0.060771
6.61244 0.060325
6.620886 0.059779
6.629353 0.058489
6.637841 0.057596
6.646351 0.058192
6.654883 0.058489
6.663437 0.057944
6.672013 0.05715
6.680611 0.056455
6.689233 0.056406
6.697875 0.056207
6.70654 0.055463
6.715228 0.054868
6.723937 0.05457
6.73267 0.054421
6.741425 0.054124
6.750203 0.053628
6.759001 0.053231
6.767824 0.052635
6.776671 0.05199
6.785541 0.051197
6.794435 0.050849
6.803351 0.051048
6.812291 0.0508
6.821255 0.050105
6.830244 0.049808
6.839254 0.049659
6.848289 0.048964
6.857347 0.047774
6.86643 0.047278
6.875537 0.047625
6.884668 0.047377
6.893823 0.04693
6.902999 0.046335
6.912203 0.046037
6.921432 0.045938
6.930685 0.045839
6.939963 0.045591
6.949265 0.045194
6.958593 0.044648
6.967947 0.044896
6.977327 0.045144
6.98673 0.045045
6.996159 0.044946
7.005613 0.044896
7.015093 0.044747
7.024599 0.044698
7.03413 0.044499
7.043687 0.044053
7.053272 0.044152
7.062882 0.044251
7.072517 0.044103
7.082179 0.043805
7.091867 0.043408
7.101583 0.042962
7.111324 0.042267
7.121092 0.041771
7.130883 0.041324
7.140706 0.040531
7.150555 0.039787
7.160431 0.039142
7.170335 0.038596
7.180266 0.038348
7.190225 0.037951
7.200211 0.037455
7.210228 0.037008
7.22027 0.036959
7.23034 0.03686
7.240438 0.036711
7.250565 0.036512
7.26072 0.036562
7.270903 0.036562
7.281115 0.036512
7.291358 0.036661
7.301627 0.036711
7.311926 0.03676
7.322253 0.03686
7.33261 0.03686
7.342996 0.036909
7.353412 0.036909
7.363857 0.03686
7.374328 0.036661
7.384833 0.036512
7.395367 0.036413
7.405932 0.036264
7.416527 0.036016
7.427153 0.035818
7.437809 0.03557
7.448495 0.035322
7.459215 0.034974
7.469963 0.034677
7.480742 0.034528
7.491552 0.034379
7.502394 0.034131
7.513267 0.033784
7.524172 0.033437
7.535108 0.033238
7.546078 0.03294
7.557078 0.032692
7.56811 0.032494
7.579175 0.032296
7.590272 0.032048
7.601401 0.031849
7.612564 0.031651
7.623759 0.031452
7.634982 0.031204
7.646243 0.031105
7.657537 0.030907
7.668865 0.030658
7.680227 0.03046
7.691622 0.030162
7.703051 0.029914
7.714513 0.029716
7.726013 0.029468
7.737544 0.02922
7.74911 0.028922
7.76071 0.028724
7.772346 0.028476
7.784016 0.028277
7.795721 0.028029
7.807461 0.027781
7.819234 0.027583
7.831045 0.027335
7.842893 0.026938
7.854775 0.02669
7.866695 0.026442
7.87865 0.026243
7.890642 0.025995
7.90267 0.025747
7.914737 0.02545
7.926839 0.025201
7.938978 0.024904
7.951155 0.024705
7.963368 0.024507
7.97562 0.024259
7.987909 0.023912
8.000236 0.023664
8.012604 0.023465
8.025007 0.023217
8.03745 0.022919
8.04993 0.022721
8.062449 0.022473
8.075007 0.022275
8.087605 0.022175
8.100242 0.022076
8.112914 0.021878
8.12563 0.021729
8.138387 0.02158
8.151183 0.021382
8.16402 0.021233
8.176896 0.021084
8.189815 0.020935
8.202773 0.020786
8.215774 0.020637
8.228815 0.020439
8.241898 0.020241
8.255021 0.020141
8.268188 0.019943
8.281395 0.019794
8.294645 0.019794
8.307939 0.019695
8.321277 0.019695
8.334655 0.019695
8.348077 0.019695
8.361541 0.019744
8.37505 0.019893
8.388601 0.020191
8.402197 0.020489
8.415837 0.020885
8.429516 0.021332
8.443245 0.022026
8.457019 0.02287
8.470837 0.023763
8.484701 0.024953
8.49861 0.026442
8.512566 0.028277
8.526567 0.030262
8.540616 0.032444
8.554709 0.034875
8.56885 0.037306
8.583036 0.03939
8.59727 0.041126
8.611551 0.042515
8.62588 0.043358
8.640257 0.043805
8.654684 0.044053
8.669156 0.044003
8.683678 0.043755
8.698248 0.043458
8.712867 0.04316
8.727534 0.043061
8.742252 0.043358
8.75702 0.044053
8.771832 0.045244
8.786699 0.04693
8.801618 0.049113
8.816586 0.051445
8.831606 0.053628
8.846677 0.056058
8.861799 0.058638
8.876974 0.061019
8.892203 0.063202
8.907482 0.065038
8.922813 0.066278
8.938197 0.066923
8.953634 0.067171
8.969126 0.067072
8.98467 0.066774
9.000268 0.066327
9.015924 0.06598
9.031631 0.065633
9.047393 0.065335
9.06321 0.065335
9.079082 0.065435
9.095011 0.065435
9.110995 0.065484
9.127035 0.065286
9.143127 0.065038
9.159282 0.06469
9.175492 0.064591
9.191761 0.064442
9.208088 0.064244
9.224472 0.064145
9.240915 0.064194
9.257417 0.064194
9.27398 0.063996
9.290601 0.063649
9.307281 0.063202
9.32402 0.062508
9.34082 0.061664
9.35768 0.06092
9.374602 0.059878
9.391585 0.058588
9.408624 0.057199
9.42573 0.05581
9.442899 0.054272
9.460131 0.052933
9.477425 0.051693
9.494783 0.050552
9.512204 0.049609
9.52969 0.048815
9.547244 0.048171
9.564858 0.047625
9.582539 0.047327
9.600284 0.047178
9.618095 0.047327
9.635973 0.047575
9.653916 0.047922
9.671927 0.048617
9.690009 0.04956
9.708156 0.050651
9.72637 0.052189
9.744653 0.053925
9.763004 0.05591
9.781425 0.058241
9.799915 0.060474
9.818476 0.062805
9.837101 0.065286
9.855803 0.067468
9.874576 0.069254
9.89342 0.070842
9.912336 0.072033
9.931326 0.072876
9.950388 0.073422
9.969523 0.073818
9.988736 0.073868
10.008019 0.073719
10.027377 0.07362
10.04681 0.07357
10.066319 0.07367
10.085902 0.074067
10.105563 0.074513
10.1253 0.075059
10.145119 0.075456
10.165011 0.075753
10.184982 0.076249
10.205031 0.076696
10.22516 0.076993
10.245367 0.077242
10.265656 0.077192
10.286023 0.077043
10.306466 0.076845
10.326997 0.076398
10.34761 0.075555
10.368304 0.074364
10.389083 0.072876
10.409945 0.070941
10.43089 0.06861
10.45192 0.066079
10.473039 0.063549
10.49424 0.061367
10.515526 0.059531
10.536899 0.057944
10.558359 0.056158
10.579906 0.054471
10.601542 0.052933
10.623267 0.051792
10.645084 0.050849
10.666988 0.049857
10.688982 0.049113
10.711066 0.048667
10.733243 0.048815
10.755511 0.049609
10.777872 0.050502
10.800325 0.051197
10.822865 0.051792
10.845508 0.052238
10.868244 0.052536
10.891077 0.052586
10.914005 0.052487
10.937031 0.052338
10.960154 0.05209
10.983374 0.051842
11.006698 0.051346
11.030116 0.050849
11.053635 0.050502
11.077253 0.050155
11.100973 0.049857
11.124795 0.04956
11.14872 0.049212
11.172747 0.048964
11.196871 0.049212
11.221107 0.049857
11.245447 0.050552
11.269894 0.050651
11.294447 0.049758
11.319107 0.048419
11.343875 0.04703
11.368752 0.04564
11.393744 0.04445
11.418839 0.043557
11.444047 0.042763
11.469365 0.042317
11.494797 0.042069
11.52034 0.04192
11.545999 0.041821
11.571771 0.041721
11.597663 0.041225
11.623667 0.04063
11.649787 0.040035
11.676025 0.03939
11.702382 0.038646
11.728858 0.037604
11.755454 0.036364
11.782171 0.035123
11.809002 0.034131
11.835962 0.033486
11.863048 0.033089
11.890256 0.032742
11.91759 0.032494
11.94505 0.032196
11.972636 0.03175
12.000351 0.031254
12.028198 0.030708
12.056171 0.03046
12.084274 0.030063
12.112508 0.029517
12.140875 0.02917
12.169374 0.028773
12.198009 0.028228
12.226777 0.027781
12.255688 0.027434
12.28473 0.027037
12.31391 0.02669
12.343228 0.026293
12.372687 0.025797
12.402287 0.025549
12.432029 0.02535
12.461913 0.025102
12.491931 0.024755
12.522105 0.024309
12.552425 0.023912
12.582892 0.023614
12.613507 0.023366
12.644272 0.022919
12.675187 0.022423
12.706254 0.022026
12.737479 0.021729
12.768852 0.021282
12.80038 0.020885
12.832064 0.020637
12.863906 0.02034
12.895905 0.020141
12.928064 0.019943
12.960384 0.019596
12.992874 0.019496
13.025519 0.019348
13.05833 0.019348
13.091305 0.019546
13.124448 0.019744
13.157759 0.019993
13.191238 0.020241
13.22489 0.020538
13.258701 0.020786
13.292698 0.021034
13.326869 0.021034
13.361217 0.020786
13.395742 0.020538
13.430446 0.020191
13.46533 0.019844
13.500397 0.019496
13.535651 0.018802
13.571085 0.018058
13.606705 0.017214
13.642511 0.016321
13.678508 0.015379
13.714694 0.014585
13.751073 0.014039
13.787644 0.013543
13.82442 0.013295
13.861383 0.013295
13.898545 0.013394
13.935907 0.013394
13.97347 0.013494
14.011236 0.013394
14.049208 0.013246
14.087384 0.013196
14.125755 0.013246
14.16435 0.013295
14.203156 0.013345
14.242176 0.013345
14.281411 0.013494
14.320862 0.013494
14.360532 0.013444
14.400422 0.013593
14.440542 0.013593
14.48088 0.013593
14.521442 0.013345
14.562233 0.012998
14.603253 0.012849
14.644506 0.012898
14.685991 0.01275
14.727713 0.012998
14.76966 0.013692
14.811859 0.014486
14.8543 0.014982
14.896984 0.015032
14.939916 0.01518
14.983094 0.015428
15.026524 0.015329
15.070205 0.01528
15.11415 0.015032
15.158343 0.014535
15.202796 0.014337
15.24751 0.014089
15.292488 0.013593
15.337732 0.013345
15.383245 0.013345
15.429028 0.013494
15.475092 0.013841
15.521424 0.014238
15.568036 0.014784
15.614927 0.015478
15.662103 0.015925
15.709563 0.015925
15.757313 0.015677
15.805353 0.01523
15.853672 0.014734
15.902304 0.014486
15.951234 0.014238
16.000465 0.01399
16.050003 0.013791
16.099848 0.013791
16.150003 0.013841
16.200472 0.013791
16.251265 0.013891
16.30237 0.014139
16.353796 0.014684
16.405548 0.015032
16.45763 0.01523
16.510042 0.015677
16.56279 0.016073
16.615877 0.017016
16.669313 0.018207
16.723085 0.019645
16.777206 0.021431
16.831676 0.023217
16.886503 0.025598
16.941689 0.028624
16.997234 0.032048
17.053146 0.036066
17.109409 0.040233
17.166063 0.044996
17.223093 0.049659
17.280504 0.054173
17.338299 0.059134
17.396481 0.064244
17.455055 0.069155
17.514025 0.073521
17.573404 0.077688
17.633179 0.08121
17.693359 0.084038
17.753954 0.08632
17.814964 0.088156
17.876394 0.089545
17.938251 0.090338
18.000536 0.091082
18.063269 0.092521
18.126427 0.094357
18.190027 0.096788
18.254078 0.099615
18.318579 0.101897
18.383539 0.103931
18.448961 0.105171
18.514851 0.105271
18.58119 0.104923
18.648029 0.104626
18.715351 0.103435
18.783159 0.101352
18.851461 0.09902
18.920263 0.096788
18.989569 0.094654
19.059383 0.092521
19.129725 0.09138
19.200575 0.09143
19.271952 0.091082
19.343863 0.091082
19.416311 0.091827
19.489305 0.092918
19.562849 0.09396
19.636951 0.093861
19.711594 0.092918
19.786827 0.091965
19.862638 0.090352
19.939034 0.089136
20.016018 0.087967
20.093599 0.086722
20.171785 0.084799
20.250582 0.082835
20.330009 0.082145
20.410049 0.082005
20.490723 0.081386
20.572035 0.080579
20.653994 0.079802
20.73661 0.078977
20.819889 0.078761
20.903841 0.079246
20.988487 0.079673
21.073807 0.080351
21.159821 0.080684
21.246542 0.080784
21.333977 0.081333
21.422132 0.081169
21.511023 0.081158
21.600651 0.081754
21.691 0.081988
21.782139 0.083209
21.874046 0.085191
21.966734 0.086401
22.060209 0.086856
22.154484 0.086161
22.249567 0.08491
22.34547 0.08377
22.442221 0.082783
22.539797 0.081427
22.638224 0.080702
22.737514 0.080357
22.837679 0.079375
22.93873 0.077972
23.04068 0.07661
23.143541 0.075149
23.247343 0.073851
23.35206 0.072758
23.457727 0.071689
23.564352 0.070584
23.671953 0.070344
23.78054 0.071034
23.890127 0.071899
24.000731 0.072829
24.112324 0.073781
24.224998 0.074728
24.338732 0.074635
24.453537 0.074185
24.569429 0.074459
24.686426 0.074383
24.804543 0.073875
24.923796 0.073793
25.044222 0.073869
25.165796 0.074167
25.288555 0.074424
25.412519 0.074524
25.537704 0.074325
25.664127 0.073524
25.791811 0.072682
25.920769 0.071987
26.051052 0.071636
26.182623 0.070929
26.315529 0.070251
26.449793 0.069549
26.585432 0.06893
26.722471 0.068492
26.860929 0.068345
27.00083 0.067527
27.142149 0.066925
27.285002 0.067054
27.429367 0.066598
27.575268 0.065873
27.722729 0.065622
27.871777 0.064698
28.022434 0.063623
28.17473 0.063208
28.328716 0.063225
28.484369 0.063792
28.641743 0.065779
28.800863 0.069099
28.961761 0.071198
29.124468 0.072595
29.289013 0.07391
29.455427 0.074699
29.623777 0.074483
29.794029 0.073758
29.966249 0.073892
30.140471 0.074348
30.316732 0.073957
30.495066 0.072186
30.67551 0.070835
30.858103 0.068936
31.04282 0.068287
31.229824 0.068234
31.419096 0.067615
31.610676 0.067305
31.804607 0.067919
32.000931 0.069158
32.199696 0.069438
32.400944 0.069304
32.604759 0.068825
32.811115 0.067404
33.020103 0.065645
33.231773 0.065809
33.446171 0.06623
33.663353 0.066072
33.883377 0.066048
34.106293 0.065943
34.332088 0.063909
34.560966 0.061828
34.792919 0.060934
35.028008 0.060262
35.266293 0.05828
35.507843 0.056661
35.752724 0.055843
36.001007 0.054984
36.252811 0.055042
36.508114 0.05461
36.767036 0.054376
37.029659 0.054382
37.296059 0.054049
37.566319 0.052967
37.840527 0.052032
38.118767 0.050688
38.40118 0.050331
38.687756 0.05105
38.978642 0.05157
39.273933 0.051652
39.573734 0.052745
39.878147 0.053634
40.187283 0.053569
40.501244 0.053505
40.820042 0.053715
41.144012 0.054569
41.473164 0.054475
41.807625 0.054037
42.147522 0.05444
42.492992 0.054849
42.844173 0.054931
43.20121 0.055837
43.564312 0.056077
43.933502 0.05468
44.309002 0.054481
44.690975 0.055714
45.079594 0.055942
45.475029 0.056176
45.87746 0.056363
46.287083 0.054768
46.704159 0.053371
47.128742 0.053932
47.561119 0.054177
48.001499 0.053569
48.450111 0.053815
48.907188 0.053563
49.372971 0.052026
49.847713 0.053213
50.331509 0.053581
50.824955 0.052202
51.328171 0.051167
51.841454 0.051588
52.365105 0.0506
52.899441 0.049495
53.444794 0.050296
54.001511 0.050284
54.570061 0.049694
55.150593 0.050039
55.74361 0.05074
56.349518 0.051471
56.968742 0.052149
57.60173 0.051804
58.24894 0.051056
58.910862 0.049846
59.588123 0.049922
60.28101 0.050144
60.9902 0.050419
61.716274 0.051383
62.459846 0.051863
63.221554 0.051752
64.002068 0.054008
64.802094 0.055726
65.622093 0.054762
66.463402 0.055288
67.326561 0.060501
68.21244 0.065101
69.121933 0.066685
70.056015 0.066311
71.015686 0.064868
72.002014 0.065604
73.016319 0.066528
74.05941 0.065078
75.132736 0.062991
76.237625 0.062027
77.375504 0.061741
78.547859 0.06184
79.756294 0.063488
81.002487 0.062296
82.28849 0.061045
83.61573 0.061998
84.986481 0.063833
86.402931 0.064903
87.867393 0.064628
89.382355 0.063681
90.95047 0.065189
92.574593 0.066814
94.25721 0.06613
96.002708 0.066832
97.814079 0.06727
99.695114 0.063038
101.649918 0.064318
103.682915 0.067077
105.798889 0.067656
108.003029 0.069175
110.301392 0.073612
112.699249 0.073273
115.203682 0.070257
117.821953 0.072098
120.562004 0.071952
123.432541 0.073694
126.443092 0.075675
129.604187 0.071765
132.926254 0.069134
136.424286 0.072338
140.11142 0.077177
144.003372 0.081649
148.117722 0.080941
152.474106 0.077236
157.094498 0.076452
162.003662 0.079293
167.230545 0.082181
172.804886 0.087979
178.763672 0.091679
185.148087 0.097985
192.005402 0.125831
199.390213 0.137264
207.365814 0.120284
216.006042 0.105233
