1.568105 0.296738
1.568579 0.296802
1.569054 0.297572
1.569529 0.298342
1.570004 0.298984
1.57048 0.298471
1.570956 0.298471
1.571432 0.29892
1.571908 0.29969
1.572385 0.299754
1.572862 0.299883
1.57334 0.300203
1.573817 0.300781
1.574295 0.300845
1.574773 0.301102
1.575252 0.301487
1.575731 0.301679
1.57621 0.301679
1.576689 0.302578
1.577169 0.303155
1.577649 0.303861
1.578129 0.304567
1.57861 0.304824
1.57909 0.304567
1.579572 0.30476
1.580053 0.304631
1.580535 0.30476
1.581017 0.30476
1.581499 0.304824
1.581982 0.304696
1.582465 0.305722
1.582948 0.305722
1.583431 0.305915
1.583915 0.306236
1.584399 0.307455
1.584884 0.307776
1.585368 0.308289
1.585853 0.30861
1.586339 0.309316
1.586824 0.309124
1.58731 0.308738
1.587796 0.309188
1.588283 0.31015
1.588769 0.309124
1.589256 0.309701
1.589744 0.311113
1.590231 0.311755
1.590719 0.310985
1.591208 0.31137
1.591696 0.311691
1.592185 0.312396
1.592674 0.313038
1.593163 0.313616
1.593653 0.313744
1.594143 0.314129
1.594634 0.314193
1.595124 0.314835
1.595615 0.314386
1.596107 0.314257
1.596598 0.314835
1.59709 0.315413
1.597582 0.315541
1.598075 0.316247
1.598568 0.316054
1.599061 0.31599
1.599554 0.315926
1.600048 0.316439
1.600542 0.316953
1.601036 0.318429
1.60153 0.318878
1.602025 0.318621
1.602521 0.318365
1.603016 0.318685
1.603512 0.318878
1.604008 0.319841
1.604505 0.319905
1.605001 0.319969
1.605498 0.319969
1.605996 0.320803
1.606493 0.32106
1.606991 0.320739
1.60749 0.320546
1.607988 0.321317
1.608487 0.321445
1.608986 0.322087
1.609486 0.322343
1.609986 0.323113
1.610486 0.323434
1.610986 0.323883
1.611487 0.324204
1.611988 0.324461
1.61249 0.32414
1.612991 0.324846
1.613493 0.325295
1.613996 0.325616
1.614498 0.325295
1.615001 0.325937
1.615505 0.326579
1.616008 0.326515
1.616512 0.326194
1.617016 0.327285
1.617521 0.327413
1.618026 0.327606
1.618531 0.327862
1.619036 0.328632
1.619542 0.329146
1.620048 0.328889
1.620554 0.328696
1.621061 0.329467
1.621568 0.329467
1.622076 0.330044
1.622583 0.330108
1.623091 0.330686
1.6236 0.331007
1.624108 0.331328
1.624617 0.331263
1.625127 0.331135
1.625636 0.331007
1.626146 0.331584
1.626656 0.332033
1.627167 0.332804
1.627678 0.332804
1.628189 0.333253
1.628701 0.333445
1.629212 0.333574
1.629725 0.333959
1.630237 0.334536
1.63075 0.334665
1.631263 0.334985
1.631777 0.335178
1.63229 0.335371
1.632804 0.334793
1.633319 0.335242
1.633834 0.336076
1.634349 0.336397
1.634864 0.336141
1.63538 0.336526
1.635896 0.336397
1.636412 0.336654
1.636929 0.337167
1.637446 0.337937
1.637964 0.337873
1.638481 0.338002
1.638999 0.337552
1.639518 0.337937
1.640036 0.338066
1.640555 0.338002
1.641075 0.337937
1.641594 0.339028
1.642114 0.339606
1.642634 0.339863
1.643155 0.339285
1.643676 0.339349
1.644197 0.339221
1.644719 0.339927
1.645241 0.339863
1.645763 0.339863
1.646286 0.340376
1.646809 0.340889
1.647332 0.340376
1.647856 0.341274
1.64838 0.341595
1.648904 0.341531
1.649429 0.341146
1.649953 0.341018
1.650479 0.341403
1.651004 0.342365
1.651531 0.342622
1.652057 0.3432
1.652583 0.3432
1.65311 0.343328
1.653638 0.343328
1.654165 0.343777
1.654693 0.34397
1.655222 0.344291
1.65575 0.344162
1.656279 0.344291
1.656809 0.344226
1.657338 0.344483
1.657868 0.34474
1.658399 0.345125
1.658929 0.345446
1.65946 0.345895
1.659992 0.345831
1.660523 0.346537
1.661055 0.346858
1.661588 0.346858
1.662121 0.346793
1.662654 0.34705
1.663187 0.346729
1.663721 0.346986
1.664255 0.347114
1.664789 0.347435
1.665324 0.347435
1.665859 0.347884
1.666395 0.348205
1.666931 0.348654
1.667467 0.348847
1.668003 0.349104
1.66854 0.349039
1.669077 0.349168
1.669615 0.349681
1.670153 0.350451
1.670691 0.350772
1.671229 0.350965
1.671769 0.350323
1.672308 0.350195
1.672847 0.350451
1.673387 0.350772
1.673928 0.351093
1.674468 0.351671
1.675009 0.351606
1.675551 0.351606
1.676093 0.351863
1.676635 0.352377
1.677177 0.352505
1.67772 0.352954
1.678263 0.353211
1.678806 0.353275
1.67935 0.353147
1.679894 0.35366
1.680439 0.353853
1.680984 0.354302
1.681529 0.354302
1.682074 0.354494
1.682621 0.354558
1.683167 0.355521
1.683714 0.355842
1.68426 0.355906
1.684808 0.355393
1.685356 0.355136
1.685904 0.355457
1.686452 0.355906
1.687001 0.356163
1.68755 0.356548
1.6881 0.356355
1.68865 0.35674
1.6892 0.35719
1.689751 0.357703
1.690302 0.357575
1.690853 0.357767
1.691405 0.357575
1.691957 0.358024
1.692509 0.358537
1.693061 0.359051
1.693615 0.358922
1.694168 0.358794
1.694722 0.358794
1.695276 0.359371
1.695831 0.359179
1.696385 0.359051
1.696941 0.3595
1.697497 0.359756
1.698053 0.359885
1.698609 0.360462
1.699166 0.360591
1.699723 0.360462
1.70028 0.360655
1.700838 0.361489
1.701396 0.361617
1.701955 0.361746
1.702514 0.36181
1.703073 0.362002
1.703633 0.362002
1.704193 0.362131
1.704753 0.361938
1.705314 0.362067
1.705875 0.361682
1.706436 0.362067
1.706998 0.362452
1.707561 0.362708
1.708123 0.362773
1.708686 0.363029
1.70925 0.362965
1.709813 0.362965
1.710377 0.362901
1.710942 0.36335
1.711507 0.363414
1.712072 0.363222
1.712638 0.363222
1.713204 0.363607
1.71377 0.363735
1.714337 0.364377
1.714904 0.364441
1.715471 0.364634
1.716039 0.364634
1.716607 0.364826
1.717176 0.364826
1.717745 0.365275
1.718314 0.365404
1.718884 0.365725
1.719454 0.365725
1.720024 0.366045
1.720595 0.366238
1.721167 0.36643
1.721738 0.366238
1.72231 0.366238
1.722883 0.365917
1.723455 0.366366
1.724029 0.36643
1.724602 0.366623
1.725176 0.366944
1.72575 0.367072
1.726325 0.367008
1.7269 0.367457
1.727476 0.367457
1.728051 0.367457
1.728628 0.367329
1.729204 0.36765
1.729781 0.36765
1.730358 0.368099
1.730936 0.368356
1.731514 0.368677
1.732093 0.368548
1.732672 0.368741
1.733251 0.368677
1.733831 0.368869
1.734411 0.368741
1.734991 0.368997
1.735572 0.369382
1.736153 0.369639
1.736735 0.369511
1.737317 0.369896
1.7379 0.370024
1.738482 0.370345
1.739066 0.370345
1.739649 0.370538
1.740233 0.37073
1.740817 0.371179
1.741402 0.370794
1.741987 0.371179
1.742573 0.371564
1.743159 0.371693
1.743745 0.371693
1.744332 0.371821
1.744919 0.371693
1.745506 0.372206
1.746094 0.372463
1.746683 0.372463
1.747271 0.372334
1.74786 0.372655
1.74845 0.372655
1.74904 0.372719
1.74963 0.372719
1.750221 0.372976
1.750812 0.372912
1.751403 0.373682
1.751995 0.37381
1.752588 0.373875
1.75318 0.374003
1.753773 0.374324
1.754367 0.374324
1.754961 0.374645
1.755555 0.374966
1.75615 0.375286
1.756745 0.375351
1.75734 0.375607
1.757936 0.375479
1.758533 0.375607
1.759129 0.375671
1.759726 0.375928
1.760324 0.375864
1.760922 0.375992
1.76152 0.376185
1.762119 0.376442
1.762718 0.376442
1.763318 0.376698
1.763918 0.376762
1.764518 0.377147
1.765119 0.376955
1.76572 0.377276
1.766322 0.377661
1.766924 0.377853
1.767526 0.377661
1.768129 0.377661
1.768732 0.377725
1.769336 0.378303
1.76994 0.378623
1.770545 0.378816
1.771149 0.379008
1.771755 0.379073
1.77236 0.378944
1.772967 0.379073
1.773573 0.378752
1.77418 0.379008
1.774787 0.379329
1.775395 0.379265
1.776004 0.379329
1.776612 0.379971
1.777221 0.379779
1.777831 0.37965
1.778441 0.379458
1.779051 0.379843
1.779662 0.380035
1.780273 0.380356
1.780884 0.380677
1.781496 0.380549
1.782109 0.380484
1.782721 0.380998
1.783335 0.381255
1.783948 0.381575
1.784562 0.381255
1.785177 0.381447
1.785792 0.381575
1.786407 0.381511
1.787023 0.381704
1.787639 0.38196
1.788256 0.381896
1.788873 0.38196
1.789491 0.381896
1.790108 0.381896
1.790727 0.38196
1.791346 0.382345
1.791965 0.382666
1.792585 0.382731
1.793205 0.382666
1.793825 0.382923
1.794446 0.382602
1.795067 0.382602
1.795689 0.382859
1.796311 0.383308
1.796934 0.383372
1.797557 0.383565
1.79818 0.383244
1.798804 0.383372
1.799429 0.383629
1.800053 0.383757
1.800679 0.383693
1.801304 0.383886
1.801931 0.383565
1.802557 0.383436
1.803184 0.383757
1.803812 0.384078
1.804439 0.384207
1.805068 0.384271
1.805696 0.38395
1.806326 0.384463
1.806955 0.384784
1.807585 0.384784
1.808216 0.384463
1.808847 0.384527
1.809478 0.384527
1.81011 0.38472
1.810742 0.38472
1.811375 0.385169
1.812008 0.385169
1.812641 0.385041
1.813275 0.385169
1.81391 0.385682
1.814545 0.385682
1.81518 0.385682
1.815816 0.385554
1.816452 0.385682
1.817089 0.386003
1.817726 0.386453
1.818363 0.386324
1.819001 0.386132
1.81964 0.385811
1.820279 0.386003
1.820918 0.386388
1.821558 0.386581
1.822199 0.386517
1.822839 0.386645
1.82348 0.386838
1.824122 0.38703
1.824764 0.387159
1.825406 0.387415
1.826049 0.387415
1.826693 0.387608
1.827337 0.387736
1.827981 0.387864
1.828626 0.3878
1.829271 0.387929
1.829917 0.388121
1.830563 0.388378
1.83121 0.388314
1.831857 0.388506
1.832504 0.38857
1.833152 0.388635
1.833801 0.388699
1.83445 0.388763
1.835099 0.388891
1.835749 0.389212
1.836399 0.388955
1.83705 0.389084
1.837701 0.389469
1.838353 0.389854
1.839005 0.389661
1.839658 0.38979
1.840311 0.389982
1.840964 0.390175
1.841618 0.39011
1.842272 0.390303
1.842927 0.390239
1.843583 0.390496
1.844238 0.390688
1.844895 0.390816
1.845551 0.390881
1.846209 0.391266
1.846867 0.391009
1.847525 0.390752
1.848184 0.390688
1.848843 0.391201
1.849502 0.391586
1.850162 0.391907
1.850823 0.391843
1.851484 0.391971
1.852145 0.392036
1.852807 0.392292
1.853469 0.3921
1.854132 0.392357
1.854796 0.392549
1.855459 0.392742
1.856124 0.392677
1.856789 0.392485
1.857454 0.3921
1.85812 0.392613
1.858786 0.393062
1.859453 0.393191
1.86012 0.393127
1.860788 0.393127
1.861456 0.393062
1.862124 0.393319
1.862794 0.393576
1.863463 0.393704
1.864133 0.393704
1.864804 0.393833
1.865475 0.393576
1.866146 0.393704
1.866818 0.393768
1.867491 0.39364
1.868164 0.393383
1.868837 0.393833
1.869511 0.393897
1.870185 0.393768
1.87086 0.393576
1.871536 0.393961
1.872212 0.394089
1.872888 0.394089
1.873565 0.393897
1.874242 0.394153
1.87492 0.394218
1.875599 0.394153
1.876277 0.393961
1.876957 0.393897
1.877637 0.393897
1.878317 0.394153
1.878998 0.393897
1.879679 0.393961
1.880361 0.394089
1.881043 0.393961
1.881726 0.393704
1.882409 0.393768
1.883093 0.394153
1.883777 0.394282
1.884462 0.393897
1.885147 0.394025
1.885833 0.393897
1.886519 0.393897
1.887206 0.393897
1.887893 0.394153
1.888581 0.393961
1.889269 0.393961
1.889958 0.393897
1.890647 0.393961
1.891337 0.393961
1.892027 0.393768
1.892718 0.393383
1.893409 0.39364
1.894101 0.393512
1.894793 0.393191
1.895486 0.392998
1.896179 0.393191
1.896873 0.393127
1.897568 0.392934
1.898262 0.392742
1.898958 0.392806
1.899654 0.392485
1.90035 0.392164
1.901047 0.391971
1.901744 0.392228
1.902442 0.3921
1.90314 0.392164
1.903839 0.392036
1.904539 0.391843
1.905239 0.391779
1.905939 0.391715
1.90664 0.391522
1.907342 0.391458
1.908044 0.391458
1.908746 0.391651
1.909449 0.391651
1.910153 0.391779
1.910857 0.391715
1.911561 0.391779
1.912266 0.391843
1.912972 0.392036
1.913678 0.391907
1.914385 0.392036
1.915092 0.3921
1.9158 0.392164
1.916508 0.392292
1.917217 0.392613
1.917926 0.392742
1.918636 0.392934
1.919346 0.392613
1.920057 0.392421
1.920768 0.392549
1.92148 0.39287
1.922193 0.393062
1.922906 0.393512
1.92362 0.393833
1.924333 0.393961
1.925048 0.393897
1.925763 0.394153
1.926479 0.394089
1.927195 0.394474
1.927912 0.394603
1.928629 0.394667
1.929346 0.394731
1.930065 0.395052
1.930784 0.394988
1.931503 0.395244
1.932223 0.395244
1.932943 0.395629
1.933664 0.395822
1.934386 0.395886
1.935108 0.395822
1.93583 0.39595
1.936554 0.396207
1.937277 0.396464
1.938002 0.396464
1.938726 0.396656
1.939452 0.396656
1.940177 0.396849
1.940904 0.396785
1.941631 0.39717
1.942358 0.397362
1.943086 0.397362
1.943815 0.39749
1.944544 0.397555
1.945274 0.39749
1.946004 0.397683
1.946735 0.397747
1.947466 0.397875
1.948198 0.398004
1.94893 0.398004
1.949663 0.397875
1.950397 0.398068
1.951131 0.398196
1.951865 0.398646
1.952601 0.398774
1.953336 0.398902
1.954073 0.398902
1.954809 0.399031
1.955547 0.398902
1.956285 0.398838
1.957023 0.398838
1.957762 0.399159
1.958502 0.399351
1.959242 0.399287
1.959983 0.399223
1.960724 0.399416
1.961466 0.39948
1.962208 0.399736
1.962951 0.399929
1.963695 0.399993
1.964439 0.399801
1.965183 0.399736
1.965929 0.399736
1.966674 0.399929
1.967421 0.399865
1.968168 0.399929
1.968915 0.399801
1.969663 0.399865
1.970412 0.400122
1.971161 0.400057
1.971911 0.399865
1.972661 0.400057
1.973413 0.399993
1.974164 0.399993
1.974916 0.399993
1.975669 0.400057
1.976422 0.399993
1.977176 0.400186
1.97793 0.400186
1.978685 0.399929
1.97944 0.400057
1.980196 0.400314
1.980953 0.399993
1.98171 0.400057
1.982468 0.400186
1.983226 0.400186
1.983986 0.40025
1.984745 0.400314
1.985505 0.400122
1.986266 0.40025
1.987027 0.400186
1.987789 0.40025
1.988552 0.400122
1.989315 0.40025
1.990078 0.400122
1.990842 0.400122
1.991607 0.400186
1.992373 0.400507
1.993139 0.400442
1.993905 0.400507
1.994673 0.400507
1.99544 0.400635
1.996209 0.400507
1.996978 0.400571
1.997747 0.400507
1.998517 0.400763
1.999288 0.400956
2.000059 0.401084
2.000831 0.400635
2.001604 0.400635
2.002377 0.400699
2.003151 0.400956
2.003925 0.400956
2.0047 0.401084
2.005476 0.401148
2.006252 0.401341
2.007029 0.401277
2.007806 0.401212
2.008584 0.401341
2.009362 0.40179
2.010141 0.401598
2.010921 0.401469
2.011701 0.401533
2.012482 0.401726
2.013264 0.401662
2.014046 0.401854
2.014829 0.401854
2.015612 0.402175
2.016396 0.402175
2.01718 0.402111
2.017966 0.402175
2.018752 0.402303
2.019538 0.402432
2.020325 0.402624
2.021113 0.402688
2.021901 0.402688
2.02269 0.402624
2.023479 0.402881
2.02427 0.402881
2.02506 0.403009
2.025852 0.403138
2.026644 0.403459
2.027436 0.40333
2.028229 0.403394
2.029023 0.403459
2.029818 0.403715
2.030613 0.403844
2.031409 0.404036
2.032204 0.403844
2.033001 0.403972
2.033799 0.404229
2.034597 0.404357
2.035396 0.404421
2.036195 0.404485
2.036996 0.404485
2.037796 0.40487
2.038598 0.404999
2.0394 0.405127
2.040203 0.405255
2.041006 0.405448
2.04181 0.405576
2.042614 0.40564
2.043419 0.40532
2.044225 0.40532
2.045032 0.40532
2.045839 0.405512
2.046646 0.405705
2.047455 0.406025
2.048264 0.405961
2.049073 0.405961
2.049883 0.405961
2.050694 0.405897
2.051505 0.405769
2.052317 0.405897
2.05313 0.405961
2.053944 0.406218
2.054758 0.406154
2.055573 0.406282
2.056388 0.406475
2.057204 0.406667
2.058021 0.406603
2.058838 0.40686
2.059656 0.406796
2.060475 0.406731
2.061294 0.406539
2.062114 0.406539
2.062935 0.406475
2.063756 0.406475
2.064577 0.406539
2.0654 0.406539
2.066223 0.406539
2.067047 0.406731
2.067871 0.406731
2.068696 0.406731
2.069522 0.406603
2.070349 0.406796
2.071176 0.406796
2.072004 0.406731
2.072833 0.406667
2.073662 0.406731
2.074492 0.406603
2.075322 0.406411
2.076153 0.406346
2.076985 0.406731
2.077817 0.406667
2.07865 0.406218
2.079484 0.406218
2.080319 0.406411
2.081154 0.406282
2.08199 0.406346
2.082826 0.406218
2.083663 0.40609
2.084501 0.405897
2.08534 0.40609
2.086179 0.405833
2.087018 0.405833
2.087859 0.405833
2.0887 0.405769
2.089542 0.405512
2.090385 0.405512
2.091228 0.405255
2.092072 0.40532
2.092917 0.405255
2.093762 0.405191
2.094608 0.405063
2.095454 0.405063
2.096302 0.40487
2.09715 0.404678
2.097999 0.404421
2.098848 0.404421
2.099698 0.404357
2.100549 0.403972
2.1014 0.403651
2.102252 0.403651
2.103105 0.403587
2.103959 0.403779
2.104813 0.403523
2.105668 0.40333
2.106524 0.403202
2.10738 0.403073
2.108237 0.402688
2.109094 0.402624
2.109953 0.402432
2.110812 0.402303
2.111672 0.402175
2.112532 0.402303
2.113394 0.402175
2.114255 0.401854
2.115118 0.40179
2.115981 0.401983
2.116845 0.40179
2.11771 0.401726
2.118576 0.401598
2.119442 0.401662
2.120309 0.401533
2.121176 0.401469
2.122045 0.401405
2.122913 0.401533
2.123783 0.401405
2.124654 0.401148
2.125525 0.401084
2.126396 0.401148
2.127269 0.401084
2.128142 0.401148
2.129016 0.40102
2.129891 0.401084
2.130766 0.400956
2.131642 0.40102
2.132519 0.400956
2.133397 0.401084
2.134275 0.40102
2.135154 0.401084
2.136034 0.40102
2.136914 0.400892
2.137795 0.400892
2.138677 0.400956
2.13956 0.400635
2.140444 0.400571
2.141328 0.400507
2.142213 0.400571
2.143099 0.400442
2.143985 0.400699
2.144872 0.400571
2.14576 0.400442
2.146648 0.400378
2.147537 0.40025
2.148427 0.400057
2.149318 0.400122
2.150209 0.399929
2.151101 0.399801
2.151994 0.399608
2.152888 0.399544
2.153783 0.399287
2.154678 0.399287
2.155574 0.399159
2.15647 0.398966
2.157368 0.39871
2.158266 0.398646
2.159165 0.39826
2.160064 0.397811
2.160964 0.397362
2.161865 0.397362
2.162767 0.397234
2.16367 0.396913
2.164573 0.396464
2.165478 0.396143
2.166383 0.395758
2.167288 0.395437
2.168195 0.394859
2.169102 0.394346
2.17001 0.393704
2.170919 0.393191
2.171828 0.392485
2.172739 0.391843
2.17365 0.391009
2.174561 0.390239
2.175474 0.389469
2.176387 0.388827
2.177301 0.387929
2.178216 0.387094
2.179132 0.386068
2.180048 0.385233
2.180965 0.384207
2.181883 0.383116
2.182801 0.38196
2.183721 0.38119
2.184641 0.379971
2.185562 0.379008
2.186484 0.378046
2.187407 0.377147
2.18833 0.375928
2.189254 0.374901
2.190179 0.373746
2.191105 0.37304
2.192032 0.37227
2.192959 0.371436
2.193887 0.370538
2.194816 0.369768
2.195745 0.36919
2.196676 0.369062
2.197607 0.368805
2.198539 0.368869
2.199472 0.368677
2.200405 0.368548
2.201339 0.368677
2.202275 0.36919
2.203211 0.369447
2.204147 0.369896
2.205085 0.370409
2.206023 0.371372
2.206962 0.371821
2.207902 0.372591
2.208843 0.373425
2.209784 0.374131
2.210727 0.374837
2.21167 0.375928
2.212614 0.376891
2.213559 0.377789
2.214504 0.378495
2.215451 0.379458
2.216398 0.380292
2.217346 0.381062
2.218295 0.381383
2.219244 0.381704
2.220195 0.382025
2.221146 0.382666
2.222098 0.383116
2.223051 0.383693
2.224005 0.383886
2.224959 0.384142
2.225914 0.384142
2.226871 0.383929
2.227827 0.383662
2.228785 0.383822
2.229744 0.383715
2.230703 0.383448
2.231663 0.383074
2.232625 0.382754
2.233587 0.38238
2.234549 0.382113
2.235513 0.381633
2.236477 0.381259
2.237442 0.381046
2.238408 0.380779
2.239375 0.380458
2.240343 0.380085
2.241312 0.379711
2.242281 0.379337
2.243252 0.378643
2.244223 0.378163
2.245195 0.377362
2.246168 0.376508
2.247141 0.37592
2.248116 0.37528
2.249091 0.374746
2.250067 0.374319
2.251044 0.373945
2.252022 0.373464
2.253 0.372663
2.25398 0.37229
2.254961 0.371756
2.255942 0.371168
2.256924 0.371008
2.257907 0.371222
2.258891 0.371222
2.259876 0.371275
2.260861 0.371542
2.261847 0.371702
2.262835 0.371969
2.263823 0.372129
2.264812 0.372129
2.265802 0.37229
2.266792 0.372396
2.267784 0.372343
2.268776 0.372129
2.26977 0.37229
2.270764 0.372503
2.271759 0.37277
2.272755 0.372717
2.273752 0.372396
2.27475 0.371809
2.275748 0.371115
2.276747 0.370635
2.277748 0.370421
2.278749 0.36994
2.279751 0.3693
2.280754 0.368392
2.281758 0.367218
2.282763 0.36599
2.283768 0.365242
2.284775 0.364014
2.285782 0.362893
2.286791 0.361825
2.2878 0.360811
2.28881 0.359583
2.289821 0.358248
2.290832 0.356913
2.291845 0.355472
2.292859 0.35403
2.293873 0.352856
2.294889 0.351681
2.295905 0.349973
2.296922 0.348264
2.29794 0.346823
2.29896 0.345541
2.299979 0.34458
2.301001 0.343406
2.302022 0.342498
2.303045 0.34127
2.304068 0.340095
2.305093 0.339081
2.306118 0.33812
2.307145 0.337212
2.308172 0.336145
2.309201 0.33497
2.31023 0.333902
2.31126 0.333048
2.31229 0.332194
2.313322 0.330912
2.314355 0.329791
2.315388 0.328563
2.316423 0.327709
2.317458 0.326855
2.318495 0.325787
2.319532 0.324559
2.32057 0.323598
2.321609 0.32285
2.32265 0.321729
2.323691 0.320394
2.324733 0.319433
2.325776 0.318686
2.32682 0.317672
2.327865 0.316497
2.32891 0.315803
2.329957 0.315162
2.331005 0.314842
2.332053 0.314308
2.333103 0.313667
2.334153 0.312973
2.335205 0.312493
2.336257 0.312066
2.33731 0.311799
2.338365 0.311318
2.33942 0.311158
2.340476 0.310944
2.341533 0.310677
2.342591 0.310357
2.34365 0.310464
2.34471 0.310144
2.345771 0.310144
2.346833 0.310304
2.347896 0.31041
2.34896 0.310517
2.350024 0.311105
2.35109 0.311478
2.352157 0.311852
2.353225 0.312653
2.354293 0.3134
2.355363 0.313934
2.356434 0.314628
2.357505 0.315589
2.358577 0.316283
2.359651 0.317191
2.360726 0.318152
2.361801 0.319113
2.362878 0.320234
2.363955 0.321409
2.365033 0.322744
2.366114 0.323598
2.367194 0.324452
2.368275 0.325093
2.369358 0.326
2.370441 0.326855
2.371525 0.327549
2.372611 0.327709
2.373697 0.328029
2.374785 0.328403
2.375873 0.328296
2.376962 0.327976
2.378052 0.328029
2.379144 0.327976
2.380236 0.327976
2.38133 0.327762
2.382424 0.327389
2.383519 0.327068
2.384615 0.326801
2.385713 0.326374
2.386811 0.326214
2.387911 0.325733
2.389011 0.32536
2.390113 0.325306
2.391215 0.324986
2.392318 0.324826
2.393423 0.325039
2.394528 0.325093
2.395635 0.325093
2.396743 0.325146
2.397851 0.325306
2.398961 0.325306
2.400071 0.325413
2.401183 0.32536
2.402296 0.325413
2.40341 0.32568
2.404524 0.32584
2.40564 0.326107
2.406757 0.326374
2.407875 0.326481
2.408994 0.326961
2.410113 0.327175
2.411234 0.327335
2.412356 0.327655
2.413479 0.328243
2.414603 0.328456
2.415729 0.328456
2.416855 0.32867
2.417982 0.329578
2.419111 0.329898
2.42024 0.330111
2.421371 0.330325
2.422502 0.330539
2.423635 0.331072
2.424768 0.3315
2.425903 0.331606
2.427038 0.331873
2.428176 0.332033
2.429314 0.33214
2.430453 0.33214
2.431592 0.332247
2.432734 0.332247
2.433876 0.332514
2.435019 0.332514
2.436163 0.332888
2.437308 0.333315
2.438454 0.333635
2.439602 0.333849
2.44075 0.334062
2.4419 0.334169
2.443051 0.334329
2.444203 0.334543
2.445355 0.334863
2.44651 0.33497
2.447665 0.335023
2.448821 0.335237
2.449978 0.335824
2.451137 0.335931
2.452296 0.336038
2.453457 0.336145
2.454618 0.336358
2.455781 0.336358
2.456945 0.336465
2.45811 0.336251
2.459276 0.336198
2.460443 0.336412
2.461612 0.336305
2.462781 0.336038
2.463952 0.336358
2.465123 0.336465
2.466296 0.336305
2.46747 0.336251
2.468645 0.336198
2.469821 0.336198
2.470998 0.336145
2.472176 0.335931
2.473356 0.335771
2.474536 0.335451
2.475718 0.335237
2.476901 0.335451
2.478085 0.335504
2.47927 0.335184
2.480456 0.335184
2.481644 0.335077
2.482832 0.33497
2.484022 0.334756
2.485213 0.334489
2.486404 0.334062
2.487597 0.333849
2.488792 0.333795
2.489987 0.334009
2.491184 0.333849
2.492381 0.333849
2.493581 0.333795
2.494781 0.333528
2.495982 0.333101
2.497184 0.333155
2.498387 0.332994
2.499592 0.333048
2.500798 0.333048
2.502005 0.333048
2.503213 0.332994
2.504422 0.332888
2.505633 0.332674
2.506844 0.332888
2.508057 0.332994
2.509271 0.333101
2.510486 0.333155
2.511703 0.333261
2.51292 0.333208
2.514138 0.333315
2.515358 0.333101
2.516579 0.332994
2.517802 0.333315
2.519025 0.333475
2.52025 0.333422
2.521476 0.333368
2.522703 0.332888
2.523931 0.332407
2.52516 0.3323
2.526391 0.332461
2.527622 0.332461
2.528856 0.332514
2.53009 0.332354
2.531325 0.33214
2.532562 0.331927
2.5338 0.332033
2.535039 0.33166
2.536279 0.331393
2.53752 0.33198
2.538763 0.332514
2.540007 0.332567
2.541252 0.332194
2.542498 0.331606
2.543746 0.331713
2.544994 0.332033
2.546244 0.332087
2.547495 0.3315
2.548748 0.331767
2.550002 0.331553
2.551256 0.330806
2.552513 0.330485
2.553771 0.331339
2.555029 0.331927
2.556289 0.33198
2.55755 0.33166
2.558813 0.330966
2.560076 0.329311
2.561341 0.327709
2.562607 0.327335
2.563875 0.327602
2.565143 0.328883
2.566413 0.330272
2.567684 0.330005
2.568957 0.328456
2.57023 0.328296
2.571505 0.328937
2.572781 0.327122
2.574058 0.327335
2.575337 0.328083
2.576617 0.327389
2.577898 0.327976
2.579181 0.328563
2.580465 0.327442
2.58175 0.327175
2.583036 0.325253
2.584324 0.325146
2.585613 0.326961
2.586903 0.326107
2.588195 0.326
2.589488 0.326801
2.590782 0.327389
2.592077 0.326588
2.593373 0.321622
2.594671 0.316871
2.595971 0.320074
2.597271 0.324292
2.598573 0.325627
2.599876 0.3252
2.601181 0.323758
2.602487 0.322316
2.603794 0.320448
2.605102 0.318472
2.606412 0.31922
2.607723 0.320448
2.609035 0.320608
2.610349 0.320982
2.611664 0.320982
2.612981 0.320074
2.614299 0.319754
2.615618 0.317298
2.616938 0.315483
2.61826 0.317084
2.619583 0.315696
2.620907 0.315749
2.622233 0.317992
2.62356 0.318579
2.624888 0.317511
2.626217 0.315216
2.627548 0.316123
2.628881 0.315643
2.630215 0.313347
2.63155 0.315376
2.632886 0.316604
2.634224 0.316817
2.635564 0.317618
2.636904 0.317565
2.638246 0.317725
2.63959 0.317618
2.640934 0.317138
2.64228 0.316497
2.643628 0.315963
2.644976 0.314682
2.646327 0.314308
2.647678 0.314522
2.649031 0.314148
2.650386 0.312866
2.651741 0.310517
2.653098 0.309396
2.654457 0.308702
2.655817 0.307527
2.657177 0.307047
2.65854 0.305232
2.659904 0.303363
2.66127 0.302349
2.662637 0.301334
2.664005 0.297437
2.665375 0.293539
2.666745 0.292578
2.668118 0.293379
2.669492 0.289482
2.670867 0.287666
2.672244 0.290656
2.673622 0.290176
2.675002 0.286919
2.676383 0.282968
2.677765 0.281099
2.67915 0.278857
2.680535 0.277042
2.681922 0.272984
2.68331 0.266897
2.6847 0.260491
2.68609 0.253497
2.687483 0.245595
2.688877 0.236946
2.690272 0.227282
2.691669 0.216924
2.693067 0.205445
2.694467 0.195568
2.695868 0.18772
2.69727 0.180299
2.698674 0.172397
2.70008 0.164602
2.701487 0.157448
2.702896 0.151575
2.704306 0.146129
2.705717 0.141431
2.70713 0.137053
2.708544 0.132888
2.70996 0.128457
2.711378 0.1252
2.712797 0.122691
2.714217 0.119434
2.715639 0.115963
2.717062 0.112386
2.718487 0.108329
2.719913 0.103897
2.721341 0.101495
2.72277 0.099946
2.7242 0.098291
2.725633 0.098451
2.727067 0.098345
2.728502 0.097224
2.729939 0.095035
2.731377 0.092739
2.732817 0.090977
2.734258 0.089962
2.735701 0.090229
2.737146 0.090123
2.738592 0.088521
2.740039 0.087133
2.741488 0.086065
2.742939 0.085424
2.744391 0.08473
2.745844 0.084356
2.747299 0.08409
2.748756 0.083609
2.750214 0.082648
2.751674 0.081527
2.753135 0.080032
2.754598 0.078377
2.756062 0.078056
2.757528 0.078377
2.758996 0.078217
2.760465 0.077896
2.761936 0.077523
2.763408 0.07795
2.764882 0.078644
2.766357 0.079124
2.767834 0.079658
2.769313 0.080299
2.770793 0.080886
2.772275 0.081473
2.773758 0.08158
2.775243 0.08174
2.77673 0.081901
2.778218 0.082701
2.779707 0.083876
2.781199 0.085851
2.782691 0.088574
2.784185 0.091618
2.785681 0.09418
2.787179 0.096583
2.788678 0.098879
2.790179 0.100801
2.791682 0.101975
2.793186 0.102669
2.794692 0.103043
2.7962 0.103363
2.797709 0.10363
2.799219 0.10363
2.800731 0.10315
2.802245 0.102669
2.803761 0.102669
2.805278 0.10299
2.806797 0.102936
2.808318 0.102776
2.80984 0.102723
2.811363 0.102829
2.812889 0.102669
2.814416 0.102349
2.815945 0.102082
2.817475 0.102082
2.819007 0.101975
2.82054 0.101868
2.822076 0.101922
2.823613 0.102029
2.825152 0.101922
2.826692 0.101922
2.828234 0.102029
2.829778 0.102189
2.831324 0.102242
2.832871 0.102189
2.83442 0.102082
2.835971 0.102242
2.837523 0.102135
2.839077 0.102242
2.840632 0.102402
2.84219 0.102509
2.843749 0.102402
2.84531 0.102296
2.846872 0.102082
2.848437 0.101815
2.850003 0.101922
2.85157 0.101922
2.85314 0.101708
2.854711 0.101708
2.856283 0.101548
2.857857 0.101228
2.859434 0.100907
2.861012 0.100534
2.862592 0.100213
2.864173 0.100213
2.865757 0.100374
2.867342 0.10048
2.868929 0.10048
2.870517 0.100534
2.872108 0.10064
2.873699 0.100907
2.875293 0.101388
2.876889 0.102135
2.878486 0.102509
2.880085 0.102723
2.881686 0.10299
2.883289 0.10331
2.884893 0.10347
2.886499 0.103844
2.888107 0.103951
2.889717 0.104004
2.891329 0.10379
2.892942 0.103737
2.894558 0.103684
2.896175 0.103524
2.897794 0.10331
2.899415 0.103096
2.901037 0.10299
2.902662 0.103043
2.904288 0.102829
2.905916 0.102616
2.907546 0.102402
2.909178 0.102135
2.910811 0.102082
2.912446 0.101922
2.914083 0.101708
2.915722 0.101548
2.917363 0.101388
2.919006 0.101281
2.92065 0.101121
2.922296 0.101121
2.923944 0.100907
2.925594 0.100747
2.927246 0.100694
2.9289 0.10064
2.930556 0.100694
2.932213 0.100854
2.933873 0.100907
2.935534 0.101068
2.937198 0.101174
2.938863 0.101441
2.94053 0.101548
2.942199 0.101708
2.943869 0.101762
2.945542 0.101922
2.947217 0.102189
2.948893 0.102456
2.950572 0.102616
2.952252 0.102723
2.953934 0.102936
2.955618 0.103203
2.957304 0.103524
2.958992 0.104164
2.960681 0.104538
2.962373 0.104752
2.964067 0.105072
2.965763 0.105606
2.96746 0.106193
2.96916 0.106567
2.970861 0.106887
2.972565 0.107528
2.974271 0.108062
2.975978 0.108542
2.977687 0.108916
2.979398 0.10929
2.981112 0.109877
2.982827 0.110571
2.984544 0.110945
2.986264 0.111372
2.987985 0.111959
2.989709 0.11244
2.991434 0.11276
2.993161 0.11308
2.99489 0.113508
2.996621 0.114095
2.998354 0.114629
3.000089 0.115056
3.001826 0.11543
3.003565 0.11591
3.005306 0.116337
3.00705 0.116871
3.008795 0.117298
3.010542 0.117725
3.012291 0.118152
3.014043 0.118526
3.015796 0.118953
3.017552 0.119487
3.019309 0.119754
3.021069 0.120181
3.02283 0.120769
3.024594 0.121249
3.02636 0.121676
3.028127 0.122157
3.029897 0.122584
3.031669 0.122958
3.033443 0.123278
3.035219 0.123758
3.036998 0.124079
3.038778 0.124506
3.04056 0.124986
3.042344 0.125414
3.04413 0.12568
3.045919 0.126054
3.047709 0.126375
3.049502 0.126802
3.051297 0.127175
3.053094 0.127442
3.054893 0.127549
3.056694 0.127816
3.058498 0.128297
3.060303 0.128724
3.062111 0.128937
3.063921 0.129151
3.065733 0.129311
3.067547 0.129525
3.069363 0.129738
3.071181 0.129952
3.073001 0.130165
3.074824 0.130432
3.076649 0.130432
3.078476 0.130539
3.080305 0.130859
3.082136 0.131019
3.08397 0.13118
3.085805 0.131393
3.087644 0.131553
3.089484 0.131607
3.091326 0.13166
3.093171 0.131714
3.095017 0.131767
3.096866 0.131874
3.098717 0.131981
3.10057 0.132194
3.102426 0.132141
3.104284 0.132301
3.106144 0.132461
3.108006 0.132568
3.109871 0.132568
3.111737 0.132568
3.113606 0.132621
3.115477 0.132781
3.11735 0.132888
3.119226 0.132942
3.121104 0.133048
3.122984 0.133422
3.124866 0.133529
3.126751 0.133636
3.128638 0.133689
3.130527 0.133956
3.132419 0.134223
3.134313 0.134383
3.136209 0.13465
3.138108 0.13497
3.140008 0.135131
3.141912 0.135397
3.143817 0.135664
3.145725 0.136092
3.147635 0.136465
3.149547 0.136892
3.151462 0.137213
3.153378 0.137586
3.155298 0.137853
3.157219 0.138227
3.159143 0.138654
3.16107 0.139188
3.162998 0.139562
3.164929 0.139936
3.166862 0.140309
3.168798 0.14079
3.170736 0.14127
3.172677 0.141698
3.174619 0.142231
3.176565 0.142819
3.178513 0.143353
3.180463 0.14394
3.182415 0.144527
3.18437 0.145168
3.186327 0.145702
3.188287 0.146236
3.190248 0.146823
3.192213 0.147517
3.19418 0.148104
3.196149 0.148638
3.198121 0.149279
3.200095 0.149973
3.202072 0.150667
3.204051 0.151415
3.206032 0.151948
3.208016 0.152589
3.210002 0.153283
3.211991 0.153924
3.213982 0.154565
3.215976 0.155259
3.217972 0.155793
3.219971 0.156273
3.221972 0.15702
3.223976 0.157715
3.225982 0.158355
3.227991 0.158889
3.230002 0.15937
3.232016 0.159957
3.234032 0.160651
3.236051 0.161345
3.238072 0.161772
3.240096 0.162199
3.242123 0.162626
3.244152 0.163214
3.246183 0.163801
3.248217 0.164388
3.250253 0.164922
3.252293 0.165403
3.254334 0.165776
3.256378 0.166257
3.258425 0.166738
3.260474 0.167111
3.262526 0.167325
3.26458 0.167805
3.266638 0.168286
3.268697 0.16866
3.27076 0.16898
3.272825 0.16946
3.274892 0.169834
3.276962 0.170154
3.279035 0.170475
3.28111 0.170902
3.283188 0.171276
3.285269 0.171596
3.287352 0.17181
3.289438 0.172023
3.291526 0.17245
3.293617 0.172877
3.295711 0.173144
3.297807 0.173411
3.299906 0.173678
3.302008 0.173999
3.304113 0.174266
3.30622 0.174693
3.30833 0.17496
3.310443 0.17528
3.312558 0.175547
3.314676 0.175867
3.316797 0.176081
3.31892 0.176455
3.321046 0.176828
3.323175 0.177149
3.325307 0.177309
3.327442 0.177362
3.329579 0.177416
3.331719 0.177522
3.333861 0.177576
3.336007 0.177576
3.338155 0.177362
3.340306 0.176935
3.342458 0.176241
3.344615 0.175227
3.346774 0.174426
3.348936 0.174212
3.351101 0.174266
3.353268 0.174586
3.355439 0.175066
3.357612 0.175707
3.359789 0.176455
3.361968 0.177202
3.364149 0.177683
3.366334 0.178216
3.368521 0.178804
3.370711 0.179338
3.372904 0.179765
3.3751 0.180245
3.3773 0.180779
3.379501 0.18126
3.381706 0.18174
3.383913 0.182274
3.386123 0.182861
3.388336 0.183449
3.390553 0.183929
3.392771 0.184356
3.394992 0.184837
3.397217 0.185477
3.399445 0.186011
3.401675 0.186438
3.403909 0.186919
3.406146 0.187453
3.408385 0.18788
3.410627 0.188361
3.412873 0.188841
3.415121 0.189375
3.417372 0.189802
3.419626 0.190283
3.421884 0.190816
3.424144 0.191457
3.426407 0.192098
3.428673 0.192632
3.430943 0.193005
3.433215 0.193593
3.43549 0.193967
3.437768 0.194394
3.440049 0.194874
3.442333 0.195461
3.444621 0.195835
3.446911 0.196316
3.449204 0.196743
3.4515 0.19717
3.4538 0.197544
3.456102 0.197864
3.458408 0.198024
3.460716 0.198131
3.463028 0.198131
3.465343 0.197704
3.467662 0.196903
3.469983 0.195942
3.472307 0.194928
3.474634 0.19434
3.476965 0.194127
3.479298 0.19434
3.481635 0.194981
3.483975 0.195835
3.486317 0.196796
3.488663 0.197811
3.491012 0.198825
3.493365 0.199839
3.49572 0.200907
3.498079 0.201975
3.500441 0.202722
3.502806 0.203577
3.505175 0.204591
3.507547 0.205659
3.509921 0.206727
3.512299 0.207848
3.514681 0.209076
3.517065 0.210464
3.519453 0.211799
3.521844 0.213347
3.524238 0.214895
3.526636 0.216337
3.529036 0.217618
3.53144 0.218793
3.533848 0.219754
3.536258 0.220715
3.538672 0.221516
3.541089 0.222317
3.543509 0.222957
3.545932 0.223491
3.548359 0.223972
3.55079 0.224612
3.553223 0.225093
3.55566 0.225627
3.558101 0.226214
3.560545 0.226695
3.562992 0.227015
3.565443 0.227389
3.567896 0.227762
3.570354 0.228243
3.572814 0.228777
3.575278 0.229204
3.577746 0.229578
3.580216 0.230058
3.582691 0.230646
3.585169 0.231233
3.58765 0.231713
3.590135 0.23214
3.592623 0.232568
3.595114 0.233048
3.597609 0.233475
3.600107 0.233956
3.602608 0.234329
3.605114 0.23481
3.607622 0.235237
3.610135 0.235664
3.61265 0.236145
3.61517 0.236518
3.617692 0.236946
3.620219 0.237479
3.622749 0.2378
3.625283 0.238227
3.627819 0.238601
3.63036 0.238974
3.632904 0.239241
3.635452 0.239668
3.638003 0.239989
3.640558 0.240363
3.643116 0.24079
3.645679 0.24127
3.648244 0.241591
3.650813 0.241804
3.653386 0.241964
3.655962 0.242338
3.658543 0.242765
3.661126 0.243032
3.663713 0.243246
3.666304 0.243566
3.668898 0.24378
3.671497 0.244046
3.674099 0.24426
3.676705 0.24442
3.679314 0.24458
3.681927 0.244847
3.684544 0.245061
3.687165 0.245221
3.689789 0.245381
3.692417 0.245648
3.695049 0.245808
3.697685 0.246022
3.700324 0.246129
3.702967 0.246342
3.705615 0.246396
3.708265 0.246502
3.71092 0.246663
3.713578 0.246769
3.71624 0.246876
3.718906 0.246983
3.721576 0.247143
3.724249 0.247303
3.726926 0.247517
3.729607 0.247784
3.732292 0.247944
3.734981 0.248211
3.737674 0.248424
3.740371 0.248638
3.743071 0.248958
3.745776 0.249279
3.748485 0.249546
3.751197 0.249919
3.753913 0.250293
3.756634 0.250827
3.759358 0.251147
3.762086 0.251468
3.764818 0.251788
3.767554 0.252162
3.770293 0.252429
3.773037 0.252696
3.775785 0.252963
3.778537 0.253176
3.781293 0.253336
3.784053 0.253497
3.786817 0.253657
3.789586 0.253657
3.792358 0.253443
3.795134 0.253123
3.797915 0.252909
3.800699 0.252589
3.803488 0.252002
3.80628 0.251414
3.809077 0.250827
3.811877 0.25024
3.814683 0.249652
3.817492 0.249065
3.820305 0.248371
3.823123 0.247784
3.825944 0.24709
3.82877 0.246289
3.8316 0.245435
3.834434 0.244634
3.837271 0.243886
3.840113 0.243299
3.84296 0.242872
3.845811 0.242605
3.848666 0.242285
3.851525 0.242178
3.854389 0.242071
3.857257 0.242018
3.86013 0.242018
3.863006 0.242124
3.865887 0.242124
3.868772 0.242124
3.871661 0.242178
3.874554 0.242338
3.877452 0.242445
3.880355 0.242658
3.883262 0.242765
3.886173 0.242819
3.889088 0.242925
3.892008 0.243139
3.894932 0.243192
3.897861 0.243192
3.900793 0.243139
3.903731 0.243139
3.906672 0.243139
3.909618 0.243085
3.912569 0.242872
3.915524 0.242712
3.918483 0.242445
3.921447 0.242178
3.924416 0.241644
3.927389 0.241057
3.930367 0.240576
3.933349 0.240256
3.936336 0.239722
3.939327 0.238334
3.942322 0.235771
3.945323 0.232781
3.948327 0.229791
3.951337 0.226641
3.954351 0.223384
3.95737 0.220555
3.960393 0.218099
3.963421 0.215963
3.966453 0.214095
3.96949 0.212706
3.972532 0.211639
3.975579 0.210784
3.978629 0.210144
3.981685 0.20993
3.984745 0.210357
3.98781 0.211585
3.99088 0.213774
3.993955 0.21639
3.997034 0.219327
4.000118 0.222637
4.003208 0.226054
4.006302 0.229631
4.0094 0.233155
4.012504 0.236358
4.015612 0.238974
4.018724 0.240736
4.021842 0.242071
4.024965 0.243406
4.028091 0.244634
4.031223 0.245969
4.03436 0.247143
4.037502 0.248371
4.040649 0.249546
4.043801 0.250667
4.046958 0.251574
4.050119 0.252429
4.053287 0.252963
4.056458 0.253336
4.059635 0.253603
4.062816 0.25387
4.066003 0.253977
4.069194 0.254084
4.072391 0.254137
4.075593 0.254191
4.078799 0.254191
4.082011 0.254084
4.085227 0.253977
4.088449 0.253817
4.091676 0.253603
4.094908 0.25339
4.098145 0.253176
4.101388 0.252963
4.104634 0.252642
4.107887 0.252375
4.111144 0.252108
4.114407 0.251841
4.117675 0.251414
4.120948 0.251147
4.124227 0.250827
4.12751 0.25056
4.130799 0.250186
4.134094 0.249919
4.137393 0.249652
4.140697 0.249386
4.144008 0.249012
4.147323 0.248745
4.150643 0.248531
4.153969 0.248211
4.157301 0.247837
4.160638 0.24757
4.16398 0.247196
4.167327 0.246823
4.17068 0.246342
4.174038 0.245969
4.177401 0.245595
4.18077 0.245168
4.184143 0.244634
4.187523 0.24426
4.190908 0.243833
4.194299 0.243352
4.197695 0.242979
4.201097 0.242658
4.204504 0.242338
4.207917 0.242071
4.211336 0.241591
4.214759 0.24111
4.218189 0.240523
4.221624 0.239882
4.225064 0.239188
4.22851 0.238707
4.231962 0.238227
4.23542 0.237907
4.238883 0.237693
4.242352 0.237693
4.245827 0.237746
4.249307 0.2378
4.252793 0.237693
4.256284 0.237533
4.259782 0.236946
4.263285 0.236038
4.266792 0.235184
4.270307 0.234543
4.273828 0.233849
4.277354 0.233262
4.280886 0.232781
4.284424 0.232407
4.287968 0.232087
4.291517 0.23198
4.295074 0.231927
4.298635 0.23198
4.302202 0.23198
4.305776 0.232087
4.309355 0.232194
4.31294 0.232354
4.316531 0.232354
4.320128 0.232354
4.323732 0.232194
4.327342 0.232034
4.330956 0.231607
4.334578 0.231179
4.338205 0.230646
4.341838 0.230005
4.345478 0.229204
4.349123 0.228296
4.352774 0.227389
4.356431 0.226374
4.360096 0.2252
4.363765 0.223918
4.367442 0.222423
4.371124 0.220875
4.374813 0.219273
4.378508 0.217618
4.38221 0.215803
4.385918 0.214041
4.389631 0.212173
4.393351 0.210197
4.397078 0.208222
4.40081 0.206353
4.404549 0.204591
4.408295 0.202776
4.412045 0.200907
4.415803 0.199145
4.419568 0.19733
4.423338 0.195568
4.427116 0.193753
4.4309 0.191991
4.43469 0.190283
4.438487 0.188734
4.442291 0.187133
4.446101 0.185477
4.449917 0.183716
4.45374 0.181794
4.45757 0.180032
4.461406 0.178483
4.465249 0.177309
4.469098 0.176668
4.472954 0.176455
4.476817 0.176561
4.480686 0.176775
4.484562 0.177149
4.488445 0.177683
4.492334 0.178323
4.496231 0.179231
4.500134 0.180566
4.504043 0.182221
4.507959 0.184196
4.511883 0.186225
4.515813 0.1882
4.51975 0.190016
4.523694 0.191724
4.527645 0.193219
4.531602 0.194661
4.535568 0.195889
4.539539 0.196956
4.543518 0.197811
4.547503 0.198558
4.551496 0.199092
4.555496 0.199519
4.559502 0.199626
4.563516 0.199679
4.567537 0.199519
4.571565 0.199199
4.5756 0.198825
4.579642 0.198344
4.583691 0.197704
4.587747 0.197063
4.591811 0.196262
4.595881 0.195568
4.599958 0.194661
4.604044 0.1937
4.608136 0.192685
4.612236 0.191671
4.616343 0.190496
4.620458 0.189322
4.624579 0.187987
4.628708 0.186438
4.632845 0.184783
4.636989 0.183128
4.64114 0.18142
4.645299 0.179498
4.649466 0.177576
4.653639 0.175547
4.65782 0.173625
4.662009 0.17181
4.666206 0.169834
4.67041 0.167965
4.674621 0.16615
4.67884 0.164709
4.683066 0.163854
4.687301 0.163587
4.691543 0.163854
4.695792 0.164602
4.700048 0.165296
4.704313 0.165723
4.708586 0.165937
4.712867 0.165937
4.717155 0.16583
4.721451 0.165403
4.725755 0.164815
4.730067 0.164121
4.734388 0.163374
4.738715 0.162466
4.743051 0.161559
4.747394 0.160598
4.751746 0.159583
4.756105 0.158409
4.760472 0.157234
4.764848 0.156113
4.769232 0.154938
4.773623 0.153817
4.778023 0.152536
4.782431 0.151361
4.786847 0.150133
4.791271 0.148959
4.795703 0.14757
4.800144 0.146289
4.804591 0.144901
4.809048 0.143459
4.813513 0.142071
4.817986 0.14063
4.822468 0.139188
4.826958 0.137747
4.831457 0.136198
4.835964 0.134543
4.84048 0.132728
4.845004 0.131019
4.849536 0.129097
4.854077 0.127069
4.858626 0.124933
4.863184 0.122637
4.867751 0.120021
4.872326 0.117352
4.876908 0.114362
4.8815 0.111052
4.886101 0.107421
4.89071 0.10363
4.895329 0.099733
4.899956 0.095675
4.904591 0.091671
4.909236 0.08804
4.91389 0.08473
4.918552 0.082007
4.923223 0.079712
4.927903 0.07795
4.932591 0.076401
4.937289 0.07496
4.941996 0.073732
4.946712 0.072557
4.951437 0.071169
4.956171 0.069567
4.960914 0.067806
4.965665 0.06615
4.970426 0.064442
4.975196 0.062894
4.979976 0.061559
4.984764 0.060544
4.989561 0.059744
4.994367 0.05905
4.999184 0.058462
5.004009 0.058035
5.008844 0.057661
5.013688 0.057288
5.018541 0.056967
5.023404 0.056807
5.028277 0.0567
5.033159 0.056594
5.038051 0.05638
5.042951 0.056166
5.047862 0.056006
5.052782 0.0559
5.057711 0.055793
5.06265 0.055633
5.0676 0.055472
5.072558 0.055526
5.077527 0.055633
5.082504 0.055846
5.087492 0.056113
5.09249 0.05638
5.097497 0.056594
5.102514 0.056807
5.10754 0.056914
5.112577 0.056807
5.117624 0.056647
5.122681 0.056433
5.127748 0.05622
5.132825 0.056006
5.137912 0.055846
5.143009 0.055793
5.148117 0.055686
5.153234 0.055739
5.158362 0.055686
5.1635 0.055579
5.168648 0.055579
5.173806 0.055633
5.178975 0.055526
5.184154 0.055472
5.189344 0.055366
5.194544 0.055099
5.199754 0.054618
5.204975 0.054031
5.210206 0.053177
5.215447 0.052162
5.2207 0.051041
5.225963 0.049813
5.231235 0.048318
5.236519 0.04693
5.241814 0.045702
5.247119 0.044527
5.252435 0.043566
5.257762 0.042766
5.2631 0.041965
5.268449 0.041217
5.273809 0.040523
5.27918 0.039989
5.284561 0.039509
5.289953 0.039028
5.295357 0.038654
5.300771 0.038388
5.306197 0.038067
5.311634 0.037854
5.31708 0.037587
5.322538 0.037427
5.328009 0.03716
5.33349 0.036893
5.338983 0.036732
5.344487 0.036465
5.350003 0.036199
5.355529 0.036252
5.361069 0.036359
5.366619 0.036465
5.37218 0.036679
5.377753 0.036946
5.383337 0.03732
5.388933 0.0378
5.394541 0.038441
5.40016 0.039295
5.405792 0.040203
5.411435 0.041164
5.417089 0.041965
5.422756 0.042819
5.428434 0.043887
5.434124 0.044741
5.439826 0.045275
5.44554 0.045649
5.451264 0.045862
5.457003 0.045809
5.462753 0.045328
5.468515 0.045008
5.47429 0.044581
5.480077 0.043993
5.485876 0.043513
5.491687 0.042926
5.497512 0.042232
5.503348 0.041538
5.509196 0.040843
5.515058 0.040149
5.520931 0.039455
5.526816 0.038761
5.532715 0.038067
5.538626 0.037266
5.544551 0.036252
5.550487 0.034971
5.556436 0.033849
5.562398 0.033155
5.568373 0.032835
5.57436 0.032461
5.58036 0.032408
5.586374 0.033102
5.592398 0.033903
5.598437 0.034437
5.604489 0.034757
5.610555 0.035024
5.616633 0.035238
5.622725 0.035504
5.62883 0.035825
5.634949 0.036092
5.641082 0.036572
5.647227 0.037587
5.653385 0.038601
5.659557 0.039669
5.665742 0.040683
5.671941 0.041484
5.678154 0.042338
5.68438 0.043193
5.69062 0.04362
5.696874 0.0441
5.703141 0.044154
5.709422 0.043887
5.715717 0.043887
5.722026 0.043833
5.728348 0.043727
5.734685 0.043513
5.741033 0.042979
5.747398 0.042392
5.753777 0.042071
5.76017 0.041324
5.766577 0.04047
5.772999 0.040416
5.779435 0.040203
5.785885 0.039829
5.792351 0.039455
5.798831 0.038921
5.805324 0.038334
5.811832 0.037693
5.818355 0.036732
5.824893 0.036145
5.831445 0.035825
5.838012 0.035344
5.844594 0.034757
5.851191 0.03417
5.857803 0.033369
5.864429 0.032621
5.871071 0.031981
5.877727 0.030913
5.884399 0.030432
5.891086 0.030005
5.897785 0.029258
5.904502 0.029098
5.911235 0.028831
5.917983 0.028297
5.924747 0.027763
5.931525 0.027176
5.93832 0.026748
5.94513 0.027015
5.951957 0.027176
5.958798 0.027282
5.965655 0.027176
5.972528 0.027443
5.979417 0.027763
5.986322 0.027923
5.993242 0.02819
6.000179 0.028564
6.00713 0.028617
6.014098 0.028724
6.021083 0.028937
6.028085 0.029044
6.035102 0.028991
6.042136 0.028457
6.049186 0.027923
6.056253 0.028404
6.063337 0.028617
6.070437 0.028243
6.077554 0.028137
6.084687 0.028243
6.091837 0.02787
6.099004 0.027443
6.106188 0.026909
6.113389 0.026321
6.120608 0.026108
6.127842 0.026001
6.135094 0.025521
6.142364 0.024987
6.14965 0.024559
6.156953 0.024186
6.164274 0.023972
6.171613 0.023865
6.178967 0.023438
6.18634 0.023118
6.193731 0.023171
6.201139 0.023225
6.208566 0.023332
6.216011 0.023385
6.223473 0.023492
6.230953 0.023598
6.238452 0.023705
6.245968 0.023865
6.253502 0.024026
6.261055 0.024239
6.268626 0.024453
6.276215 0.02472
6.283823 0.024987
6.291449 0.025254
6.299095 0.025574
6.306758 0.026001
6.31444 0.026482
6.32214 0.026962
6.32986 0.027603
6.337598 0.02803
6.345355 0.028457
6.353131 0.029365
6.360924 0.030059
6.368739 0.030539
6.376572 0.031287
6.384425 0.032141
6.392297 0.032942
6.400189 0.033422
6.4081 0.033209
6.416031 0.033422
6.423983 0.03449
6.431953 0.035077
6.439943 0.035344
6.447953 0.035398
6.455982 0.035184
6.464032 0.03481
6.472102 0.034276
6.480192 0.033636
6.488305 0.032621
6.496436 0.031981
6.504587 0.031927
6.512758 0.031447
6.52095 0.030753
6.529163 0.030432
6.537397 0.030112
6.545651 0.029738
6.553923 0.029578
6.562219 0.029525
6.570536 0.029311
6.578875 0.029418
6.587234 0.029632
6.595614 0.029792
6.604017 0.029898
6.61244 0.029952
6.620886 0.029898
6.629353 0.029471
6.637841 0.029098
6.646351 0.029471
6.654883 0.029738
6.663437 0.029471
6.672013 0.029098
6.680611 0.028777
6.689233 0.028671
6.697875 0.028564
6.70654 0.028297
6.715228 0.028243
6.723937 0.028243
6.73267 0.028297
6.741425 0.028297
6.750203 0.028404
6.759001 0.028404
6.767824 0.02835
6.776671 0.02819
6.785541 0.028083
6.794435 0.028137
6.803351 0.028404
6.812291 0.028404
6.821255 0.028297
6.830244 0.028297
6.839254 0.028404
6.848289 0.02819
6.857347 0.027816
6.86643 0.027763
6.875537 0.028297
6.884668 0.028404
6.893823 0.028297
6.902999 0.028137
6.912203 0.028137
6.921432 0.028083
6.930685 0.027923
6.939963 0.027816
6.949265 0.027603
6.958593 0.027229
6.967947 0.027282
6.977327 0.027336
6.98673 0.027229
6.996159 0.027176
7.005613 0.027122
7.015093 0.027015
7.024599 0.026855
7.03413 0.026748
7.043687 0.026482
7.053272 0.026588
7.062882 0.026748
7.072517 0.026642
7.082179 0.026428
7.091867 0.026215
7.101583 0.025734
7.111324 0.024987
7.121092 0.024186
7.130883 0.023492
7.140706 0.023065
7.150555 0.022798
7.160431 0.022584
7.170335 0.022264
7.180266 0.02221
7.190225 0.02221
7.200211 0.021997
7.210228 0.021837
7.22027 0.021837
7.23034 0.021837
7.240438 0.021783
7.250565 0.021623
7.26072 0.021516
7.270903 0.021303
7.281115 0.021303
7.291358 0.021356
7.301627 0.021409
7.311926 0.021516
7.322253 0.02157
7.33261 0.02157
7.342996 0.021676
7.353412 0.021837
7.363857 0.021943
7.374328 0.021943
7.384833 0.02189
7.395367 0.02189
7.405932 0.021783
7.416527 0.021783
7.427153 0.02189
7.437809 0.021837
7.448495 0.021783
7.459215 0.021676
7.469963 0.021837
7.480742 0.021943
7.491552 0.02205
7.502394 0.022157
7.513267 0.02221
7.524172 0.022264
7.535108 0.022264
7.546078 0.022264
7.557078 0.02237
7.56811 0.022424
7.579175 0.022424
7.590272 0.022584
7.601401 0.022851
7.612564 0.023118
7.623759 0.023492
7.634982 0.023865
7.646243 0.024239
7.657537 0.02472
7.668865 0.025254
7.680227 0.025734
7.691622 0.026215
7.703051 0.026695
7.714513 0.027015
7.726013 0.027549
7.737544 0.02819
7.74911 0.028724
7.76071 0.029151
7.772346 0.029685
7.784016 0.030219
7.795721 0.030699
7.807461 0.03118
7.819234 0.031874
7.831045 0.032728
7.842893 0.033743
7.854775 0.03481
7.866695 0.035985
7.87865 0.037427
7.890642 0.038868
7.90267 0.04063
7.914737 0.042552
7.926839 0.044527
7.938978 0.04677
7.951155 0.049172
7.963368 0.051628
7.97562 0.054031
7.987909 0.05638
8.000236 0.058676
8.012604 0.061025
8.025007 0.063374
8.03745 0.065883
8.04993 0.06866
8.062449 0.071596
8.075007 0.074639
8.087605 0.077896
8.100242 0.081313
8.112914 0.084784
8.12563 0.088307
8.138387 0.091831
8.151183 0.095195
8.16402 0.098185
8.176896 0.100534
8.189815 0.102189
8.202773 0.103417
8.215774 0.104164
8.228815 0.104538
8.241898 0.104752
8.255021 0.104698
8.268188 0.104538
8.281395 0.104271
8.294645 0.103897
8.307939 0.103577
8.321277 0.10331
8.334655 0.102883
8.348077 0.102563
8.361541 0.102242
8.37505 0.101975
8.388601 0.101655
8.402197 0.101441
8.415837 0.101335
8.429516 0.101121
8.443245 0.100961
8.457019 0.100961
8.470837 0.100854
8.484701 0.10064
8.49861 0.10032
8.512566 0.099946
8.526567 0.099359
8.540616 0.098345
8.554709 0.096583
8.56885 0.094073
8.583036 0.089856
8.59727 0.083876
8.611551 0.077736
8.62588 0.075387
8.640257 0.078911
8.654684 0.085691
8.669156 0.091938
8.683678 0.096262
8.698248 0.098932
8.712867 0.100694
8.727534 0.101815
8.742252 0.102242
8.75702 0.102456
8.771832 0.102669
8.786699 0.102829
8.801618 0.10299
8.816586 0.10299
8.831606 0.10299
8.846677 0.10299
8.861799 0.102883
8.876974 0.102829
8.892203 0.102776
8.907482 0.102669
8.922813 0.102563
8.938197 0.102669
8.953634 0.102723
8.969126 0.102776
8.98467 0.102936
9.000268 0.103203
9.015924 0.10347
9.031631 0.103577
9.047393 0.103737
9.06321 0.103844
9.079082 0.104004
9.095011 0.104378
9.110995 0.104591
9.127035 0.104698
9.143127 0.104858
9.159282 0.105072
9.175492 0.105339
9.191761 0.105499
9.208088 0.105766
9.224472 0.106086
9.240915 0.106407
9.257417 0.10662
9.27398 0.106567
9.290601 0.106246
9.307281 0.105499
9.32402 0.103951
9.34082 0.101548
9.35768 0.098398
9.374602 0.094821
9.391585 0.090763
9.408624 0.086866
9.42573 0.083449
9.442899 0.080673
9.460131 0.078323
9.477425 0.076668
9.494783 0.07528
9.512204 0.074052
9.52969 0.073145
9.547244 0.07229
9.564858 0.07165
9.582539 0.071009
9.600284 0.070315
9.618095 0.069674
9.635973 0.069033
9.653916 0.068393
9.671927 0.067645
9.690009 0.066738
9.708156 0.065937
9.72637 0.065243
9.744653 0.064549
9.763004 0.064122
9.781425 0.063908
9.799915 0.063694
9.818476 0.063321
9.837101 0.063107
9.855803 0.063161
9.874576 0.063107
9.89342 0.063
9.912336 0.062894
9.931326 0.062733
9.950388 0.06252
9.969523 0.062467
9.988736 0.062306
10.008019 0.062093
10.027377 0.062039
10.04681 0.061933
10.066319 0.061612
10.085902 0.061185
10.105563 0.060865
10.1253 0.060491
10.145119 0.060011
10.165011 0.059583
10.184982 0.058996
10.205031 0.058302
10.22516 0.057768
10.245367 0.057181
10.265656 0.056594
10.286023 0.056113
10.306466 0.055526
10.326997 0.054885
10.34761 0.054458
10.368304 0.054031
10.389083 0.053497
10.409945 0.052963
10.43089 0.052536
10.45192 0.052216
10.473039 0.051628
10.49424 0.051041
10.515526 0.0504
10.536899 0.049813
10.558359 0.049333
10.579906 0.048745
10.601542 0.048105
10.623267 0.047464
10.645084 0.04677
10.666988 0.046076
10.688982 0.045435
10.711066 0.044848
10.733243 0.044207
10.755511 0.043566
10.777872 0.042872
10.800325 0.042232
10.822865 0.041805
10.845508 0.041271
10.868244 0.040737
10.891077 0.04031
10.914005 0.039829
10.937031 0.039402
10.960154 0.039082
10.983374 0.038708
11.006698 0.038388
11.030116 0.038227
11.053635 0.0378
11.077253 0.037533
11.100973 0.03716
11.124795 0.036626
11.14872 0.036199
11.172747 0.035878
11.196871 0.035558
11.221107 0.035184
11.245447 0.034704
11.269894 0.034223
11.294447 0.033903
11.319107 0.033636
11.343875 0.033209
11.368752 0.032782
11.393744 0.032354
11.418839 0.032034
11.444047 0.031767
11.469365 0.031554
11.494797 0.03134
11.52034 0.03102
11.545999 0.030699
11.571771 0.030432
11.597663 0.030219
11.623667 0.029952
11.649787 0.029471
11.676025 0.028937
11.702382 0.028617
11.728858 0.028243
11.755454 0.027656
11.782171 0.027282
11.809002 0.027069
11.835962 0.026695
11.863048 0.026215
11.890256 0.025627
11.91759 0.024933
11.94505 0.024506
11.972636 0.023972
12.000351 0.023438
12.028198 0.022904
12.056171 0.022531
12.084274 0.02205
12.112508 0.021463
12.140875 0.020769
12.169374 0.020128
12.198009 0.019594
12.226777 0.018954
12.255688 0.018366
12.28473 0.018206
12.31391 0.01874
12.343228 0.020715
12.372687 0.024613
12.402287 0.029204
12.432029 0.032942
12.461913 0.034864
12.491931 0.035504
12.522105 0.035131
12.552425 0.033849
12.582892 0.031981
12.613507 0.030379
12.644272 0.029898
12.675187 0.030913
12.706254 0.032942
12.737479 0.035184
12.768852 0.036626
12.80038 0.036786
12.832064 0.035611
12.863906 0.033582
12.895905 0.03166
12.928064 0.030112
12.960384 0.028564
12.992874 0.027336
13.025519 0.026588
13.05833 0.025894
13.091305 0.02536
13.124448 0.024933
13.157759 0.024559
13.191238 0.024239
13.22489 0.024132
13.258701 0.024132
13.292698 0.023972
13.326869 0.023759
13.361217 0.023492
13.395742 0.023278
13.430446 0.022958
13.46533 0.022477
13.500397 0.02221
13.535651 0.021943
13.571085 0.021783
13.606705 0.02157
13.642511 0.021409
13.678508 0.021356
13.714694 0.021356
13.751073 0.020929
13.787644 0.020448
13.82442 0.020075
13.861383 0.019754
13.898545 0.019487
13.935907 0.01922
13.97347 0.01906
14.011236 0.0189
14.049208 0.018526
14.087384 0.018366
14.125755 0.018153
14.16435 0.017565
14.203156 0.017138
14.242176 0.016765
14.281411 0.016391
14.320862 0.016551
14.360532 0.017832
14.400422 0.019434
14.440542 0.019968
14.48088 0.019594
14.521442 0.019381
14.562233 0.01922
14.603253 0.019007
14.644506 0.018793
14.685991 0.01858
14.727713 0.018473
14.76966 0.01842
14.811859 0.018313
14.8543 0.018046
14.896984 0.017886
14.939916 0.017939
14.983094 0.018206
15.026524 0.01842
15.070205 0.018473
15.11415 0.018366
15.158343 0.018473
15.202796 0.018633
15.24751 0.01874
15.292488 0.018793
15.337732 0.018687
15.383245 0.01906
15.429028 0.019487
15.475092 0.019594
15.521424 0.019754
15.568036 0.019968
15.614927 0.020288
15.662103 0.020555
15.709563 0.020715
15.757313 0.020822
15.805353 0.021036
15.853672 0.021249
15.902304 0.021356
15.951234 0.021409
16.000465 0.02157
16.050003 0.021196
16.099848 0.020769
16.150003 0.020769
16.200472 0.020769
16.251265 0.020929
16.30237 0.021196
16.353796 0.021143
16.405548 0.021196
16.45763 0.021676
16.510042 0.02221
16.56279 0.022691
16.615877 0.023385
16.669313 0.023812
16.723085 0.024079
16.777206 0.024666
16.831676 0.02536
16.886503 0.025894
16.941689 0.026642
16.997234 0.027069
17.053146 0.027336
17.109409 0.028243
17.166063 0.029151
17.223093 0.029738
17.280504 0.030486
17.338299 0.031607
17.396481 0.032408
17.455055 0.033422
17.514025 0.034757
17.573404 0.035771
17.633179 0.037053
17.693359 0.038761
17.753954 0.04063
17.814964 0.041805
17.876394 0.04346
17.938251 0.046343
18.000536 0.050133
18.063269 0.054351
18.126427 0.058676
18.190027 0.06268
18.254078 0.065617
18.318579 0.067111
18.383539 0.067912
18.448961 0.067752
18.514851 0.066684
18.58119 0.065189
18.648029 0.063107
18.715351 0.060705
18.783159 0.058729
18.851461 0.057021
18.920263 0.054992
18.989569 0.05355
19.059383 0.052589
19.129725 0.052536
19.200575 0.05291
19.271952 0.05339
19.343863 0.053977
19.416311 0.056647
19.489305 0.060278
19.562849 0.064922
19.636951 0.072344
19.711594 0.080993
19.786827 0.088254
19.862638 0.09386
19.939034 0.097063
20.016018 0.099092
20.093599 0.101601
20.171785 0.103203
20.250582 0.104645
20.330009 0.104845
20.410049 0.106031
20.490723 0.106945
20.572035 0.10673
20.653994 0.107487
20.73661 0.107487
20.819889 0.107373
20.903841 0.108287
20.988487 0.108844
21.073807 0.108858
21.159821 0.107016
21.246542 0.105045
21.333977 0.10446
21.422132 0.104631
21.511023 0.102374
21.600651 0.100903
21.691 0.101532
21.782139 0.10096
21.874046 0.099546
21.966734 0.098404
22.060209 0.096219
22.154484 0.094119
22.249567 0.093205
22.34547 0.09222
22.442221 0.089149
22.539797 0.086378
22.638224 0.083351
22.737514 0.080637
22.837679 0.079551
22.93873 0.078737
23.04068 0.077538
23.143541 0.076467
23.247343 0.075295
23.35206 0.074596
23.457727 0.073582
23.564352 0.072425
23.671953 0.071311
23.78054 0.06974
23.890127 0.068269
24.000731 0.066512
24.112324 0.064812
24.224998 0.064612
24.338732 0.064855
24.453537 0.064727
24.569429 0.063584
24.686426 0.062284
24.804543 0.062256
24.923796 0.062456
25.044222 0.062741
25.165796 0.065326
25.288555 0.069497
25.412519 0.072268
25.537704 0.073582
25.664127 0.072682
25.791811 0.071082
25.920769 0.070068
26.051052 0.070768
26.182623 0.072468
26.315529 0.074239
26.449793 0.076752
26.585432 0.078937
26.722471 0.07948
26.860929 0.078695
27.00083 0.078138
27.142149 0.078709
27.285002 0.078338
27.429367 0.076781
27.575268 0.075567
27.722729 0.074696
27.871777 0.073467
28.022434 0.072425
28.17473 0.071525
28.328716 0.070354
28.484369 0.069697
28.641743 0.069854
28.800863 0.070482
28.961761 0.070254
29.124468 0.070911
29.289013 0.071339
29.455427 0.070768
29.623777 0.071082
29.794029 0.070939
29.966249 0.070982
30.140471 0.071682
30.316732 0.070925
30.495066 0.070297
30.67551 0.070525
30.858103 0.070368
31.04282 0.070797
31.229824 0.070011
31.419096 0.069754
31.610676 0.070539
31.804607 0.070254
32.000931 0.069497
32.199696 0.069454
32.400944 0.068911
32.604759 0.068297
32.811115 0.067854
33.020103 0.067155
33.231773 0.066626
33.446171 0.067326
33.663353 0.067612
33.883377 0.065326
34.106293 0.063784
34.332088 0.064112
34.560966 0.062984
34.792919 0.062342
35.028008 0.061427
35.266293 0.059328
35.507843 0.058528
35.752724 0.057686
36.001007 0.056186
36.252811 0.055686
36.508114 0.055343
36.767036 0.054815
37.029659 0.053444
37.296059 0.05163
37.566319 0.050173
37.840527 0.049773
38.118767 0.048959
38.40118 0.050359
38.687756 0.052872
38.978642 0.053387
39.273933 0.05193
39.573734 0.051559
39.878147 0.053401
40.187283 0.055272
40.501244 0.056072
40.820042 0.056257
41.144012 0.057757
41.473164 0.056786
41.807625 0.055957
42.147522 0.058857
42.492992 0.062156
42.844173 0.063413
43.20121 0.063441
43.564312 0.06357
43.933502 0.06297
44.309002 0.063713
44.690975 0.064755
45.079594 0.066126
45.475029 0.066883
45.87746 0.066369
46.287083 0.066155
46.704159 0.066098
47.128742 0.066798
47.561119 0.06714
48.001499 0.067197
48.450111 0.067326
48.907188 0.065983
49.372971 0.064498
49.847713 0.064498
50.331509 0.063698
50.824955 0.063298
51.328171 0.064027
51.841454 0.062441
52.365105 0.06087
52.899441 0.061228
53.444794 0.060813
54.001511 0.060385
54.570061 0.059771
55.150593 0.059528
55.74361 0.061199
56.349518 0.061113
56.968742 0.061313
57.60173 0.06267
58.24894 0.062199
58.910862 0.062413
59.588123 0.063898
60.28101 0.065655
60.9902 0.066283
61.716274 0.065641
62.459846 0.065998
63.221554 0.064384
64.002068 0.065055
64.802094 0.066183
65.622093 0.065926
66.463402 0.066569
67.326561 0.065141
68.21244 0.064355
69.121933 0.071168
70.056015 0.074767
71.015686 0.074224
72.002014 0.071539
73.016319 0.070225
74.05941 0.069754
75.132736 0.070282
76.237625 0.070625
77.375504 0.070868
78.547859 0.071225
79.756294 0.073924
81.002487 0.072182
82.28849 0.071739
83.61573 0.073782
84.986481 0.075167
86.402931 0.076509
87.867393 0.085236
89.382355 0.086878
90.95047 0.07868
92.574593 0.082251
94.25721 0.085836
96.002708 0.084607
97.814079 0.083108
99.695114 0.080123
101.649918 0.084065
103.682915 0.08355
105.798889 0.084036
108.003029 0.085593
110.301392 0.087207
112.699249 0.088849
115.203682 0.086807
117.821953 0.091391
120.562004 0.09122
123.432541 0.084964
126.443092 0.082936
129.604187 0.084422
132.926254 0.086036
136.424286 0.091948
140.11142 0.099232
144.003372 0.094262
148.117722 0.093291
152.474106 0.106216
157.094498 0.115999
162.003662 0.120113
167.230545 0.107102
172.804886 0.102874
178.763672 0.105459
185.148087 0.118556
192.005402 0.120698
199.390213 0.118842
207.365814 0.132724
216.006042 0.121898
