1.354626 0.486789
1.35498 0.486552
1.355335 0.486457
1.355689 0.486504
1.356043 0.487169
1.356398 0.487169
1.356753 0.486884
1.357108 0.486552
1.357464 0.486504
1.357819 0.486504
1.358175 0.486552
1.358531 0.486694
1.358887 0.486837
1.359243 0.486504
1.3596 0.486552
1.359956 0.486457
1.360313 0.486219
1.36067 0.485696
1.361028 0.485696
1.361385 0.485744
1.361743 0.485316
1.3621 0.484841
1.362458 0.485268
1.362817 0.485886
1.363175 0.485934
1.363533 0.485934
1.363892 0.485411
1.364251 0.484746
1.36461 0.484508
1.364969 0.484793
1.365329 0.484365
1.365689 0.484603
1.366048 0.484698
1.366408 0.484413
1.366769 0.483843
1.367129 0.483605
1.36749 0.483463
1.367851 0.483843
1.368212 0.483225
1.368573 0.482845
1.368934 0.483177
1.369296 0.482369
1.369658 0.481752
1.37002 0.481419
1.370382 0.481134
1.370744 0.480278
1.371107 0.479993
1.371469 0.479661
1.371832 0.478853
1.372195 0.477997
1.372559 0.476999
1.372922 0.475811
1.373286 0.473768
1.37365 0.471059
1.374014 0.466116
1.374378 0.457895
1.374743 0.447772
1.375107 0.439883
1.375472 0.43841
1.375837 0.442829
1.376202 0.44934
1.376568 0.456279
1.376933 0.462314
1.377299 0.467114
1.377665 0.46949
1.378031 0.470203
1.378398 0.470536
1.378764 0.471059
1.379131 0.471249
1.379498 0.471201
1.379866 0.471059
1.380233 0.470583
1.3806 0.470156
1.380968 0.470488
1.381336 0.470393
1.381704 0.4693
1.382073 0.468207
1.382441 0.466972
1.38281 0.467114
1.383179 0.466829
1.383548 0.465403
1.383917 0.464215
1.384287 0.462932
1.384657 0.461079
1.385027 0.459415
1.385397 0.457752
1.385767 0.455613
1.386137 0.452714
1.386508 0.449768
1.386879 0.446061
1.38725 0.440548
1.387622 0.433895
1.387993 0.427194
1.388365 0.421729
1.388737 0.416976
1.389109 0.412414
1.389481 0.40885
1.389853 0.40923
1.390226 0.414648
1.390599 0.422584
1.390972 0.429713
1.391346 0.435321
1.391719 0.439027
1.392093 0.441689
1.392467 0.444588
1.392841 0.447249
1.393215 0.448722
1.39359 0.448865
1.393965 0.448722
1.394339 0.44801
1.394715 0.447107
1.39509 0.446679
1.395465 0.446204
1.395841 0.445348
1.396217 0.444303
1.396593 0.443685
1.39697 0.443162
1.397346 0.442639
1.397723 0.442022
1.3981 0.441499
1.398477 0.440691
1.398854 0.439598
1.399232 0.438457
1.39961 0.437839
1.399988 0.436841
1.400366 0.435986
1.400744 0.435321
1.401123 0.43456
1.401502 0.433752
1.401881 0.432992
1.40226 0.432469
1.402639 0.431234
1.403019 0.430093
1.403399 0.429618
1.403779 0.42881
1.404159 0.427954
1.404539 0.426956
1.40492 0.426291
1.405301 0.425721
1.405682 0.425055
1.406063 0.42439
1.406444 0.42382
1.406826 0.42325
1.407208 0.422632
1.40759 0.422061
1.407972 0.422299
1.408355 0.421966
1.408737 0.420968
1.40912 0.41997
1.409503 0.41978
1.409887 0.419828
1.41027 0.419305
1.410654 0.418545
1.411038 0.418307
1.411422 0.417547
1.411807 0.417024
1.412191 0.416834
1.412576 0.416121
1.412961 0.415123
1.413346 0.41479
1.413732 0.4146
1.414117 0.413887
1.414503 0.413412
1.414889 0.413079
1.415275 0.412747
1.415662 0.412557
1.416049 0.412366
1.416435 0.411986
1.416823 0.411321
1.41721 0.411368
1.417597 0.411178
1.417985 0.411036
1.418373 0.411036
1.418761 0.410656
1.41915 0.410085
1.419538 0.409515
1.419927 0.409277
1.420316 0.409325
1.420706 0.409277
1.421095 0.408897
1.421485 0.40904
1.421875 0.40923
1.422265 0.408802
1.422655 0.408517
1.423046 0.408374
1.423436 0.408612
1.423827 0.40866
1.424218 0.408897
1.42461 0.408897
1.425001 0.408945
1.425393 0.408755
1.425785 0.408422
1.426177 0.408327
1.42657 0.40885
1.426962 0.408897
1.427355 0.408755
1.427748 0.408707
1.428142 0.408897
1.428535 0.408992
1.428929 0.40885
1.429323 0.409087
1.429717 0.409182
1.430112 0.409135
1.430506 0.409325
1.430901 0.409468
1.431296 0.409658
1.431691 0.409705
1.432087 0.409468
1.432482 0.40942
1.432878 0.40942
1.433275 0.40961
1.433671 0.409848
1.434067 0.409705
1.434464 0.409705
1.434861 0.409848
1.435259 0.4098
1.435656 0.409705
1.436054 0.40961
1.436452 0.409848
1.43685 0.409943
1.437248 0.409753
1.437647 0.40999
1.438046 0.410085
1.438445 0.409943
1.438844 0.409848
1.439243 0.4098
1.439643 0.409753
1.440043 0.409563
1.440443 0.409468
1.440843 0.409087
1.441244 0.409087
1.441645 0.409325
1.442046 0.409325
1.442447 0.409372
1.442848 0.409468
1.44325 0.409372
1.443652 0.409182
1.444054 0.408897
1.444457 0.408755
1.444859 0.409087
1.445262 0.409135
1.445665 0.408992
1.446068 0.409182
1.446472 0.409087
1.446875 0.40904
1.447279 0.40904
1.447683 0.409182
1.448088 0.409277
1.448492 0.40923
1.448897 0.409325
1.449302 0.409658
1.449708 0.409895
1.450113 0.409753
1.450519 0.409848
1.450925 0.410133
1.451331 0.410418
1.451737 0.410561
1.452144 0.410846
1.452551 0.410893
1.452958 0.411178
1.453365 0.411083
1.453773 0.411273
1.454181 0.411226
1.454589 0.410941
1.454997 0.410751
1.455405 0.410798
1.455814 0.410988
1.456223 0.410893
1.456632 0.411036
1.457042 0.411036
1.457451 0.411273
1.457861 0.411463
1.458271 0.411368
1.458682 0.411368
1.459092 0.411511
1.459503 0.411178
1.459914 0.410988
1.460325 0.410988
1.460737 0.411083
1.461148 0.411083
1.46156 0.410798
1.461972 0.410798
1.462385 0.410893
1.462797 0.410893
1.46321 0.410893
1.463623 0.411178
1.464037 0.411131
1.46445 0.411321
1.464864 0.411511
1.465278 0.411368
1.465692 0.411368
1.466107 0.411511
1.466522 0.411559
1.466937 0.411463
1.467352 0.411368
1.467767 0.411606
1.468183 0.411844
1.468599 0.411986
1.469015 0.412034
1.469431 0.412034
1.469848 0.412176
1.470265 0.412176
1.470682 0.412176
1.471099 0.412319
1.471517 0.412366
1.471935 0.412366
1.472353 0.412461
1.472771 0.412319
1.47319 0.412509
1.473608 0.412794
1.474027 0.412937
1.474447 0.413222
1.474866 0.413364
1.475286 0.413459
1.475706 0.413269
1.476126 0.413317
1.476546 0.41365
1.476967 0.41365
1.477388 0.41384
1.477809 0.41441
1.47823 0.414553
1.478652 0.4146
1.479074 0.415028
1.479496 0.41517
1.479918 0.414838
1.480341 0.414885
1.480764 0.41517
1.481187 0.41536
1.48161 0.415456
1.482034 0.415598
1.482458 0.415598
1.482882 0.415693
1.483306 0.415836
1.48373 0.415978
1.484155 0.416216
1.48458 0.416501
1.485006 0.416786
1.485431 0.416786
1.485857 0.416739
1.486283 0.416644
1.486709 0.416596
1.487135 0.416881
1.487562 0.417119
1.487989 0.417166
1.488416 0.417404
1.488844 0.417499
1.489271 0.417309
1.489699 0.417547
1.490128 0.417879
1.490556 0.417832
1.490985 0.417879
1.491414 0.417879
1.491843 0.418069
1.492272 0.418307
1.492702 0.41845
1.493132 0.418545
1.493562 0.418687
1.493993 0.418735
1.494423 0.41883
1.494854 0.418925
1.495285 0.41883
1.495717 0.419305
1.496148 0.419448
1.49658 0.419448
1.497012 0.419638
1.497445 0.419923
1.497877 0.42016
1.49831 0.420113
1.498744 0.420018
1.499177 0.420208
1.499611 0.420636
1.500045 0.420968
1.500479 0.420921
1.500913 0.420873
1.501348 0.421111
1.501783 0.421491
1.502218 0.421539
1.502653 0.421634
1.503089 0.421966
1.503525 0.422061
1.503961 0.422109
1.504398 0.422347
1.504834 0.422584
1.505271 0.422584
1.505709 0.422537
1.506146 0.422679
1.506584 0.422869
1.507022 0.423107
1.50746 0.42325
1.507898 0.423345
1.508337 0.42325
1.508776 0.423487
1.509215 0.423677
1.509655 0.423582
1.510094 0.423535
1.510534 0.423535
1.510975 0.423677
1.511415 0.423915
1.511856 0.424295
1.512297 0.424343
1.512738 0.424152
1.51318 0.424057
1.513622 0.424343
1.514064 0.424343
1.514506 0.424295
1.514948 0.424295
1.515391 0.424485
1.515834 0.424723
1.516278 0.424818
1.516721 0.425008
1.517165 0.424865
1.517609 0.42477
1.518054 0.424913
1.518499 0.42496
1.518944 0.425198
1.519389 0.425388
1.519834 0.425436
1.52028 0.425436
1.520726 0.425531
1.521172 0.425483
1.521619 0.425341
1.522065 0.425436
1.522512 0.425483
1.52296 0.425673
1.523407 0.425958
1.523855 0.426101
1.524303 0.425863
1.524751 0.425673
1.5252 0.426053
1.525649 0.425958
1.526098 0.425768
1.526547 0.426053
1.526997 0.426576
1.527447 0.426481
1.527897 0.426339
1.528347 0.426339
1.528798 0.426339
1.529249 0.426481
1.5297 0.426576
1.530152 0.426434
1.530604 0.426386
1.531055 0.426576
1.531508 0.426576
1.53196 0.426481
1.532413 0.426529
1.532866 0.426766
1.53332 0.426814
1.533773 0.426861
1.534227 0.426956
1.534682 0.427004
1.535136 0.427194
1.535591 0.427099
1.536046 0.427241
1.536501 0.427384
1.536956 0.427574
1.537412 0.427622
1.537868 0.427669
1.538324 0.427859
1.538781 0.427954
1.539238 0.427907
1.539695 0.427859
1.540153 0.427859
1.54061 0.428002
1.541068 0.428192
1.541527 0.428382
1.541985 0.428525
1.542444 0.428525
1.542903 0.428715
1.543363 0.428952
1.543822 0.429095
1.544282 0.429142
1.544742 0.42919
1.545203 0.42938
1.545663 0.429428
1.546124 0.429285
1.546586 0.429333
1.547047 0.429333
1.547509 0.429475
1.547971 0.429618
1.548433 0.42976
1.548896 0.430045
1.549359 0.430045
1.549822 0.430093
1.550285 0.430188
1.550749 0.430378
1.551213 0.430568
1.551677 0.430806
1.552142 0.430616
1.552607 0.430521
1.553072 0.430711
1.553537 0.430901
1.554003 0.431138
1.554469 0.431091
1.554935 0.431234
1.555402 0.431376
1.555868 0.431329
1.556336 0.431424
1.556803 0.431471
1.557271 0.431709
1.557738 0.431946
1.558207 0.432232
1.558675 0.432327
1.559144 0.432374
1.559613 0.432469
1.560082 0.432469
1.560552 0.432517
1.561022 0.432707
1.561492 0.432849
1.561963 0.432897
1.562433 0.432944
1.562905 0.432944
1.563376 0.433277
1.563848 0.433372
1.564319 0.433467
1.564792 0.433657
1.565264 0.4338
1.565737 0.43361
1.56621 0.43361
1.566683 0.433752
1.567156 0.434037
1.56763 0.43418
1.568105 0.434228
1.568579 0.434228
1.569054 0.434228
1.569529 0.434323
1.570004 0.434608
1.57048 0.43475
1.570956 0.43475
1.571432 0.434798
1.571908 0.435035
1.572385 0.43494
1.572862 0.434988
1.57334 0.435321
1.573817 0.435511
1.574295 0.435368
1.574773 0.435511
1.575252 0.435701
1.575731 0.435986
1.57621 0.435891
1.576689 0.435843
1.577169 0.436081
1.577649 0.436224
1.578129 0.436176
1.57861 0.436176
1.57909 0.436319
1.579572 0.436366
1.580053 0.436414
1.580535 0.436556
1.581017 0.436794
1.581499 0.436699
1.581982 0.436699
1.582465 0.436699
1.582948 0.436984
1.583431 0.437269
1.583915 0.437317
1.584399 0.437174
1.584884 0.437127
1.585368 0.437269
1.585853 0.437364
1.586339 0.437649
1.586824 0.437602
1.58731 0.437507
1.587796 0.437602
1.588283 0.437697
1.588769 0.437792
1.589256 0.438029
1.589744 0.438077
1.590231 0.438172
1.590719 0.43822
1.591208 0.438172
1.591696 0.43822
1.592185 0.43822
1.592674 0.438267
1.593163 0.438362
1.593653 0.438695
1.594143 0.438932
1.594634 0.438932
1.595124 0.438837
1.595615 0.438837
1.596107 0.439027
1.596598 0.439408
1.59709 0.439313
1.597582 0.439313
1.598075 0.439408
1.598568 0.43955
1.599061 0.43955
1.599554 0.439455
1.600048 0.439503
1.600542 0.43974
1.601036 0.439978
1.60153 0.43993
1.602025 0.440073
1.602521 0.440216
1.603016 0.440453
1.603512 0.440358
1.604008 0.440263
1.604505 0.440216
1.605001 0.440406
1.605498 0.440596
1.605996 0.440691
1.606493 0.440691
1.606991 0.440928
1.60749 0.441166
1.607988 0.441166
1.608487 0.441023
1.608986 0.441261
1.609486 0.441404
1.609986 0.441451
1.610486 0.441404
1.610986 0.441451
1.611487 0.441594
1.611988 0.441784
1.61249 0.441974
1.612991 0.441926
1.613493 0.441926
1.613996 0.442022
1.614498 0.442117
1.615001 0.442212
1.615505 0.442402
1.616008 0.442449
1.616512 0.442544
1.617016 0.442592
1.617521 0.442734
1.618026 0.442782
1.618531 0.442782
1.619036 0.443067
1.619542 0.443115
1.620048 0.44321
1.620554 0.44321
1.621061 0.443162
1.621568 0.4434
1.622076 0.44359
1.622583 0.443685
1.623091 0.44378
1.6236 0.443922
1.624108 0.44397
1.624617 0.444065
1.625127 0.444255
1.625636 0.444398
1.626146 0.444493
1.626656 0.444588
1.627167 0.44473
1.627678 0.44492
1.628189 0.444825
1.628701 0.444588
1.629212 0.444778
1.629725 0.445063
1.630237 0.445063
1.63075 0.445063
1.631263 0.445206
1.631777 0.445206
1.63229 0.445253
1.632804 0.445301
1.633319 0.445776
1.633834 0.445918
1.634349 0.445728
1.634864 0.445776
1.63538 0.445918
1.635896 0.446014
1.636412 0.446061
1.636929 0.446204
1.637446 0.446346
1.637964 0.446489
1.638481 0.446346
1.638999 0.446441
1.639518 0.446631
1.640036 0.446726
1.640555 0.446821
1.641075 0.446821
1.641594 0.446964
1.642114 0.447059
1.642634 0.446916
1.643155 0.446964
1.643676 0.447107
1.644197 0.447202
1.644719 0.447344
1.645241 0.447249
1.645763 0.447107
1.646286 0.447344
1.646809 0.447582
1.647332 0.447677
1.647856 0.447534
1.64838 0.447772
1.648904 0.447914
1.649429 0.447914
1.649953 0.447962
1.650479 0.448057
1.651004 0.448057
1.651531 0.447962
1.652057 0.448105
1.652583 0.448247
1.65311 0.448247
1.653638 0.44839
1.654165 0.448437
1.654693 0.448532
1.655222 0.448532
1.65575 0.448722
1.656279 0.44877
1.656809 0.44858
1.657338 0.448532
1.657868 0.448675
1.658399 0.448817
1.658929 0.449008
1.65946 0.44896
1.659992 0.448865
1.660523 0.448912
1.661055 0.449055
1.661588 0.44915
1.662121 0.44896
1.662654 0.44896
1.663187 0.449055
1.663721 0.449198
1.664255 0.449483
1.664789 0.44953
1.665324 0.44934
1.665859 0.449435
1.666395 0.449388
1.666931 0.449483
1.667467 0.44972
1.668003 0.449911
1.66854 0.44972
1.669077 0.449625
1.669615 0.449673
1.670153 0.449863
1.670691 0.449863
1.671229 0.449863
1.671769 0.449911
1.672308 0.450053
1.672847 0.450291
1.673387 0.450386
1.673928 0.450243
1.674468 0.450101
1.675009 0.450101
1.675551 0.450291
1.676093 0.450623
1.676635 0.450528
1.677177 0.450481
1.67772 0.450576
1.678263 0.450576
1.678806 0.450718
1.67935 0.450671
1.679894 0.450766
1.680439 0.450813
1.680984 0.450671
1.681529 0.450623
1.682074 0.450813
1.682621 0.450956
1.683167 0.450909
1.683714 0.450861
1.68426 0.450956
1.684808 0.450909
1.685356 0.450813
1.685904 0.450956
1.686452 0.451241
1.687001 0.451336
1.68755 0.451004
1.6881 0.450909
1.68865 0.451146
1.6892 0.451194
1.689751 0.451289
1.690302 0.451336
1.690853 0.451336
1.691405 0.451431
1.691957 0.451431
1.692509 0.451431
1.693061 0.451479
1.693615 0.451479
1.694168 0.451621
1.694722 0.451526
1.695276 0.451526
1.695831 0.451669
1.696385 0.451574
1.696941 0.451669
1.697497 0.451716
1.698053 0.451811
1.698609 0.451716
1.699166 0.451859
1.699723 0.452192
1.70028 0.452192
1.700838 0.452049
1.701396 0.452049
1.701955 0.451954
1.702514 0.452002
1.703073 0.451954
1.703633 0.451859
1.704193 0.451716
1.704753 0.451764
1.705314 0.451716
1.705875 0.451764
1.706436 0.451907
1.706998 0.452002
1.707561 0.451954
1.708123 0.451907
1.708686 0.452049
1.70925 0.451954
1.709813 0.451954
1.710377 0.451907
1.710942 0.452049
1.711507 0.451954
1.712072 0.451811
1.712638 0.451764
1.713204 0.451669
1.71377 0.451764
1.714337 0.451811
1.714904 0.451716
1.715471 0.451526
1.716039 0.451479
1.716607 0.451479
1.717176 0.451431
1.717745 0.451479
1.718314 0.451574
1.718884 0.451479
1.719454 0.451384
1.720024 0.451289
1.720595 0.451336
1.721167 0.451289
1.721738 0.451336
1.72231 0.451146
1.722883 0.451099
1.723455 0.451146
1.724029 0.451146
1.724602 0.451146
1.725176 0.451146
1.72575 0.450909
1.726325 0.450909
1.7269 0.451004
1.727476 0.450718
1.728051 0.450766
1.728628 0.451004
1.729204 0.450861
1.729781 0.450813
1.730358 0.450766
1.730936 0.450766
1.731514 0.450766
1.732093 0.450671
1.732672 0.450623
1.733251 0.450481
1.733831 0.450623
1.734411 0.450813
1.734991 0.450528
1.735572 0.450386
1.736153 0.450386
1.736735 0.450196
1.737317 0.450196
1.7379 0.450291
1.738482 0.450338
1.739066 0.450101
1.739649 0.450053
1.740233 0.450243
1.740817 0.450291
1.741402 0.450101
1.741987 0.449958
1.742573 0.449958
1.743159 0.449958
1.743745 0.450053
1.744332 0.450053
1.744919 0.450006
1.745506 0.450101
1.746094 0.450006
1.746683 0.449863
1.747271 0.44972
1.74786 0.449625
1.74845 0.44953
1.74904 0.449625
1.74963 0.449768
1.750221 0.449768
1.750812 0.44972
1.751403 0.449863
1.751995 0.449863
1.752588 0.449625
1.75318 0.44953
1.753773 0.449815
1.754367 0.44972
1.754961 0.449578
1.755555 0.449578
1.75615 0.449768
1.756745 0.44953
1.75734 0.449483
1.757936 0.449768
1.758533 0.449815
1.759129 0.449578
1.759726 0.449388
1.760324 0.449388
1.760922 0.449625
1.76152 0.449625
1.762119 0.449673
1.762718 0.449673
1.763318 0.449578
1.763918 0.449578
1.764518 0.449625
1.765119 0.449483
1.76572 0.44934
1.766322 0.449435
1.766924 0.449483
1.767526 0.449483
1.768129 0.449435
1.768732 0.449245
1.769336 0.449103
1.76994 0.449245
1.770545 0.449245
1.771149 0.44915
1.771755 0.449055
1.77236 0.44915
1.772967 0.44915
1.773573 0.449103
1.77418 0.449055
1.774787 0.44896
1.775395 0.449103
1.776004 0.44896
1.776612 0.448865
1.777221 0.448912
1.777831 0.44896
1.778441 0.44896
1.779051 0.448865
1.779662 0.448912
1.780273 0.44896
1.780884 0.448722
1.781496 0.448722
1.782109 0.448817
1.782721 0.448722
1.783335 0.448817
1.783948 0.448722
1.784562 0.448722
1.785177 0.448675
1.785792 0.448627
1.786407 0.448485
1.787023 0.44858
1.787639 0.44858
1.788256 0.448532
1.788873 0.448485
1.789491 0.448627
1.790108 0.44858
1.790727 0.448532
1.791346 0.448532
1.791965 0.448675
1.792585 0.44858
1.793205 0.448485
1.793825 0.448437
1.794446 0.44839
1.795067 0.44839
1.795689 0.448342
1.796311 0.4482
1.796934 0.448295
1.797557 0.448342
1.79818 0.448247
1.798804 0.448152
1.799429 0.448152
1.800053 0.448295
1.800679 0.448247
1.801304 0.448152
1.801931 0.448295
1.802557 0.448342
1.803184 0.448295
1.803812 0.448152
1.804439 0.448295
1.805068 0.44839
1.805696 0.448437
1.806326 0.448247
1.806955 0.4482
1.807585 0.4482
1.808216 0.4482
1.808847 0.4482
1.809478 0.448247
1.81011 0.448247
1.810742 0.448247
1.811375 0.448152
1.812008 0.448057
1.812641 0.448057
1.813275 0.4482
1.81391 0.448342
1.814545 0.4482
1.81518 0.44801
1.815816 0.448152
1.816452 0.448295
1.817089 0.44839
1.817726 0.448295
1.818363 0.44839
1.819001 0.448532
1.81964 0.44801
1.820279 0.447582
1.820918 0.447772
1.821558 0.447867
1.822199 0.44801
1.822839 0.4482
1.82348 0.448152
1.824122 0.448105
1.824764 0.4482
1.825406 0.447819
1.826049 0.447582
1.826693 0.447914
1.827337 0.44801
1.827981 0.447677
1.828626 0.447534
1.829271 0.447772
1.829917 0.447677
1.830563 0.447344
1.83121 0.447344
1.831857 0.447439
1.832504 0.447439
1.833152 0.447487
1.833801 0.447439
1.83445 0.447107
1.835099 0.446869
1.835749 0.446631
1.836399 0.446631
1.83705 0.446774
1.837701 0.446584
1.838353 0.446774
1.839005 0.446631
1.839658 0.446251
1.840311 0.446489
1.840964 0.446299
1.841618 0.445728
1.842272 0.445823
1.842927 0.446109
1.843583 0.446109
1.844238 0.446156
1.844895 0.445966
1.845551 0.445586
1.846209 0.444968
1.846867 0.44454
1.847525 0.444778
1.848184 0.44492
1.848843 0.445158
1.849502 0.445111
1.850162 0.444825
1.850823 0.444683
1.851484 0.444683
1.852145 0.444398
1.852807 0.443922
1.853469 0.4434
1.854132 0.4434
1.854796 0.443542
1.855459 0.443447
1.856124 0.442782
1.856789 0.442544
1.857454 0.442592
1.85812 0.442259
1.858786 0.441784
1.859453 0.441261
1.86012 0.441261
1.860788 0.441309
1.861456 0.441119
1.862124 0.440643
1.862794 0.440216
1.863463 0.439598
1.864133 0.438932
1.864804 0.438647
1.865475 0.43841
1.866146 0.437697
1.866818 0.436651
1.867491 0.435796
1.868164 0.435606
1.868837 0.435083
1.869511 0.434085
1.870185 0.432897
1.87086 0.431994
1.871536 0.431661
1.872212 0.430663
1.872888 0.429238
1.873565 0.428477
1.874242 0.427764
1.87492 0.426624
1.875599 0.425436
1.876277 0.42382
1.876957 0.422204
1.877637 0.421111
1.878317 0.41978
1.878998 0.418117
1.879679 0.416216
1.880361 0.414267
1.881043 0.412271
1.881726 0.41018
1.882409 0.408042
1.883093 0.405523
1.883777 0.402814
1.884462 0.400485
1.885147 0.397872
1.885833 0.394735
1.886519 0.391313
1.887206 0.387939
1.887893 0.38428
1.888581 0.380478
1.889269 0.376201
1.889958 0.371733
1.890647 0.367646
1.891337 0.363322
1.892027 0.358854
1.892718 0.354767
1.893409 0.350728
1.894101 0.346783
1.894793 0.343029
1.895486 0.339702
1.896179 0.337136
1.896873 0.335092
1.897568 0.333857
1.898262 0.333334
1.898958 0.332764
1.899654 0.332574
1.90035 0.332859
1.901047 0.332859
1.901744 0.332383
1.902442 0.331433
1.90314 0.33053
1.903839 0.329627
1.904539 0.328011
1.905239 0.326395
1.905939 0.325065
1.90664 0.323591
1.907342 0.321786
1.908044 0.31979
1.908746 0.318174
1.909449 0.316653
1.910153 0.314942
1.910857 0.313184
1.911561 0.311853
1.912266 0.310712
1.912972 0.309524
1.913678 0.308384
1.914385 0.307671
1.915092 0.306958
1.9158 0.30615
1.916508 0.305627
1.917217 0.305295
1.917926 0.304962
1.918636 0.304677
1.919346 0.304154
1.920057 0.303774
1.920768 0.304059
1.92148 0.304487
1.922193 0.304677
1.922906 0.304915
1.92362 0.305485
1.924333 0.306198
1.925048 0.306815
1.925763 0.307718
1.926479 0.308669
1.927195 0.309762
1.927912 0.310855
1.928629 0.312091
1.929346 0.313374
1.930065 0.314562
1.930784 0.31594
1.931503 0.317318
1.932223 0.318792
1.932943 0.320407
1.933664 0.321928
1.934386 0.323639
1.935108 0.32535
1.93583 0.326918
1.936554 0.328629
1.937277 0.330482
1.938002 0.332336
1.938726 0.334142
1.939452 0.3359
1.940177 0.337896
1.940904 0.33994
1.941631 0.341888
1.942358 0.343979
1.943086 0.345833
1.943815 0.347591
1.944544 0.349255
1.945274 0.35087
1.946004 0.352629
1.946735 0.35453
1.947466 0.356478
1.948198 0.358284
1.94893 0.359805
1.949663 0.361183
1.950397 0.362609
1.951131 0.364177
1.951865 0.365745
1.952601 0.367124
1.953336 0.368502
1.954073 0.369927
1.954809 0.371496
1.955547 0.373064
1.956285 0.374585
1.957023 0.376011
1.957762 0.377484
1.958502 0.378814
1.959242 0.380098
1.959983 0.381191
1.960724 0.382189
1.961466 0.383139
1.962208 0.384137
1.962951 0.38504
1.963695 0.3858
1.964439 0.386466
1.965183 0.386894
1.965929 0.387416
1.966674 0.387892
1.967421 0.388509
1.968168 0.38908
1.968915 0.389317
1.969663 0.389793
1.970412 0.390315
1.971161 0.390743
1.971911 0.391171
1.972661 0.391408
1.973413 0.391836
1.974164 0.392216
1.974916 0.392739
1.975669 0.393072
1.976422 0.393357
1.977176 0.393737
1.97793 0.394165
1.978685 0.394592
1.97944 0.395163
1.980196 0.395543
1.980953 0.395733
1.98171 0.396161
1.982468 0.396731
1.983226 0.397111
1.983986 0.397539
1.984745 0.398014
1.985505 0.398442
1.986266 0.39887
1.987027 0.39944
1.987789 0.399868
1.988552 0.400295
1.989315 0.400723
1.990078 0.401151
1.990842 0.401816
1.991607 0.402624
1.992373 0.403289
1.993139 0.403812
1.993905 0.40443
1.994673 0.405
1.99544 0.405618
1.996209 0.406236
1.996978 0.406996
1.997747 0.407709
1.998517 0.408422
1.999288 0.409182
2.000059 0.409753
2.000831 0.410275
2.001604 0.411036
2.002377 0.411654
2.003151 0.412129
2.003925 0.412794
2.0047 0.413459
2.005476 0.413935
2.006252 0.414172
2.007029 0.414695
2.007806 0.415265
2.008584 0.415741
2.009362 0.416026
2.010141 0.416358
2.010921 0.416739
2.011701 0.417214
2.012482 0.417547
2.013264 0.417974
2.014046 0.418545
2.014829 0.418972
2.015612 0.419305
2.016396 0.419495
2.01718 0.419875
2.017966 0.420351
2.018752 0.420588
2.019538 0.420826
2.020325 0.421111
2.021113 0.421396
2.021901 0.421824
2.02269 0.422109
2.023479 0.422156
2.02427 0.422347
2.02506 0.422869
2.025852 0.423154
2.026644 0.423392
2.027436 0.423535
2.028229 0.423677
2.029023 0.42401
2.029818 0.4242
2.030613 0.42439
2.031409 0.424533
2.032204 0.424723
2.033001 0.42496
2.033799 0.425055
2.034597 0.425055
2.035396 0.42515
2.036195 0.425388
2.036996 0.425531
2.037796 0.425626
2.038598 0.425911
2.0394 0.426148
2.040203 0.426101
2.041006 0.426196
2.04181 0.426291
2.042614 0.426386
2.043419 0.426624
2.044225 0.426529
2.045032 0.426529
2.045839 0.426576
2.046646 0.426719
2.047455 0.426719
2.048264 0.426671
2.049073 0.426719
2.049883 0.426624
2.050694 0.426719
2.051505 0.426861
2.052317 0.426909
2.05313 0.427051
2.053944 0.427051
2.054758 0.427099
2.055573 0.427004
2.056388 0.426956
2.057204 0.427051
2.058021 0.427004
2.058838 0.427004
2.059656 0.427004
2.060475 0.427051
2.061294 0.427099
2.062114 0.426956
2.062935 0.426909
2.063756 0.427004
2.064577 0.427099
2.0654 0.427146
2.066223 0.427146
2.067047 0.427146
2.067871 0.427051
2.068696 0.426909
2.069522 0.426814
2.070349 0.426766
2.071176 0.426909
2.072004 0.426861
2.072833 0.426576
2.073662 0.426529
2.074492 0.426529
2.075322 0.426291
2.076153 0.426243
2.076985 0.426148
2.077817 0.426053
2.07865 0.426101
2.079484 0.426101
2.080319 0.426053
2.081154 0.426053
2.08199 0.426196
2.082826 0.426291
2.083663 0.426243
2.084501 0.426101
2.08534 0.426053
2.086179 0.426006
2.087018 0.425958
2.087859 0.425863
2.0887 0.425816
2.089542 0.425768
2.090385 0.425626
2.091228 0.425483
2.092072 0.425388
2.092917 0.425293
2.093762 0.425293
2.094608 0.425103
2.095454 0.425055
2.096302 0.425198
2.09715 0.425245
2.097999 0.42496
2.098848 0.42477
2.099698 0.42496
2.100549 0.425055
2.1014 0.425055
2.102252 0.424865
2.103105 0.424675
2.103959 0.424675
2.104813 0.424675
2.105668 0.424628
2.106524 0.42439
2.10738 0.4242
2.108237 0.424248
2.109094 0.4242
2.109953 0.424248
2.110812 0.424248
2.111672 0.424105
2.112532 0.42401
2.113394 0.423915
2.114255 0.423867
2.115118 0.423915
2.115981 0.423867
2.116845 0.423725
2.11771 0.423487
2.118576 0.423345
2.119442 0.423297
2.120309 0.42325
2.121176 0.423059
2.122045 0.423059
2.122913 0.422964
2.123783 0.422774
2.124654 0.422727
2.125525 0.422727
2.126396 0.422727
2.127269 0.422679
2.128142 0.422632
2.129016 0.422537
2.129891 0.422347
2.130766 0.422204
2.131642 0.422204
2.132519 0.422109
2.133397 0.422014
2.134275 0.421824
2.135154 0.421776
2.136034 0.421776
2.136914 0.421586
2.137795 0.421444
2.138677 0.421349
2.13956 0.421253
2.140444 0.421158
2.141328 0.421111
2.142213 0.420873
2.143099 0.420683
2.143985 0.420541
2.144872 0.420255
2.14576 0.41997
2.146648 0.41978
2.147537 0.419733
2.148427 0.419685
2.149318 0.419543
2.150209 0.419257
2.151101 0.419067
2.151994 0.418877
2.152888 0.418735
2.153783 0.41864
2.154678 0.41845
2.155574 0.418117
2.15647 0.417832
2.157368 0.417784
2.158266 0.417784
2.159165 0.417689
2.160064 0.417499
2.160964 0.417309
2.161865 0.417166
2.162767 0.417071
2.16367 0.416834
2.164573 0.416739
2.165478 0.416406
2.166383 0.416216
2.167288 0.415883
2.168195 0.415598
2.169102 0.415456
2.17001 0.415028
2.170919 0.414362
2.171828 0.414077
2.172739 0.41365
2.17365 0.413174
2.174561 0.412794
2.175474 0.412557
2.176387 0.412224
2.177301 0.411796
2.178216 0.411321
2.179132 0.410703
2.180048 0.40999
2.180965 0.409087
2.181883 0.40779
2.182801 0.406622
2.183721 0.405195
2.184641 0.403314
2.185562 0.401367
2.186484 0.399811
2.187407 0.398254
2.18833 0.397605
2.189254 0.398189
2.190179 0.399551
2.191105 0.401367
2.192032 0.403054
2.192959 0.405519
2.193887 0.407465
2.194816 0.407985
2.195745 0.408828
2.196676 0.409931
2.197607 0.41032
2.198539 0.411034
2.199472 0.411617
2.200405 0.411747
2.201339 0.411942
2.202275 0.412331
2.203211 0.411942
2.204147 0.411812
2.205085 0.411877
2.206023 0.411942
2.206962 0.411942
2.207902 0.411812
2.208843 0.411617
2.209784 0.411552
2.210727 0.411747
2.21167 0.412136
2.212614 0.412007
2.213559 0.411747
2.214504 0.411228
2.215451 0.411358
2.216398 0.411682
2.217346 0.411617
2.218295 0.410969
2.219244 0.411358
2.220195 0.411812
2.221146 0.411747
2.222098 0.411034
2.223051 0.410904
2.224005 0.411098
2.224959 0.411228
2.225914 0.410839
2.226871 0.410644
2.227827 0.411034
2.228785 0.411293
2.229744 0.411163
2.230703 0.411098
2.231663 0.411098
2.232625 0.411163
2.233587 0.411163
2.234549 0.411228
2.235513 0.411034
2.236477 0.410969
2.237442 0.410709
2.238408 0.410709
2.239375 0.410709
2.240343 0.411098
2.241312 0.410969
2.242281 0.410969
2.243252 0.410969
2.244223 0.411423
2.245195 0.411098
2.246168 0.410839
2.247141 0.410385
2.248116 0.409996
2.249091 0.410125
2.250067 0.409931
2.251044 0.409412
2.252022 0.409606
2.253 0.409412
2.25398 0.408568
2.254961 0.408374
2.255942 0.408633
2.256924 0.408179
2.257907 0.407595
2.258891 0.407206
2.259876 0.406687
2.260861 0.406492
2.261847 0.406233
2.262835 0.405519
2.263823 0.404871
2.264812 0.404611
2.265802 0.404352
2.266792 0.403184
2.267784 0.40247
2.268776 0.401951
2.26977 0.401627
2.270764 0.401432
2.271759 0.400654
2.272755 0.399811
2.273752 0.399486
2.27475 0.398643
2.275748 0.397475
2.276747 0.396826
2.277748 0.395659
2.278749 0.393972
2.279751 0.392415
2.280754 0.390274
2.281758 0.388198
2.282763 0.386122
2.283768 0.383722
2.284775 0.380543
2.285782 0.377689
2.286791 0.375159
2.2878 0.373148
2.28881 0.37185
2.289821 0.370942
2.290832 0.369839
2.291845 0.369061
2.292859 0.368542
2.293873 0.368023
2.294889 0.36705
2.295905 0.366401
2.296922 0.366012
2.29794 0.365882
2.29896 0.365428
2.299979 0.364779
2.301001 0.363871
2.302022 0.362379
2.303045 0.360433
2.304068 0.357838
2.305093 0.3544
2.306118 0.350442
2.307145 0.345772
2.308172 0.341036
2.309201 0.337143
2.31023 0.335003
2.31126 0.334549
2.31229 0.335132
2.313322 0.337533
2.314355 0.342204
2.315388 0.347264
2.316423 0.352129
2.317458 0.357319
2.318495 0.36173
2.319532 0.365298
2.32057 0.368542
2.321609 0.370942
2.32265 0.373018
2.323691 0.375224
2.324733 0.3773
2.325776 0.379051
2.32682 0.380933
2.327865 0.38249
2.32891 0.384111
2.329957 0.385409
2.331005 0.385993
2.332053 0.386317
2.333103 0.386901
2.334153 0.38742
2.335205 0.387679
2.336257 0.387874
2.33731 0.387744
2.338365 0.387095
2.33942 0.386836
2.340476 0.386706
2.341533 0.386122
2.342591 0.385279
2.34365 0.38476
2.34471 0.384046
2.345771 0.383528
2.346833 0.382749
2.347896 0.381646
2.34896 0.380478
2.350024 0.379635
2.35109 0.378857
2.352157 0.377754
2.353225 0.376846
2.354293 0.376132
2.355363 0.374705
2.356434 0.373732
2.357505 0.372369
2.358577 0.371267
2.359651 0.370293
2.360726 0.369061
2.361801 0.368218
2.362878 0.367504
2.363955 0.366531
2.365033 0.365752
2.366114 0.364714
2.367194 0.363222
2.368275 0.361795
2.369358 0.360627
2.370441 0.35933
2.371525 0.358227
2.372611 0.35667
2.373697 0.355373
2.374785 0.353621
2.375873 0.352064
2.376962 0.350313
2.378052 0.348691
2.379144 0.346939
2.380236 0.344604
2.38133 0.342528
2.382424 0.340193
2.383519 0.337662
2.384615 0.335781
2.385713 0.334094
2.386811 0.332862
2.387911 0.331824
2.389011 0.330332
2.390113 0.328645
2.391215 0.327867
2.392318 0.327607
2.393423 0.327672
2.394528 0.327542
2.395635 0.327737
2.396743 0.328451
2.397851 0.329034
2.398961 0.329618
2.400071 0.330332
2.401183 0.330656
2.402296 0.330786
2.40341 0.330851
2.404524 0.330397
2.40564 0.329683
2.406757 0.329618
2.407875 0.329034
2.408994 0.327672
2.410113 0.32631
2.411234 0.325531
2.412356 0.324818
2.413479 0.324039
2.414603 0.323261
2.415729 0.322612
2.416855 0.321574
2.417982 0.320666
2.419111 0.319887
2.42024 0.319433
2.421371 0.319044
2.422502 0.318525
2.423635 0.318071
2.424768 0.317487
2.425903 0.316449
2.427038 0.315736
2.428176 0.314892
2.429314 0.314308
2.430453 0.313854
2.431592 0.313205
2.432734 0.312686
2.433876 0.312557
2.435019 0.312167
2.436163 0.311778
2.437308 0.311389
2.438454 0.31113
2.439602 0.31087
2.44075 0.310416
2.4419 0.309962
2.443051 0.309637
2.444203 0.309573
2.445355 0.309378
2.44651 0.308989
2.447665 0.308794
2.448821 0.3086
2.449978 0.30847
2.451137 0.308275
2.452296 0.307951
2.453457 0.307562
2.454618 0.307172
2.455781 0.306653
2.456945 0.306394
2.45811 0.306199
2.459276 0.306005
2.460443 0.30568
2.461612 0.30555
2.462781 0.30555
2.463952 0.305486
2.465123 0.305291
2.466296 0.30555
2.46747 0.305745
2.468645 0.305486
2.469821 0.305032
2.470998 0.304837
2.472176 0.304902
2.473356 0.304642
2.474536 0.304577
2.475718 0.304383
2.476901 0.303799
2.478085 0.303539
2.47927 0.30341
2.480456 0.30328
2.481644 0.302696
2.482832 0.302372
2.484022 0.302112
2.485213 0.301853
2.486404 0.301593
2.487597 0.301009
2.488792 0.300555
2.489987 0.300426
2.491184 0.300101
2.492381 0.299517
2.493581 0.299193
2.494781 0.298998
2.495982 0.298609
2.497184 0.298155
2.498387 0.297896
2.499592 0.297441
2.500798 0.297052
2.502005 0.296598
2.503213 0.296079
2.504422 0.295755
2.505633 0.295495
2.506844 0.295365
2.508057 0.295041
2.509271 0.294457
2.510486 0.293809
2.511703 0.29329
2.51292 0.292965
2.514138 0.29303
2.515358 0.292835
2.516579 0.292641
2.517802 0.292316
2.519025 0.292057
2.52025 0.291668
2.521476 0.291408
2.522703 0.291343
2.523931 0.291408
2.52516 0.291214
2.526391 0.291149
2.527622 0.291084
2.528856 0.290889
2.53009 0.290565
2.531325 0.290435
2.532562 0.290176
2.5338 0.290305
2.535039 0.290176
2.536279 0.29037
2.53752 0.29037
2.538763 0.29037
2.540007 0.2905
2.541252 0.290435
2.542498 0.289851
2.543746 0.290046
2.544994 0.290305
2.546244 0.290305
2.547495 0.289981
2.548748 0.290176
2.550002 0.290111
2.551256 0.289916
2.552513 0.289916
2.553771 0.29037
2.555029 0.290954
2.556289 0.291473
2.55755 0.291862
2.558813 0.291603
2.560076 0.29076
2.561341 0.29063
2.562607 0.291084
2.563875 0.291408
2.565143 0.291992
2.566413 0.292381
2.567684 0.291927
2.568957 0.291214
2.57023 0.291603
2.571505 0.291927
2.572781 0.290824
2.574058 0.291603
2.575337 0.291797
2.576617 0.291149
2.577898 0.291603
2.579181 0.291733
2.580465 0.291084
2.58175 0.291084
2.583036 0.289851
2.584324 0.29037
2.585613 0.291279
2.586903 0.2905
2.588195 0.29076
2.589488 0.291279
2.590782 0.291149
2.592077 0.290046
2.593373 0.286673
2.594671 0.284726
2.595971 0.28784
2.597271 0.289722
2.598573 0.289657
2.599876 0.289008
2.601181 0.288035
2.602487 0.287646
2.603794 0.286283
2.605102 0.284986
2.606412 0.28557
2.607723 0.285829
2.609035 0.285051
2.610349 0.284661
2.611664 0.284207
2.612981 0.283494
2.614299 0.28278
2.615618 0.280575
2.616938 0.279407
2.61826 0.279991
2.619583 0.278174
2.620907 0.278304
2.622233 0.279147
2.62356 0.278239
2.624888 0.276487
2.626217 0.274541
2.627548 0.274801
2.628881 0.273309
2.630215 0.270714
2.63155 0.271233
2.632886 0.270389
2.634224 0.269352
2.635564 0.268833
2.636904 0.267535
2.638246 0.266173
2.63959 0.264746
2.640934 0.263189
2.64228 0.261567
2.643628 0.259945
2.644976 0.257804
2.646327 0.256312
2.647678 0.255015
2.649031 0.253393
2.650386 0.251447
2.651741 0.248463
2.653098 0.246322
2.654457 0.244311
2.655817 0.242105
2.657177 0.240029
2.65854 0.236721
2.659904 0.233801
2.66127 0.231466
2.662637 0.228676
2.664005 0.224524
2.665375 0.220502
2.666745 0.217713
2.668118 0.215507
2.669492 0.210447
2.670867 0.207203
2.672244 0.205906
2.673622 0.202079
2.675002 0.197343
2.676383 0.192672
2.677765 0.188909
2.67915 0.184368
2.680535 0.179503
2.681922 0.172042
2.68331 0.161793
2.6847 0.145185
2.68609 0.113138
2.687483 0.073501
2.688877 0.059878
2.690272 0.077199
2.691669 0.101007
2.693067 0.114435
2.694467 0.11742
2.695868 0.115863
2.69727 0.113268
2.698674 0.109505
2.70008 0.10438
2.701487 0.098477
2.702896 0.092508
2.704306 0.086216
2.705717 0.080377
2.70713 0.074474
2.708544 0.067987
2.70996 0.060526
2.711378 0.051509
2.712797 0.041129
2.714217 0.03049
2.715639 0.023095
2.717062 0.021408
2.718487 0.025041
2.719913 0.031139
2.721341 0.038534
2.72277 0.043789
2.7242 0.046773
2.725633 0.048006
2.727067 0.047487
2.728502 0.045995
2.729939 0.043984
2.731377 0.041583
2.732817 0.038859
2.734258 0.036264
2.735701 0.033669
2.737146 0.031334
2.738592 0.028739
2.740039 0.026468
2.741488 0.024522
2.742939 0.02303
2.744391 0.021732
2.745844 0.02037
2.747299 0.019137
2.748756 0.018164
2.750214 0.017321
2.751674 0.016607
2.753135 0.015829
2.754598 0.015505
2.756062 0.01531
2.757528 0.01505
2.758996 0.014726
2.760465 0.014661
2.761936 0.014726
2.763408 0.014921
2.764882 0.014986
2.766357 0.014921
2.767834 0.014856
2.769313 0.014726
2.770793 0.014661
2.772275 0.014791
2.773758 0.014986
2.775243 0.015115
2.77673 0.01505
2.778218 0.015115
2.779707 0.015245
2.781199 0.01505
2.782691 0.014791
2.784185 0.014726
2.785681 0.014531
2.787179 0.014402
2.788678 0.014272
2.790179 0.014013
2.791682 0.013818
2.793186 0.013688
2.794692 0.013364
2.7962 0.013169
2.797709 0.012975
2.799219 0.012585
2.800731 0.01252
2.802245 0.012326
2.803761 0.011937
2.805278 0.011742
2.806797 0.011742
2.808318 0.011742
2.80984 0.011612
2.811363 0.011547
2.812889 0.011418
2.814416 0.011612
2.815945 0.011677
2.817475 0.011547
2.819007 0.011872
2.82054 0.012196
2.822076 0.012391
2.823613 0.012391
2.825152 0.01278
2.826692 0.013039
2.828234 0.013299
2.829778 0.013688
2.831324 0.013883
2.832871 0.014207
2.83442 0.014467
2.835971 0.014661
2.837523 0.014856
2.839077 0.015245
2.840632 0.015699
2.84219 0.016153
2.843749 0.016607
2.84531 0.016867
2.846872 0.017386
2.848437 0.017905
2.850003 0.018359
2.85157 0.018813
2.85314 0.019332
2.854711 0.019786
2.856283 0.020111
2.857857 0.020694
2.859434 0.021278
2.861012 0.021732
2.862592 0.022316
2.864173 0.022965
2.865757 0.023484
2.867342 0.023938
2.868929 0.024652
2.870517 0.0253
2.872108 0.02556
2.873699 0.025754
2.875293 0.026144
2.876889 0.026468
2.878486 0.026857
2.880085 0.027247
2.881686 0.027701
2.883289 0.028025
2.884893 0.028544
2.886499 0.028803
2.888107 0.028998
2.889717 0.029258
2.891329 0.029647
2.892942 0.029971
2.894558 0.03036
2.896175 0.030685
2.897794 0.030815
2.899415 0.030944
2.901037 0.031139
2.902662 0.031463
2.904288 0.031593
2.905916 0.031528
2.907546 0.031593
2.909178 0.031853
2.910811 0.032112
2.912446 0.032371
2.914083 0.032501
2.915722 0.032501
2.917363 0.032501
2.919006 0.032631
2.92065 0.032761
2.922296 0.03289
2.923944 0.033085
2.925594 0.033215
2.927246 0.033345
2.9289 0.033539
2.930556 0.033669
2.932213 0.033864
2.933873 0.034058
2.935534 0.034253
2.937198 0.034447
2.938863 0.034577
2.94053 0.034772
2.942199 0.034902
2.943869 0.035031
2.945542 0.035226
2.947217 0.035356
2.948893 0.035421
2.950572 0.035615
2.952252 0.035875
2.953934 0.036329
2.955618 0.036588
2.957304 0.036718
2.958992 0.036977
2.960681 0.037042
2.962373 0.037302
2.964067 0.037691
2.965763 0.038015
2.96746 0.038275
2.96916 0.038405
2.970861 0.038729
2.972565 0.038924
2.974271 0.039118
2.975978 0.039507
2.977687 0.039962
2.979398 0.040221
2.981112 0.04074
2.982827 0.041194
2.984544 0.041389
2.986264 0.041713
2.987985 0.042038
2.989709 0.042362
2.991434 0.042816
2.993161 0.04327
2.99489 0.04353
2.996621 0.043854
2.998354 0.044438
3.000089 0.044957
3.001826 0.045281
3.003565 0.045411
3.005306 0.04567
3.00705 0.046254
3.008795 0.046643
3.010542 0.046968
3.012291 0.047422
3.014043 0.047941
3.015796 0.04846
3.017552 0.048719
3.019309 0.049044
3.021069 0.049498
3.02283 0.049887
3.024594 0.050211
3.02636 0.05073
3.028127 0.051314
3.029897 0.051574
3.031669 0.051768
3.033443 0.052158
3.035219 0.052612
3.036998 0.052871
3.038778 0.053196
3.04056 0.053325
3.042344 0.05352
3.04413 0.053715
3.045919 0.053844
3.047709 0.053974
3.049502 0.054039
3.051297 0.054104
3.053094 0.054234
3.054893 0.054428
3.056694 0.054753
3.058498 0.054882
3.060303 0.055142
3.062111 0.055466
3.063921 0.055596
3.065733 0.055855
3.067547 0.056115
3.069363 0.056439
3.071181 0.056893
3.073001 0.057283
3.074824 0.057607
3.076649 0.058061
3.078476 0.058645
3.080305 0.059229
3.082136 0.059813
3.08397 0.060332
3.085805 0.061045
3.087644 0.061694
3.089484 0.062278
3.091326 0.062732
3.093171 0.063186
3.095017 0.063835
3.096866 0.064419
3.098717 0.065197
3.10057 0.065781
3.102426 0.06604
3.104284 0.066624
3.106144 0.067208
3.108006 0.067662
3.109871 0.068181
3.111737 0.06896
3.113606 0.069608
3.115477 0.070063
3.11735 0.070776
3.119226 0.071619
3.121104 0.072528
3.122984 0.073825
3.124866 0.074928
3.126751 0.076031
3.128638 0.077199
3.130527 0.078431
3.132419 0.079793
3.134313 0.081091
3.136209 0.082388
3.138108 0.083751
3.140008 0.085113
3.141912 0.086346
3.143817 0.087708
3.145725 0.089135
3.147635 0.090433
3.149547 0.091665
3.151462 0.093092
3.153378 0.09452
3.155298 0.095752
3.157219 0.097179
3.159143 0.098542
3.16107 0.099774
3.162998 0.100877
3.164929 0.102045
3.166862 0.103407
3.168798 0.104834
3.170736 0.106197
3.172677 0.107429
3.174619 0.108792
3.176565 0.110219
3.178513 0.111451
3.180463 0.112879
3.182415 0.114176
3.18437 0.115344
3.186327 0.116706
3.188287 0.118003
3.190248 0.119171
3.192213 0.120533
3.19418 0.121896
3.196149 0.123128
3.198121 0.124296
3.200095 0.125529
3.202072 0.126826
3.204051 0.128059
3.206032 0.129226
3.208016 0.130459
3.210002 0.131756
3.211991 0.133054
3.213982 0.134287
3.215976 0.135519
3.217972 0.136752
3.219971 0.138049
3.221972 0.139282
3.223976 0.140579
3.225982 0.141942
3.227991 0.143369
3.230002 0.144731
3.232016 0.146158
3.234032 0.147521
3.236051 0.148883
3.238072 0.150245
3.240096 0.151672
3.242123 0.1531
3.244152 0.154397
3.246183 0.155824
3.248217 0.157316
3.250253 0.158679
3.252293 0.160106
3.254334 0.161403
3.256378 0.162701
3.258425 0.164128
3.260474 0.165555
3.262526 0.166723
3.26458 0.16815
3.266638 0.169577
3.268697 0.170875
3.27076 0.172107
3.272825 0.173405
3.274892 0.174637
3.276962 0.17587
3.279035 0.177167
3.28111 0.178335
3.283188 0.179438
3.285269 0.180735
3.287352 0.182033
3.289438 0.183071
3.291526 0.183979
3.293617 0.184952
3.295711 0.18612
3.297807 0.187223
3.299906 0.188196
3.302008 0.189428
3.304113 0.190661
3.30622 0.192023
3.30833 0.19358
3.310443 0.195072
3.312558 0.196564
3.314676 0.198121
3.316797 0.199548
3.31892 0.200911
3.321046 0.202208
3.323175 0.203506
3.325307 0.204868
3.327442 0.206036
3.329579 0.207074
3.331719 0.208047
3.333861 0.208955
3.336007 0.209928
3.338155 0.210966
3.340306 0.212004
3.342458 0.212847
3.344615 0.213756
3.346774 0.214729
3.348936 0.215896
3.351101 0.216999
3.353268 0.217907
3.355439 0.218945
3.357612 0.219854
3.359789 0.220697
3.361968 0.221411
3.364149 0.222059
3.366334 0.222449
3.368521 0.223032
3.370711 0.223357
3.372904 0.223486
3.3751 0.223811
3.3773 0.224395
3.379501 0.224979
3.381706 0.225822
3.383913 0.227119
3.386123 0.228611
3.388336 0.229844
3.390553 0.230947
3.392771 0.23192
3.394992 0.232698
3.397217 0.233023
3.399445 0.232893
3.401675 0.232374
3.403909 0.231531
3.406146 0.230298
3.408385 0.229066
3.410627 0.228806
3.412873 0.230168
3.415121 0.233088
3.417372 0.236785
3.419626 0.240353
3.421884 0.243597
3.424144 0.246516
3.426407 0.248787
3.428673 0.250798
3.430943 0.252744
3.433215 0.254561
3.43549 0.256117
3.437768 0.257545
3.440049 0.258842
3.442333 0.260204
3.444621 0.261307
3.446911 0.26254
3.449204 0.263837
3.4515 0.26494
3.4538 0.265848
3.456102 0.266757
3.458408 0.26773
3.460716 0.268508
3.463028 0.269222
3.465343 0.270195
3.467662 0.271233
3.469983 0.271946
3.472307 0.272465
3.474634 0.27279
3.476965 0.273049
3.479298 0.273503
3.481635 0.274217
3.483975 0.27519
3.486317 0.276033
3.488663 0.276942
3.491012 0.277655
3.493365 0.27785
3.49572 0.27759
3.498079 0.277331
3.500441 0.27772
3.502806 0.279212
3.505175 0.281612
3.507547 0.284402
3.509921 0.287062
3.512299 0.289462
3.514681 0.291992
3.517065 0.294457
3.519453 0.296598
3.521844 0.298479
3.524238 0.300166
3.526636 0.301723
3.529036 0.303085
3.53144 0.304253
3.533848 0.305226
3.536258 0.306264
3.538672 0.307367
3.541089 0.30847
3.543509 0.309443
3.545932 0.310286
3.548359 0.311194
3.55079 0.312167
3.553223 0.312946
3.55566 0.31366
3.558101 0.314308
3.560545 0.315022
3.562992 0.3158
3.565443 0.316514
3.567896 0.317292
3.570354 0.318071
3.572814 0.31872
3.575278 0.319498
3.577746 0.320147
3.580216 0.320796
3.582691 0.321639
3.585169 0.322417
3.58765 0.322936
3.590135 0.323585
3.592623 0.324299
3.595114 0.325077
3.597609 0.325791
3.600107 0.326439
3.602608 0.326958
3.605114 0.327477
3.607622 0.328061
3.610135 0.328645
3.61265 0.329359
3.61517 0.330008
3.617692 0.330591
3.620219 0.33111
3.622749 0.331759
3.625283 0.332148
3.627819 0.332538
3.63036 0.333186
3.632904 0.333705
3.635452 0.33403
3.638003 0.334549
3.640558 0.335068
3.643116 0.335587
3.645679 0.336041
3.648244 0.336495
3.650813 0.337208
3.653386 0.337792
3.655962 0.338181
3.658543 0.338636
3.661126 0.33896
3.663713 0.339479
3.666304 0.339933
3.668898 0.340257
3.671497 0.340582
3.674099 0.340841
3.676705 0.341036
3.679314 0.34136
3.681927 0.34162
3.684544 0.341879
3.687165 0.342204
3.689789 0.342658
3.692417 0.343047
3.695049 0.343566
3.697685 0.34389
3.700324 0.344279
3.702967 0.344669
3.705615 0.344863
3.708265 0.345123
3.71092 0.345577
3.713578 0.345901
3.71624 0.346161
3.718906 0.346355
3.721576 0.34655
3.724249 0.346874
3.726926 0.347199
3.729607 0.347329
3.732292 0.347458
3.734981 0.347653
3.737674 0.347718
3.740371 0.347912
3.743071 0.348042
3.745776 0.348237
3.748485 0.348431
3.751197 0.348626
3.753913 0.348691
3.756634 0.348821
3.759358 0.34895
3.762086 0.349145
3.764818 0.34934
3.767554 0.349469
3.770293 0.349404
3.773037 0.349469
3.775785 0.349599
3.778537 0.349794
3.781293 0.349859
3.784053 0.349923
3.786817 0.349988
3.789586 0.350118
3.792358 0.350248
3.795134 0.350248
3.797915 0.350118
3.800699 0.350053
3.803488 0.349923
3.80628 0.349988
3.809077 0.350053
3.811877 0.349988
3.814683 0.349923
3.817492 0.349859
3.820305 0.349859
3.823123 0.349859
3.825944 0.349923
3.82877 0.349923
3.8316 0.349859
3.834434 0.349923
3.837271 0.349988
3.840113 0.350183
3.84296 0.350507
3.845811 0.350637
3.848666 0.350767
3.851525 0.350961
3.854389 0.351156
3.857257 0.351026
3.86013 0.350961
3.863006 0.351156
3.865887 0.351156
3.868772 0.351286
3.871661 0.351351
3.874554 0.35161
3.877452 0.35174
3.880355 0.351805
3.883262 0.351934
3.886173 0.352064
3.889088 0.352064
3.892008 0.352129
3.894932 0.352194
3.897861 0.352259
3.900793 0.352259
3.903731 0.352324
3.906672 0.352194
3.909618 0.351999
3.912569 0.35187
3.915524 0.35187
3.918483 0.35161
3.921447 0.35148
3.924416 0.351415
3.927389 0.351286
3.930367 0.351091
3.933349 0.350832
3.936336 0.350378
3.939327 0.350053
3.942322 0.349859
3.945323 0.349534
3.948327 0.34908
3.951337 0.348756
3.954351 0.348496
3.95737 0.348172
3.960393 0.347588
3.963421 0.347004
3.966453 0.346485
3.96949 0.346096
3.972532 0.345772
3.975579 0.345188
3.978629 0.344669
3.981685 0.344279
3.984745 0.34389
3.98781 0.343501
3.99088 0.343242
3.993955 0.342658
3.997034 0.342009
4.000118 0.341425
4.003208 0.340776
4.006302 0.340257
4.0094 0.339738
4.012504 0.33909
4.015612 0.338376
4.018724 0.337792
4.021842 0.337208
4.024965 0.336495
4.028091 0.335846
4.031223 0.335262
4.03436 0.334549
4.037502 0.333835
4.040649 0.333121
4.043801 0.332473
4.046958 0.331694
4.050119 0.330851
4.053287 0.330202
4.056458 0.329618
4.059635 0.32884
4.062816 0.328061
4.066003 0.327348
4.069194 0.326699
4.072391 0.325985
4.075593 0.325337
4.078799 0.324558
4.082011 0.323909
4.085227 0.323326
4.088449 0.322677
4.091676 0.322028
4.094908 0.321509
4.098145 0.32086
4.101388 0.320212
4.104634 0.319563
4.107887 0.318849
4.111144 0.318201
4.114407 0.317552
4.117675 0.316773
4.120948 0.31606
4.124227 0.315541
4.12751 0.315022
4.130799 0.314308
4.134094 0.313465
4.137393 0.312686
4.140697 0.311973
4.144008 0.311259
4.147323 0.310611
4.150643 0.309897
4.153969 0.309118
4.157301 0.30834
4.160638 0.307691
4.16398 0.307107
4.167327 0.306459
4.17068 0.305745
4.174038 0.305096
4.177401 0.304513
4.18077 0.303994
4.184143 0.30341
4.187523 0.302696
4.190908 0.301982
4.194299 0.301269
4.197695 0.300555
4.201097 0.299582
4.204504 0.298479
4.207917 0.297441
4.211336 0.296274
4.214759 0.294976
4.218189 0.293614
4.221624 0.292381
4.225064 0.291214
4.22851 0.290176
4.231962 0.289138
4.23542 0.288359
4.238883 0.287581
4.242352 0.286867
4.245827 0.286413
4.249307 0.286154
4.252793 0.285894
4.256284 0.285245
4.259782 0.283688
4.263285 0.281872
4.266792 0.28025
4.270307 0.278953
4.273828 0.27798
4.277354 0.277007
4.280886 0.276098
4.284424 0.275125
4.287968 0.274087
4.291517 0.273049
4.295074 0.272076
4.298635 0.271038
4.302202 0.269935
4.305776 0.269027
4.309355 0.268054
4.31294 0.267081
4.316531 0.265978
4.320128 0.26494
4.323732 0.263902
4.327342 0.262799
4.330956 0.261697
4.334578 0.260659
4.338205 0.259556
4.341838 0.258453
4.345478 0.257415
4.349123 0.256442
4.352774 0.255469
4.356431 0.254431
4.360096 0.253393
4.363765 0.252355
4.367442 0.251382
4.371124 0.250409
4.374813 0.249436
4.378508 0.248463
4.38221 0.247554
4.385918 0.246776
4.389631 0.245803
4.393351 0.24483
4.397078 0.243986
4.40081 0.242883
4.404549 0.24191
4.408295 0.241067
4.412045 0.240418
4.415803 0.23977
4.419568 0.238926
4.423338 0.238083
4.427116 0.237175
4.4309 0.236331
4.43469 0.235553
4.438487 0.234839
4.442291 0.234126
4.446101 0.233477
4.449917 0.232763
4.45374 0.23205
4.45757 0.231401
4.461406 0.230817
4.465249 0.230233
4.469098 0.229649
4.472954 0.229001
4.476817 0.228352
4.480686 0.227703
4.484562 0.227055
4.488445 0.226341
4.492334 0.225562
4.496231 0.224719
4.500134 0.224005
4.504043 0.223227
4.507959 0.222384
4.511883 0.22154
4.515813 0.220762
4.51975 0.219919
4.523694 0.21914
4.527645 0.218297
4.531602 0.217453
4.535568 0.216805
4.539539 0.216221
4.543518 0.215507
4.547503 0.214858
4.551496 0.214145
4.555496 0.213561
4.559502 0.213237
4.563516 0.212912
4.567537 0.212523
4.571565 0.212134
4.5756 0.211615
4.579642 0.211096
4.583691 0.210836
4.587747 0.210382
4.591811 0.209863
4.595881 0.209344
4.599958 0.208696
4.604044 0.208047
4.608136 0.207398
4.612236 0.206879
4.616343 0.20636
4.620458 0.205711
4.624579 0.205063
4.628708 0.204609
4.632845 0.204154
4.636989 0.203571
4.64114 0.203052
4.645299 0.202468
4.649466 0.201819
4.653639 0.201041
4.65782 0.200197
4.662009 0.199289
4.666206 0.198381
4.67041 0.197473
4.674621 0.19637
4.67884 0.195461
4.683066 0.194618
4.687301 0.19371
4.691543 0.192931
4.695792 0.192088
4.700048 0.191375
4.704313 0.190661
4.708586 0.189882
4.712867 0.189169
4.717155 0.18865
4.721451 0.188196
4.725755 0.187807
4.730067 0.187742
4.734388 0.187742
4.738715 0.188001
4.743051 0.18852
4.747394 0.189234
4.751746 0.190142
4.756105 0.19105
4.760472 0.191893
4.764848 0.192672
4.769232 0.193386
4.773623 0.194034
4.778023 0.194618
4.782431 0.195072
4.786847 0.195332
4.791271 0.195591
4.795703 0.195721
4.800144 0.195916
4.804591 0.196045
4.809048 0.19598
4.813513 0.195786
4.817986 0.195656
4.822468 0.195591
4.826958 0.195397
4.831457 0.195202
4.835964 0.194813
4.84048 0.194488
4.845004 0.194359
4.849536 0.194294
4.854077 0.194099
4.858626 0.194034
4.863184 0.194034
4.867751 0.194099
4.872326 0.194359
4.876908 0.194553
4.8815 0.194683
4.886101 0.194943
4.89071 0.195267
4.895329 0.195591
4.899956 0.195916
4.904591 0.196305
4.909236 0.196694
4.91389 0.197018
4.918552 0.197213
4.923223 0.197408
4.927903 0.197602
4.932591 0.197602
4.937289 0.197537
4.941996 0.197343
4.946712 0.197018
4.951437 0.196629
4.956171 0.19624
4.960914 0.195786
4.965665 0.195397
4.970426 0.194748
4.975196 0.194294
4.979976 0.193775
4.984764 0.193256
4.989561 0.192802
4.994367 0.192218
4.999184 0.191504
5.004009 0.190791
5.008844 0.189947
5.013688 0.188974
5.018541 0.187742
5.023404 0.186833
5.028277 0.185731
5.033159 0.184563
5.038051 0.183201
5.042951 0.181903
5.047862 0.180281
5.052782 0.178659
5.057711 0.177103
5.06265 0.175481
5.0676 0.173794
5.072558 0.172172
5.077527 0.170421
5.082504 0.168604
5.087492 0.167047
5.09249 0.16562
5.097497 0.164063
5.102514 0.162441
5.10754 0.160884
5.112577 0.159392
5.117624 0.157835
5.122681 0.156278
5.127748 0.154721
5.132825 0.153164
5.137912 0.151608
5.143009 0.150115
5.148117 0.148688
5.153234 0.14765
5.158362 0.146483
5.1635 0.145445
5.168648 0.144536
5.173806 0.143888
5.178975 0.143369
5.184154 0.143109
5.189344 0.143044
5.194544 0.142979
5.199754 0.142785
5.204975 0.142979
5.210206 0.14285
5.215447 0.142979
5.2207 0.143304
5.225963 0.143174
5.231235 0.142915
5.236519 0.142525
5.241814 0.142136
5.247119 0.141682
5.252435 0.141098
5.257762 0.140449
5.2631 0.139736
5.268449 0.139022
5.273809 0.138244
5.27918 0.137595
5.284561 0.136817
5.289953 0.135714
5.295357 0.13513
5.300771 0.134676
5.306197 0.134157
5.311634 0.133768
5.31708 0.133313
5.322538 0.132989
5.328009 0.132665
5.33349 0.132405
5.338983 0.132211
5.344487 0.131756
5.350003 0.131497
5.355529 0.131886
5.361069 0.132211
5.366619 0.132405
5.37218 0.13247
5.377753 0.13247
5.383337 0.13234
5.388933 0.132275
5.394541 0.131821
5.40016 0.131367
5.405792 0.130719
5.411435 0.129875
5.417089 0.128318
5.422756 0.126956
5.428434 0.126502
5.434124 0.125594
5.439826 0.124166
5.44554 0.122674
5.451264 0.121247
5.457003 0.119625
5.462753 0.117744
5.468515 0.116511
5.47429 0.115279
5.480077 0.113916
5.485876 0.112943
5.491687 0.111841
5.497512 0.110738
5.503348 0.10957
5.509196 0.108402
5.515058 0.107235
5.520931 0.106132
5.526816 0.105159
5.532715 0.10425
5.538626 0.103148
5.544551 0.102045
5.550487 0.101007
5.556436 0.100423
5.562398 0.099839
5.568373 0.099385
5.57436 0.098607
5.58036 0.098282
5.586374 0.098801
5.592398 0.099126
5.598437 0.099061
5.604489 0.099255
5.610555 0.099644
5.616633 0.099774
5.622725 0.100099
5.62883 0.100034
5.634949 0.09958
5.641082 0.098801
5.647227 0.099126
5.653385 0.099061
5.659557 0.098996
5.665742 0.098671
5.671941 0.097698
5.678154 0.09705
5.68438 0.09666
5.69062 0.095817
5.696874 0.095363
5.703141 0.09439
5.709422 0.092833
5.715717 0.091925
5.722026 0.091276
5.728348 0.090303
5.734685 0.089005
5.741033 0.087513
5.747398 0.085762
5.753777 0.084335
5.76017 0.082064
5.766577 0.079729
5.772999 0.079015
5.779435 0.077977
5.785885 0.07655
5.792351 0.074604
5.798831 0.072463
5.805324 0.070517
5.811832 0.068506
5.818355 0.066105
5.824893 0.064483
5.831445 0.063381
5.838012 0.062213
5.844594 0.060851
5.851191 0.059229
5.857803 0.057607
5.864429 0.056245
5.871071 0.055272
5.877727 0.05352
5.884399 0.052417
5.891086 0.05112
5.897785 0.048979
5.904502 0.047422
5.911235 0.045281
5.917983 0.042816
5.924747 0.040351
5.931525 0.037691
5.93832 0.035096
5.94513 0.03328
5.951957 0.031009
5.958798 0.028674
5.965655 0.026014
5.972528 0.023743
5.979417 0.021862
5.986322 0.019916
5.993242 0.018099
6.000179 0.016672
6.00713 0.01544
6.014098 0.014337
6.021083 0.013429
6.028085 0.012845
6.035102 0.012326
6.042136 0.011807
6.049186 0.011612
6.056253 0.011937
6.063337 0.012001
6.070437 0.011937
6.077554 0.011937
6.084687 0.011872
6.091837 0.011482
6.099004 0.010963
6.106188 0.01012
6.113389 0.009147
6.120608 0.008239
6.127842 0.007266
6.135094 0.006617
6.142364 0.006228
6.14965 0.006098
6.156953 0.006163
6.164274 0.006358
6.171613 0.006487
6.178967 0.006487
6.18634 0.006682
6.193731 0.00746
6.201139 0.008628
6.208566 0.010509
6.216011 0.013039
6.223473 0.016088
6.230953 0.019527
6.238452 0.023289
6.245968 0.027182
6.253502 0.031074
6.261055 0.034837
6.268626 0.038534
6.276215 0.041973
6.283823 0.045411
6.291449 0.04859
6.299095 0.051704
6.306758 0.054428
6.31444 0.056958
6.32214 0.059294
6.32986 0.061564
6.337598 0.062991
6.345355 0.064808
6.353131 0.067403
6.360924 0.06883
6.368739 0.069544
6.376572 0.071165
6.384425 0.072528
6.392297 0.073306
6.400189 0.073631
6.4081 0.072593
6.416031 0.072917
6.423983 0.074863
6.431953 0.075771
6.439943 0.076355
6.447953 0.076615
6.455982 0.076809
6.464032 0.07668
6.472102 0.076096
6.480192 0.075577
6.488305 0.074604
6.496436 0.074668
6.504587 0.075836
6.512758 0.075836
6.52095 0.075058
6.529163 0.074993
6.537397 0.074604
6.545651 0.07376
6.553923 0.073047
6.562219 0.072333
6.570536 0.07136
6.578875 0.071425
6.587234 0.071425
6.595614 0.07123
6.604017 0.071165
6.61244 0.070776
6.620886 0.070452
6.629353 0.069219
6.637841 0.068376
6.646351 0.069349
6.654883 0.069738
6.663437 0.069089
6.672013 0.068116
6.680611 0.067273
6.689233 0.066949
6.697875 0.06643
6.70654 0.065067
6.715228 0.063964
6.723937 0.063251
6.73267 0.062472
6.741425 0.061305
6.750203 0.060007
6.759001 0.05884
6.767824 0.057153
6.776671 0.055401
6.785541 0.053585
6.794435 0.052093
6.803351 0.051055
6.812291 0.049692
6.821255 0.047876
6.830244 0.046384
6.839254 0.045281
6.848289 0.04353
6.857347 0.041454
6.86643 0.040156
6.875537 0.039572
6.884668 0.038664
6.893823 0.037756
6.902999 0.036718
6.912203 0.035939
6.921432 0.035161
6.930685 0.034318
6.939963 0.033409
6.949265 0.032501
6.958593 0.031463
6.967947 0.030879
6.977327 0.030166
6.98673 0.029387
6.996159 0.028609
7.005613 0.027895
7.015093 0.027117
7.024599 0.026468
7.03413 0.025754
7.043687 0.024846
7.053272 0.024262
7.062882 0.023873
7.072517 0.023354
7.082179 0.0229
7.091867 0.022446
7.101583 0.021927
7.111324 0.021343
7.121092 0.020954
7.130883 0.020565
7.140706 0.020046
7.150555 0.019592
7.160431 0.019202
7.170335 0.018813
7.180266 0.018618
7.190225 0.018359
7.200211 0.01784
7.210228 0.017321
7.22027 0.017062
7.23034 0.016802
7.240438 0.016413
7.250565 0.015959
7.26072 0.015375
7.270903 0.014856
7.281115 0.014661
7.291358 0.014402
7.301627 0.014142
7.311926 0.013883
7.322253 0.013558
7.33261 0.013234
7.342996 0.013234
7.353412 0.013104
7.363857 0.013039
7.374328 0.01291
7.384833 0.012845
7.395367 0.01278
7.405932 0.01265
7.416527 0.01265
7.427153 0.01265
7.437809 0.01265
7.448495 0.01265
7.459215 0.012585
7.469963 0.01265
7.480742 0.012715
7.491552 0.01278
7.502394 0.01265
7.513267 0.012585
7.524172 0.01252
7.535108 0.012456
7.546078 0.012391
7.557078 0.012391
7.56811 0.012326
7.579175 0.012196
7.590272 0.012001
7.601401 0.011807
7.612564 0.011612
7.623759 0.011353
7.634982 0.011093
7.646243 0.010704
7.657537 0.010445
7.668865 0.01025
7.680227 0.009861
7.691622 0.009601
7.703051 0.009277
7.714513 0.008888
7.726013 0.008498
7.737544 0.008304
7.74911 0.008109
7.76071 0.00785
7.772346 0.00746
7.784016 0.007071
7.795721 0.006877
7.807461 0.006682
7.819234 0.006422
7.831045 0.006228
7.842893 0.005968
7.854775 0.005774
7.866695 0.005449
7.87865 0.00532
7.890642 0.004995
7.90267 0.004736
7.914737 0.004671
7.926839 0.004671
7.938978 0.004541
7.951155 0.004346
7.963368 0.004152
7.97562 0.004152
7.987909 0.004022
8.000236 0.003827
8.012604 0.003827
8.025007 0.003892
8.03745 0.003763
8.04993 0.003827
8.062449 0.003957
8.075007 0.003892
8.087605 0.003892
8.100242 0.004022
8.112914 0.004282
8.12563 0.004476
8.138387 0.004476
8.151183 0.004541
8.16402 0.004606
8.176896 0.004801
8.189815 0.004995
8.202773 0.005255
8.215774 0.005449
8.228815 0.005514
8.241898 0.005514
8.255021 0.005709
8.268188 0.005903
8.281395 0.006098
8.294645 0.006163
8.307939 0.006163
8.321277 0.006163
8.334655 0.006422
8.348077 0.006682
8.361541 0.006877
8.37505 0.007071
8.388601 0.00746
8.402197 0.00785
8.415837 0.008044
8.429516 0.008174
8.443245 0.008498
8.457019 0.008823
8.470837 0.009147
8.484701 0.009471
8.49861 0.009926
8.512566 0.010509
8.526567 0.011353
8.540616 0.012131
8.554709 0.012845
8.56885 0.013688
8.583036 0.014726
8.59727 0.01531
8.611551 0.015894
8.62588 0.016543
8.640257 0.017062
8.654684 0.017451
8.669156 0.01784
8.683678 0.018099
8.698248 0.018294
8.712867 0.018554
8.727534 0.018683
8.742252 0.018618
8.75702 0.018554
8.771832 0.018554
8.786699 0.018489
8.801618 0.018164
8.816586 0.017905
8.831606 0.017581
8.846677 0.017256
8.861799 0.016997
8.876974 0.016802
8.892203 0.016932
8.907482 0.017126
8.922813 0.017191
8.938197 0.017451
8.953634 0.017581
8.969126 0.017581
8.98467 0.017386
9.000268 0.016802
9.015924 0.016024
9.031631 0.015115
9.047393 0.014467
9.06321 0.013883
9.079082 0.013558
9.095011 0.013753
9.110995 0.014467
9.127035 0.015115
9.143127 0.015569
9.159282 0.015894
9.175492 0.016283
9.191761 0.016543
9.208088 0.016672
9.224472 0.016737
9.240915 0.016932
9.257417 0.017062
9.27398 0.017126
9.290601 0.017451
9.307281 0.017905
9.32402 0.018489
9.34082 0.019462
9.35768 0.021019
9.374602 0.022835
9.391585 0.024652
9.408624 0.026338
9.42573 0.02783
9.442899 0.028803
9.460131 0.029258
9.477425 0.029582
9.494783 0.029841
9.512204 0.029971
9.52969 0.030555
9.547244 0.031463
9.564858 0.032177
9.582539 0.03289
9.600284 0.033604
9.618095 0.033993
9.635973 0.033864
9.653916 0.033345
9.671927 0.032242
9.690009 0.03062
9.708156 0.028933
9.72637 0.027182
9.744653 0.025754
9.763004 0.024522
9.781425 0.022965
9.799915 0.021667
9.818476 0.020565
9.837101 0.019721
9.855803 0.019008
9.874576 0.017905
9.89342 0.017126
9.912336 0.016478
9.931326 0.015699
9.950388 0.015375
9.969523 0.01518
9.988736 0.015245
10.008019 0.015505
10.027377 0.015894
10.04681 0.016737
10.066319 0.017905
10.085902 0.019267
10.105563 0.020435
10.1253 0.021408
10.145119 0.022251
10.165011 0.022446
10.184982 0.022186
10.205031 0.022122
10.22516 0.021992
10.245367 0.021797
10.265656 0.021797
10.286023 0.022186
10.306466 0.02277
10.326997 0.023289
10.34761 0.024068
10.368304 0.024976
10.389083 0.026014
10.409945 0.027376
10.43089 0.029128
10.45192 0.030944
10.473039 0.032566
10.49424 0.034512
10.515526 0.036134
10.536899 0.037886
10.558359 0.039637
10.579906 0.041454
10.601542 0.042946
10.623267 0.044049
10.645084 0.045151
10.666988 0.046319
10.688982 0.047681
10.711066 0.048784
10.733243 0.049692
10.755511 0.050211
10.777872 0.050536
10.800325 0.050925
10.822865 0.051444
10.845508 0.052028
10.868244 0.052352
10.891077 0.052547
10.914005 0.052806
10.937031 0.05339
10.960154 0.054104
10.983374 0.054623
11.006698 0.054947
11.030116 0.055142
11.053635 0.054688
11.077253 0.054039
11.100973 0.053585
11.124795 0.052936
11.14872 0.051963
11.172747 0.050925
11.196871 0.049692
11.221107 0.048265
11.245447 0.046708
11.269894 0.045411
11.294447 0.043854
11.319107 0.042102
11.343875 0.040416
11.368752 0.039118
11.393744 0.038275
11.418839 0.037886
11.444047 0.037496
11.469365 0.037172
11.494797 0.036458
11.52034 0.03568
11.545999 0.035161
11.571771 0.034772
11.597663 0.034837
11.623667 0.035485
11.649787 0.036134
11.676025 0.037302
11.702382 0.039313
11.728858 0.041324
11.755454 0.04353
11.782171 0.045541
11.809002 0.046903
11.835962 0.048071
11.863048 0.049109
11.890256 0.049822
11.91759 0.050406
11.94505 0.05073
11.972636 0.050406
12.000351 0.049887
12.028198 0.049368
12.056171 0.048525
12.084274 0.047552
12.112508 0.046384
12.140875 0.045346
12.169374 0.044438
12.198009 0.0434
12.226777 0.042102
12.255688 0.040351
12.28473 0.038534
12.31391 0.036588
12.343228 0.034772
12.372687 0.03289
12.402287 0.031204
12.432029 0.029517
12.461913 0.027766
12.491931 0.026209
12.522105 0.024652
12.552425 0.022835
12.582892 0.020759
12.613507 0.018748
12.644272 0.017191
12.675187 0.016024
12.706254 0.015375
12.737479 0.014921
12.768852 0.014726
12.80038 0.014661
12.832064 0.014791
12.863906 0.015505
12.895905 0.016607
12.928064 0.017775
12.960384 0.018878
12.992874 0.019851
13.025519 0.020694
13.05833 0.021278
13.091305 0.021992
13.124448 0.022641
13.157759 0.022835
13.191238 0.022835
13.22489 0.022641
13.258701 0.021992
13.292698 0.021473
13.326869 0.021019
13.361217 0.019916
13.395742 0.018424
13.430446 0.017581
13.46533 0.017191
13.500397 0.016413
13.535651 0.01531
13.571085 0.014142
13.606705 0.012845
13.642511 0.012066
13.678508 0.011937
13.714694 0.011482
13.751073 0.010963
13.787644 0.010445
13.82442 0.009536
13.861383 0.009147
13.898545 0.009017
13.935907 0.008628
13.97347 0.007979
14.011236 0.007525
14.049208 0.007006
14.087384 0.006358
14.125755 0.005514
14.16435 0.004736
14.203156 0.004476
14.242176 0.004346
14.281411 0.004022
14.320862 0.004022
14.360532 0.004476
14.400422 0.00493
14.440542 0.005255
14.48088 0.005579
14.521442 0.005968
14.562233 0.006228
14.603253 0.006552
14.644506 0.006747
14.685991 0.006747
14.727713 0.007136
14.76966 0.007525
14.811859 0.007655
14.8543 0.007266
14.896984 0.007201
14.939916 0.007201
14.983094 0.006747
15.026524 0.006098
15.070205 0.005903
15.11415 0.005903
15.158343 0.005968
15.202796 0.006163
15.24751 0.006228
15.292488 0.006033
15.337732 0.006358
15.383245 0.006617
15.429028 0.006617
15.475092 0.006941
15.521424 0.006941
15.568036 0.006747
15.614927 0.006747
15.662103 0.006747
15.709563 0.006163
15.757313 0.00532
15.805353 0.005449
15.853672 0.005968
15.902304 0.006098
15.951234 0.005579
16.000465 0.005125
16.050003 0.004736
16.099848 0.004346
16.150003 0.004476
16.200472 0.004671
16.251265 0.004671
16.30237 0.004411
16.353796 0.004801
16.405548 0.005644
16.45763 0.006358
16.510042 0.006747
16.56279 0.006682
16.615877 0.006682
16.669313 0.006552
16.723085 0.006682
16.777206 0.006293
16.831676 0.006098
16.886503 0.006293
16.941689 0.006293
16.997234 0.005968
17.053146 0.005514
17.109409 0.005903
17.166063 0.006682
17.223093 0.006941
17.280504 0.007071
17.338299 0.006682
17.396481 0.007914
17.455055 0.009082
17.514025 0.009342
17.573404 0.009536
17.633179 0.009861
17.693359 0.010834
17.753954 0.011677
17.814964 0.012715
17.876394 0.013753
17.938251 0.014402
18.000536 0.015245
18.063269 0.016153
18.126427 0.016867
18.190027 0.017581
18.254078 0.018489
18.318579 0.019137
18.383539 0.020046
18.448961 0.021862
18.514851 0.022576
18.58119 0.022251
18.648029 0.023419
18.715351 0.025106
18.783159 0.026209
18.851461 0.026857
18.920263 0.027052
18.989569 0.027441
19.059383 0.028739
19.129725 0.029193
19.200575 0.029971
19.271952 0.031139
19.343863 0.032177
19.416311 0.032371
19.489305 0.031982
19.562849 0.032242
19.636951 0.032047
19.711594 0.032242
19.786827 0.032501
19.862638 0.031917
19.939034 0.032047
20.016018 0.033409
20.093599 0.033604
20.171785 0.03289
20.250582 0.035161
20.330009 0.036458
20.410049 0.035421
20.490723 0.036394
20.572035 0.037951
20.653994 0.03847
20.73661 0.039832
20.819889 0.04087
20.903841 0.040675
20.988487 0.039767
21.073807 0.038599
21.159821 0.037367
21.246542 0.036264
21.333977 0.035161
21.422132 0.035096
21.511023 0.033215
21.600651 0.029582
21.691 0.026922
21.782139 0.027182
21.874046 0.027182
21.966734 0.026598
22.060209 0.026209
22.154484 0.025171
22.249567 0.025949
22.34547 0.025389
22.442221 0.024957
22.539797 0.02593
22.638224 0.026254
22.737514 0.024741
22.837679 0.026254
22.93873 0.02755
23.04068 0.028198
23.143541 0.028955
23.247343 0.029495
23.35206 0.030035
23.457727 0.029819
23.564352 0.029603
23.671953 0.029927
23.78054 0.030035
23.890127 0.030683
24.000731 0.031332
24.112324 0.031007
24.224998 0.033492
24.338732 0.039327
24.453537 0.03695
24.569429 0.033492
24.686426 0.033817
24.804543 0.033925
24.923796 0.034033
25.044222 0.033384
25.165796 0.032088
25.288555 0.030899
25.412519 0.030035
25.537704 0.030251
25.664127 0.030251
25.791811 0.029171
25.920769 0.028955
26.051052 0.029063
26.182623 0.028631
26.315529 0.027874
26.449793 0.02647
26.585432 0.026362
26.722471 0.02593
26.860929 0.024309
27.00083 0.024525
27.142149 0.026902
27.285002 0.030683
27.429367 0.03252
27.575268 0.035545
27.722729 0.037598
27.871777 0.03803
28.022434 0.038462
28.17473 0.038462
28.328716 0.039327
28.484369 0.040299
28.641743 0.041379
28.800863 0.042244
28.961761 0.042892
29.124468 0.044945
29.289013 0.046997
29.455427 0.047105
29.623777 0.047862
29.794029 0.049374
29.966249 0.051859
30.140471 0.054452
30.316732 0.054776
30.495066 0.055425
30.67551 0.056829
30.858103 0.056073
31.04282 0.055533
31.229824 0.053588
31.419096 0.051211
31.610676 0.051535
31.804607 0.053372
32.000931 0.053372
32.199696 0.05294
32.400944 0.053048
32.604759 0.052615
32.811115 0.051103
33.020103 0.04959
33.231773 0.049158
33.446171 0.04851
33.663353 0.047322
33.883377 0.047538
34.106293 0.050779
34.332088 0.054668
34.560966 0.05899
34.792919 0.063528
35.028008 0.066877
35.266293 0.067957
35.507843 0.070874
35.752724 0.073467
36.001007 0.075304
36.252811 0.077789
36.508114 0.079193
36.767036 0.077789
37.029659 0.073683
37.296059 0.073035
37.566319 0.075736
37.840527 0.079625
38.118767 0.08211
38.40118 0.084055
38.687756 0.085136
38.978642 0.084487
39.273933 0.081354
39.573734 0.075736
39.878147 0.072171
40.187283 0.071414
40.501244 0.074223
40.820042 0.078869
41.144012 0.081894
41.473164 0.083839
41.807625 0.084055
42.147522 0.082002
42.492992 0.078761
42.844173 0.07498
43.20121 0.073035
43.564312 0.071739
43.933502 0.069362
44.309002 0.06612
44.690975 0.061907
45.079594 0.058342
45.475029 0.055641
45.87746 0.052724
46.287083 0.049482
46.704159 0.048186
47.128742 0.050995
47.561119 0.053696
48.001499 0.056829
48.450111 0.061583
48.907188 0.063311
49.372971 0.061367
49.847713 0.061691
50.331509 0.064176
50.824955 0.067417
51.328171 0.073251
51.841454 0.078869
52.365105 0.082543
52.899441 0.083731
53.444794 0.085676
54.001511 0.083731
54.570061 0.079625
55.150593 0.078005
55.74361 0.073359
56.349518 0.069362
56.968742 0.069146
57.60173 0.072495
58.24894 0.07444
58.910862 0.072927
59.588123 0.065688
60.28101 0.061475
60.9902 0.071198
61.716274 0.078653
62.459846 0.078545
63.221554 0.073575
64.002068 0.070442
64.802094 0.069038
65.622093 0.068389
66.463402 0.066661
67.326561 0.066877
68.21244 0.07001
69.121933 0.071306
70.056015 0.072063
71.015686 0.069686
72.002014 0.069362
73.016319 0.07606
74.05941 0.077573
75.132736 0.072927
76.237625 0.072495
77.375504 0.074223
78.547859 0.070118
79.756294 0.062123
81.002487 0.054992
82.28849 0.04797
83.61573 0.043324
84.986481 0.041595
86.402931 0.042136
87.867393 0.043108
89.382355 0.032736
90.95047 0.023337
92.574593 0.038894
94.25721 0.046457
96.002708 0.049806
97.814079 0.056721
99.695114 0.059854
101.649918 0.066769
103.682915 0.070874
105.798889 0.072711
108.003029 0.070658
110.301392 0.069038
112.699249 0.07109
115.203682 0.072819
117.821953 0.07498
120.562004 0.082975
123.432541 0.091402
126.443092 0.085244
129.604187 0.073791
132.926254 0.063095
136.424286 0.067417
140.11142 0.07498
144.003372 0.082975
148.117722 0.093347
152.474106 0.095183
157.094498 0.083299
162.003662 0.061691
167.230545 0.053048
172.804886 0.050995
178.763672 0.042784
185.148087 0.061475
192.005402 0.070334
199.390213 0.098857
207.365814 0.156874
216.006042 0.204412
