3.69212786891 0.115011134796
3.68985082363 0.11453461292
3.6875763105 0.116085679705
3.68530432561 0.115425615562
3.68303486509 0.114950450576
3.68076792506 0.115999757215
3.67850350164 0.11530811548
3.67624159096 0.116428134916
3.67398218917 0.115412704421
3.67172529243 0.11502258286
3.66947089688 0.11468945947
3.6672189987 0.112820461199
3.66496959405 0.114098144867
3.66272267913 0.114262254449
3.66047825012 0.112637539724
3.65823630321 0.113247466253
3.65599683461 0.114088430772
3.65375984053 0.114158872503
3.6515253172 0.114533523459
3.64929326083 0.114411285233
3.64706366766 0.114650540754
3.64483653393 0.114620097118
3.6426118559 0.113814995013
3.64038962982 0.113618526352
3.63816985194 0.112755867751
3.63595251856 0.112622459402
3.63373762593 0.111625151141
3.63152517035 0.112825084497
3.62931514812 0.113355894656
3.62710755552 0.113031924743
3.62490238888 0.111264216251
3.6226996445 0.111573999692
3.62049931872 0.109225025422
3.61830140784 0.110156288263
3.61610590823 0.111279207006
3.61391281621 0.111163237576
3.61172212815 0.111714706099
3.60953384039 0.111936596252
3.60734794931 0.111747902482
3.60516445128 0.111568386103
3.60298334268 0.110624634561
3.60080461989 0.109655658423
3.59862827931 0.110118533359
3.59645431734 0.110432560583
3.59428273039 0.110886144786
3.59211351488 0.110768248209
3.58994666722 0.110573264091
3.58778218386 0.108863285463
3.58562006121 0.108020756707
3.58346029573 0.108285963925
3.58130288387 0.109594845448
3.57914782209 0.109476208396
3.57699510684 0.11020308824
3.57484473461 0.107270157164
3.57269670186 0.105943765071
3.57055100508 0.106335312258
3.56840764078 0.107581910077
3.56626660543 0.107746604419
3.56412789556 0.106312538501
3.56199150766 0.105504675187
3.55985743827 0.106533325443
3.5577256839 0.106809674999
3.5555962411 0.106362379231
3.55346910639 0.10600753662
3.55134427633 0.106320157172
3.54922174746 0.105955439723
3.54710151635 0.105591726261
3.54498357957 0.105053502538
3.54286793368 0.105558099488
3.54075457527 0.10618219865
3.53864350092 0.103653999966
3.53653470723 0.103402737137
3.53442819079 0.102801733052
3.53232394821 0.104164092576
3.5302219761 0.10435869452
3.52812227108 0.102886426886
3.52602482978 0.102236044252
3.52392964884 0.102762883008
3.52183672487 0.103354571782
3.51974605455 0.10273312166
3.51765763451 0.102015889544
3.51557146141 0.102136106215
3.51348753192 0.101092001864
3.5114058427 0.101976101613
3.50932639045 0.102658061351
3.50724917183 0.103083363826
3.50517418354 0.102641305932
3.50310142228 0.100270859362
3.50103088475 0.100608150316
3.49896256766 0.0982888547775
3.49689646772 0.100226528577
3.49483258165 0.0981494366588
3.4927709062 0.0991326107648
3.49071143808 0.0966991000679
3.48865417403 0.0980842394579
3.48659911082 0.0967926306831
3.48454624518 0.0971619102629
3.48249557389 0.0965914588124
3.48044709369 0.0962518873688
3.47840080138 0.0970235588825
3.47635669371 0.0953936304776
3.47431476749 0.0976562711058
3.47227501949 0.0967989013346
3.47023744652 0.0957920942642
3.46820204538 0.0964729076894
3.46616881287 0.0947546610022
3.46413774581 0.0952611566199
3.46210884103 0.0961333897554
3.46008209534 0.0948382927451
3.45805750558 0.0945114256203
3.4560350686 0.0963171289773
3.45401478123 0.0959053269726
3.45199664032 0.0948082586005
3.44998064274 0.0947592131947
3.44796678535 0.0949936890388
3.44595506501 0.0955249571374
3.4439454786 0.0950133678754
3.441938023 0.0949418444026
3.4399326951 0.0952555406547
3.43792949179 0.0957502374241
3.43592840996 0.0959637971075
3.43392944653 0.0970100667198
3.4319325984 0.0950792544195
3.4299378625 0.0960567971226
3.42794523573 0.0974333670924
3.42595471503 0.0967053042738
3.42396629733 0.0968565146
3.42197997958 0.0970788900016
3.41999575871 0.0978152530106
3.41801363168 0.0986773378822
3.41603359544 0.0979407758141
3.41405564696 0.0964569933038
3.41207978321 0.0951477207117
3.41010600116 0.0957648032921
3.40813429778 0.0961774752451
3.40616467007 0.0963584642989
3.40419711501 0.0967738318838
3.4022316296 0.0980242885281
3.40026821085 0.0988437942905
3.39830685576 0.099282953999
3.39634756134 0.0992969531819
3.39439032462 0.100448718414
3.39243514261 0.0999407409051
3.39048201236 0.100783753256
3.38853093089 0.100262589604
3.38658189524 0.0998955200446
3.38463490247 0.100376116029
3.38268994963 0.0996482883784
3.38074703377 0.0999116295442
3.37880615196 0.100767510771
3.37686730126 0.100552525955
3.37493047876 0.101687670738
3.37299568152 0.102355568766
3.37106290665 0.103071360123
3.36913215122 0.102334874462
3.36720341233 0.103468452044
3.36527668709 0.102353067542
3.36335197261 0.10338809246
3.36142926599 0.103309261281
3.35950856435 0.102071804452
3.35758986482 0.102736933296
3.35567316452 0.104421183541
3.35375846059 0.105291401872
3.35184575018 0.104658878849
3.34993503041 0.105483814606
3.34802629845 0.105531703095
3.34611955145 0.104844094289
3.34421478657 0.105316444144
3.34231200097 0.105149427652
3.34041119183 0.103505862629
3.33851235633 0.104680058128
3.33661549163 0.105708255698
3.33472059494 0.105103686266
3.33282766344 0.107626914154
3.33093669433 0.105684730952
3.32904768482 0.103846063043
3.3271606321 0.105970038386
3.3252755334 0.105142824519
3.32339238593 0.106585440264
3.32151118692 0.106260875774
3.31963193358 0.108196864862
3.31775462317 0.10768610436
3.3158792529 0.106115396208
3.31400582004 0.10590567174
3.31213432182 0.105576525457
3.3102647555 0.105323835685
3.30839711834 0.10620907953
3.30653140761 0.106199772634
3.30466762056 0.105314066238
3.30280575448 0.103594158857
3.30094580665 0.103291758651
3.29908777434 0.103669026712
3.29723165485 0.105155944529
3.29537744547 0.107046810731
3.2935251435 0.108751849537
3.29167474625 0.104966137989
3.28982625101 0.106593354728
3.28797965512 0.106269648954
3.28613495588 0.10532828136
3.28429215061 0.103914900415
3.28245123665 0.107086111215
3.28061221134 0.105522788736
3.278775072 0.104542188253
3.27693981598 0.102157657214
3.27510644063 0.104798848579
3.27327494331 0.106295756144
3.27144532136 0.105211697202
3.26961757215 0.101783282397
3.26779169306 0.102809891166
3.26596768144 0.103177960398
3.26414553469 0.103636597465
3.26232525017 0.104822597602
3.26050682528 0.103811127068
3.25869025741 0.101332195044
3.25687554395 0.0988901696867
3.2550626823 0.0990876467687
3.25325166988 0.100973572297
3.25144250408 0.103347987633
3.24963518233 0.102111594105
3.24782970204 0.101155369179
3.24602606064 0.101701194131
3.24422425556 0.102904683636
3.24242428423 0.10205247637
3.24062614409 0.102280471334
3.23882983257 0.102199708176
3.23703534714 0.101046334486
3.23524268524 0.0997916589962
3.23345184433 0.100260669843
3.23166282187 0.10222244653
3.22987561532 0.101313528171
3.22809022216 0.0990962654942
3.22630663986 0.0956276733401
3.2245248659 0.0995235952762
3.22274489776 0.100347253542
3.22096673294 0.10057762459
3.21919036892 0.0979635163492
3.21741580321 0.0978960422171
3.21564303331 0.0980222928226
3.21387205672 0.098657780036
3.21210287096 0.0990842200544
3.21033547354 0.0991448245166
3.20856986198 0.0984407458846
3.2068060338 0.0951597456792
3.20504398654 0.0941971950686
3.20328371773 0.0946402794909
3.20152522491 0.0964709540556
3.19976850562 0.0942785231541
3.1980135574 0.0961852679208
3.19626037781 0.0962780012965
3.19450896441 0.0959986517269
3.19275931475 0.0948506715647
3.1910114264 0.0970710773862
3.18926529692 0.0965029550294
3.18752092389 0.0948087707717
3.1857783049 0.0942106209671
3.18403743751 0.0946969211313
3.18229831932 0.0965642682205
3.18056094791 0.0934571852102
3.17882532089 0.0921624491407
3.17709143585 0.0900945560762
3.17535929039 0.0922681728541
3.17362888212 0.0920251278587
3.17190020866 0.0912403320251
3.17017326762 0.0906601079307
3.16844805661 0.0909681087383
3.16672457328 0.0887154815684
3.16500281523 0.0880895827146
3.16328278012 0.0905640036164
3.16156446557 0.08799800914
3.15984786923 0.087093177295
3.15813298873 0.0876560387933
3.15641982174 0.0891089619907
3.15470836591 0.0878812143439
3.15299861889 0.0877879806514
3.15129057836 0.0868423279983
3.14958424196 0.0889593561582
3.14787960738 0.0868452161029
3.14617667229 0.0841588067328
3.14447543437 0.0884422889929
3.1427758913 0.0869452124142
3.14107804077 0.0853680110701
3.13938188047 0.0830094122096
3.1376874081 0.0868064103723
3.13599462135 0.0879693227249
3.13430351793 0.087588835995
3.13261409555 0.0864944181074
3.13092635192 0.0835307755796
3.12924028476 0.0850745778106
3.12755589178 0.0846885553606
3.1258731707 0.0855071039388
3.12419211927 0.0846017386148
3.1225127352 0.0841566936445
3.12083501624 0.0860678251761
3.11915896012 0.0844093093915
3.11748456459 0.0850292171748
3.11581182739 0.0844942327141
3.11414074628 0.0841687942397
3.11247131902 0.0820509339504
3.11080354336 0.083819078335
3.10913741706 0.0841303287249
3.1074729379 0.0825030966763
3.10581010364 0.0810985622528
3.10414891207 0.0813391310187
3.10248936096 0.0823327226839
3.10083144808 0.0845767662348
3.09917517125 0.0811573775054
3.09752052823 0.0798042800795
3.09586751683 0.0802342874033
3.09421613484 0.0791100520862
3.09256638007 0.0819912928023
3.09091825033 0.0845079375579
3.08927174342 0.083582358027
3.08762685716 0.0827496438975
3.08598358937 0.080965121998
3.08434193786 0.0822390702668
3.08270190047 0.0814259060977
3.08106347502 0.0799858340496
3.07942665935 0.0812190072913
3.07779145129 0.0803316506571
3.07615784868 0.0798850301329
3.07452584938 0.0806308366658
3.07289545122 0.0797154524398
3.07126665206 0.0794464696787
3.06963944975 0.0771527845047
3.06801384216 0.0798755768206
3.06638982714 0.0798162618995
3.06476740257 0.0765920951257
3.06314656631 0.0765529893374
3.06152731624 0.0781543070521
3.05990965024 0.0823779476427
3.05829356618 0.0818789693695
3.05667906196 0.0770309929141
3.05506613546 0.0783796111824
3.05345478457 0.0777900845997
3.0518450072 0.0802590806146
3.05023680124 0.0777279144227
3.0486301646 0.078988834252
3.04702509517 0.0774314215664
3.04542159088 0.0766065076467
3.04381964964 0.0802487728201
3.04221926937 0.0784661951658
3.04062044798 0.079901576408
3.0390231834 0.0778215658029
3.03742747357 0.0761217884843
3.03583331641 0.078897052797
3.03424070986 0.0786028182475
3.03264965186 0.0776622150103
3.03106014035 0.0755868121193
3.02947217328 0.0760054741674
3.02788574861 0.0789355862907
3.02630086427 0.077420635817
3.02471751824 0.0778870995146
3.02313570847 0.0747743499185
3.02155543292 0.0754508030283
3.01997668957 0.0767410137484
3.01839947638 0.0744939316037
3.01682379134 0.0775472805392
3.01524963241 0.0773028378811
3.01367699758 0.0765751540239
3.01210588484 0.0781240984378
3.01053629217 0.0766943472546
3.00896821757 0.0771084292778
3.00740165902 0.0759500314176
3.00583661454 0.0780509052512
3.00427308212 0.0800047439698
3.00271105978 0.0776642089247
3.0011505455 0.0758417711612
2.99959153732 0.0754264166851
2.99803403325 0.0753255776259
2.9964780313 0.0774545498144
2.9949235295 0.0758243076089
2.99337052588 0.0775625883595
2.99181901846 0.0763547572593
2.99026900528 0.0744975698831
2.98872048438 0.0755218729641
2.98717345379 0.0770606024302
2.98562791155 0.0772277344813
2.98408385572 0.076839067594
2.98254128434 0.0759935704992
2.98100019547 0.0788244692951
2.97946058716 0.075483406048
2.97792245747 0.0774011143727
2.97638580447 0.0767136884633
2.97485062622 0.076779042379
2.97331692079 0.0795339068191
2.97178468626 0.0762002699758
2.97025392069 0.0764007402135
2.96872462217 0.076798485972
2.96719678879 0.0755415478638
2.96567041862 0.0762719826692
2.96414550976 0.0782037676385
2.96262206029 0.0761998809438
2.96110006832 0.0756519833166
2.95957953195 0.0750602040474
2.95806044927 0.0751093572384
2.95654281839 0.0761874744282
2.95502663742 0.0754967348964
2.95351190447 0.0759818696616
2.95199861766 0.0762561588853
2.9504867751 0.0788565040275
2.94897637492 0.0778452800841
2.94746741523 0.0766123257949
2.94595989417 0.0780893346458
2.94445380987 0.0797715679782
2.94294916047 0.0780745837368
2.94144594408 0.0777173300411
2.93994415887 0.0784916238843
2.93844380297 0.0774536377104
2.93694487453 0.076594202635
2.9354473717 0.0777440074078
2.93395129263 0.0758955834221
2.93245663547 0.0766485565313
2.93096339839 0.0764748522729
2.92947157954 0.0784124362053
2.9279811771 0.0796528529313
2.92649218923 0.079951523883
2.9250046141 0.0775358771394
2.92351844989 0.0788961397353
2.92203369477 0.0771352625252
2.92055034692 0.0753571606083
2.91906840453 0.0743717343329
2.91758786578 0.0756671516863
2.91610872887 0.0777654303331
2.91463099199 0.0759905485515
2.91315465332 0.0779396931484
2.91167971107 0.078071099166
2.91020616345 0.0767584287079
2.90873400865 0.0771260573425
2.90726324489 0.0782165972745
2.90579387037 0.0762381407215
2.90432588331 0.074114806152
2.90285928192 0.0738688134213
2.90139406443 0.0763038233398
2.89993022906 0.0765900254702
2.89846777403 0.0763762334423
2.89700669757 0.0763050238252
2.89554699791 0.0771834269132
2.89408867329 0.0789875125499
2.89263172194 0.0757077370995
2.89117614211 0.0741747880658
2.88972193203 0.0743738200807
2.88826908996 0.075126710348
2.88681761414 0.0767066885606
2.88536750283 0.0759585486205
2.88391875428 0.0746748579674
2.88247136674 0.0768455649793
2.88102533848 0.0776551774079
2.87958066777 0.0772534267074
2.87813735286 0.0760936759215
2.87669539203 0.0753917865061
2.87525478354 0.0752079311312
2.87381552569 0.0759207848478
2.87237761673 0.0768246730791
2.87094105496 0.0765365027374
2.86950583865 0.0747171850734
2.8680719661 0.0732255920052
2.86663943559 0.0755047270907
2.86520824541 0.0757684338012
2.86377839387 0.0747937558988
2.86234987925 0.0738514519828
2.86092269986 0.0714557761356
2.85949685399 0.0730163195452
2.85807233997 0.0742794059393
2.85664915609 0.0762452597869
2.85522730067 0.0755663210902
2.85380677202 0.0736591677542
2.85238756846 0.0729385593152
2.85096968831 0.0736110669805
2.8495531299 0.0732915180295
2.84813789154 0.0726592449929
2.84672397156 0.0707280676229
2.84531136831 0.0717900273873
2.8439000801 0.0722470739428
2.84249010529 0.0689958810435
2.8410814422 0.0673426990909
2.83967408918 0.069748498123
2.83826804457 0.0693966680118
2.83686330672 0.0684842758268
2.83545987399 0.0687990097893
2.83405774472 0.0668650591055
2.83265691727 0.0682206579607
2.83125739 0.0664017726237
2.82985916126 0.0672384847883
2.82846222944 0.0692796324691
2.82706659287 0.0666033509006
2.82567224995 0.0678887740707
2.82427919904 0.0667339852721
2.82288743851 0.0661064026278
2.82149696675 0.065155512958
2.82010778212 0.0629942447637
2.81871988302 0.0642830295757
2.81733326782 0.0650469829851
2.81594793492 0.0632897443472
2.81456388271 0.0631492906442
2.81318110958 0.0635205826693
2.81179961392 0.0633318190699
2.81041939413 0.0620343797341
2.80904044861 0.0610137677829
2.80766277578 0.0623003795402
2.80628637402 0.0618704892324
2.80491124175 0.0607280895291
2.80353737739 0.0619430053692
2.80216477934 0.0609222863863
2.80079344602 0.0595594476188
2.79942337586 0.0580911442455
2.79805456726 0.0574975101928
2.79668701866 0.0591154254422
2.79532072848 0.0580013515445
2.79395569516 0.0571946283867
2.79259191711 0.057764901848
2.79122939278 0.0572542410136
2.78986812061 0.0568312255353
2.78850809903 0.056281842709
2.78714932648 0.0559431498032
2.78579180142 0.0564451517899
2.78443552227 0.0560194456976
2.78308048751 0.0551005267684
2.78172669557 0.0564987091713
2.78037414491 0.0564223575839
2.77902283398 0.0562977365069
2.77767276126 0.0568148220922
2.77632392519 0.0561130533703
2.77497632425 0.0553110502415
2.77362995689 0.0549431603315
2.7722848216 0.0546771017692
2.77094091683 0.0557887146
2.76959824107 0.0548551430332
2.76825679279 0.0540534478786
2.76691657048 0.05435636831
2.7655775726 0.0543411332758
2.76423979765 0.0532496951648
2.76290324411 0.0532185135746
2.76156791047 0.0532790407475
2.76023379523 0.053544500509
2.75890089687 0.0525949887956
2.75756921389 0.0515031378116
2.7562387448 0.0506691591354
2.75490948808 0.0501023968733
2.75358144225 0.0498876869874
2.75225460581 0.0503858979054
2.75092897727 0.050242387155
2.74960455514 0.0507269877019
2.74828133793 0.0501123337991
2.74695932415 0.0501818877037
2.74563851234 0.0506025106251
2.74431890099 0.0490021087082
2.74300048865 0.0482250860079
2.74168327383 0.0480800297211
2.74036725505 0.0489090266678
2.73905243086 0.0490284068191
2.73773879977 0.0489811457435
2.73642636033 0.0487566719565
2.73511511108 0.0495087778999
2.73380505054 0.0490484226621
2.73249617726 0.0481083314306
2.73118848979 0.0485052905845
2.72988198667 0.0497371786
2.72857666645 0.0503896325876
2.72727252767 0.0490709838108
2.7259695689 0.0493573260891
2.72466778869 0.0499109540131
2.72336718559 0.0491089235659
2.72206775816 0.0485005173549
2.72076950498 0.0477056703582
2.71947242459 0.0484290646405
2.71817651557 0.0476027761467
2.71688177648 0.048293618066
2.7155882059 0.0484427787504
2.7142958024 0.0486974892806
2.71300456456 0.0483569401497
2.71171449095 0.0481288886117
2.71042558015 0.0492164016496
2.70913783075 0.0506961221633
2.70785124133 0.0517419616067
2.70656581048 0.0524491375106
2.70528153679 0.0545199569099
2.70399841884 0.0565183254117
2.70271645524 0.0592169315095
2.70143564457 0.0617590385532
2.70015598544 0.06589020867
2.69887747644 0.0675277140274
2.69760011618 0.0707150934514
2.69632390327 0.0744349139482
2.6950488363 0.0781066848093
2.69377491389 0.080241239616
2.69250213465 0.0830194189723
2.6912304972 0.0856418663378
2.68996000014 0.0884910009872
2.6886906421 0.0904387517777
2.6874224217 0.0932493637742
2.68615533756 0.0948571953148
2.6848893883 0.0971363431253
2.68362457255 0.0997047527254
2.68236088893 0.10157056083
2.68109833609 0.103417740828
2.67983691265 0.106329464137
2.67857661725 0.10799593834
2.67731744852 0.108868873795
2.6760594051 0.109439688766
2.67480248564 0.112188453829
2.67354668878 0.11328484227
2.67229201316 0.112797842014
2.67103845744 0.113944651474
2.66978602026 0.114428370289
2.66853470027 0.116551598489
2.66728449613 0.116700375668
2.6660354065 0.116081994844
2.66478743003 0.117407034365
2.66354056539 0.118095147407
2.66229481123 0.118403340972
2.66105016623 0.11850125575
2.65980662904 0.117954002835
2.65856419835 0.119964051563
2.65732287281 0.120408662769
2.6560826511 0.120448939414
2.6548435319 0.121949808765
2.65360551389 0.123805522569
2.65236859573 0.123886780614
2.65113277613 0.125162377598
2.64989805375 0.126625143816
2.64866442728 0.128266014541
2.64743189542 0.128860599121
2.64620045684 0.130028665114
2.64497011025 0.130956246417
2.64374085434 0.131143280737
2.64251268779 0.131593455806
2.64128560932 0.133380295839
2.64005961761 0.132626539281
2.63883471138 0.133306808463
2.63761088932 0.13544520191
2.63638815014 0.136443823965
2.63516649255 0.135259460165
2.63394591525 0.136046858023
2.63272641697 0.137602453559
2.63150799641 0.137460948749
2.63029065229 0.136333259082
2.62907438332 0.136461449377
2.62785918823 0.137003101702
2.62664506574 0.13772366081
2.62543201458 0.137551423033
2.62422003345 0.137377715466
2.62300912111 0.13688150596
2.62179927627 0.136845891452
2.62059049767 0.138221607598
2.61938278403 0.138819984662
2.61817613411 0.137597750738
2.61697054662 0.137584553364
2.61576602032 0.137457642358
2.61456255394 0.137635005685
2.61336014623 0.137637267625
2.61215879593 0.138126346097
2.61095850179 0.138354808707
2.60975926256 0.137979159984
2.60856107699 0.137703456063
2.60736394383 0.137378897266
2.60616786184 0.137953086595
2.60497282977 0.138468209265
2.60377884639 0.139476935363
2.60258591045 0.138025580854
2.60139402072 0.138559599416
2.60020317595 0.1379110801
2.59901337492 0.137475818898
2.5978246164 0.13709852064
2.59663689915 0.136090660147
2.59545022195 0.136840137992
2.59426458358 0.136524142391
2.59307998279 0.135230213628
2.59189641838 0.135191148494
2.59071388913 0.135596898183
2.58953239381 0.135418123576
2.58835193121 0.135044428382
2.58717250011 0.134073879644
2.58599409931 0.133880130494
2.58481672758 0.133982654328
2.58364038372 0.134308656323
2.58246506652 0.133824878514
2.58129077478 0.134002503943
2.5801175073 0.132464505543
2.57894526286 0.132589433151
2.57777404028 0.133299941871
2.57660383835 0.132806029913
2.57543465587 0.131596104032
2.57426649166 0.130864898761
2.57309934451 0.130704899107
2.57193321325 0.131035542911
2.57076809667 0.129763106624
2.56960399359 0.128698315441
2.56844090283 0.127934187966
2.5672788232 0.128003688416
2.56611775352 0.127970015885
2.56495769261 0.127684151396
2.56379863929 0.128816070397
2.56264059238 0.128192866916
2.56148355072 0.127127480661
2.56032751312 0.12810574968
2.55917247842 0.128721226234
2.55801844544 0.129061072719
2.55686541302 0.127786953076
2.55571338 0.127468444335
2.5545623452 0.128867234424
2.55341230747 0.128911346876
2.55226326565 0.128395540361
2.55111521857 0.128688279206
2.54996816508 0.128626677267
2.54882210403 0.129187020745
2.54767703426 0.129088047052
2.54653295461 0.129072409375
2.54538986395 0.128230738743
2.54424776111 0.128324026302
2.54310664496 0.128568465229
2.54196651435 0.128785313203
2.54082736813 0.12866334364
2.53968920517 0.127849781834
2.53855202433 0.128435451637
2.53741582446 0.129289090694
2.53628060443 0.128110817607
2.5351463631 0.127469626991
2.53401309935 0.127557911325
2.53288081204 0.127504751573
2.53174950004 0.126729334397
2.53061916223 0.126362447288
2.52948979747 0.12593542592
2.52836140465 0.125769052974
2.52723398264 0.125230751364
2.52610753033 0.124314344158
2.52498204658 0.123503933008
2.52385753029 0.123128952227
2.52273398033 0.12256836751
2.5216113956 0.121179831848
2.52048977498 0.120076282516
2.51936911735 0.11999991593
2.51824942162 0.119740187593
2.51713068667 0.119661017525
2.5160129114 0.119019703478
2.51489609471 0.119313100691
2.51378023548 0.119189169342
2.51266533262 0.118975636399
2.51155138503 0.118392223027
2.51043839162 0.11931607769
2.50932635128 0.119888488087
2.50821526292 0.12089742498
2.50710512545 0.120392980287
2.50599593778 0.120640934386
2.50488769882 0.121799613596
2.50378040748 0.123166064602
2.50267406267 0.123308073714
2.50156866332 0.124137641054
2.50046420833 0.125999489072
2.49936069662 0.126055994509
2.49825812713 0.127054317646
2.49715649876 0.127236184602
2.49605581044 0.128163852966
2.49495606109 0.128978397564
2.49385724965 0.129209783575
2.49275937505 0.12923964142
2.4916624362 0.129335953637
2.49056643204 0.129906805133
2.48947136151 0.129784252965
2.48837722354 0.130490114121
2.48728401707 0.130289918953
2.48619174103 0.131025177393
2.48510039436 0.131845414436
2.48400997601 0.132593961409
2.48292048491 0.132495007081
2.48183192002 0.132942312016
2.48074428027 0.134394752462
2.47965756462 0.136188596443
2.478571772 0.136659683795
2.47748690139 0.137661860193
2.47640295171 0.138980171358
2.47531992194 0.139819957673
2.47423781101 0.139685494002
2.4731566179 0.141137520052
2.47207634155 0.142677822177
2.47099698094 0.143041152052
2.46991853501 0.143843568584
2.46884100273 0.144823279783
2.46776438306 0.145520584196
2.46668867498 0.146230947885
2.46561387745 0.146468622034
2.46453998943 0.147388497955
2.4634670099 0.147977003339
2.46239493783 0.147866116301
2.4613237722 0.147516535607
2.46025351197 0.148160170408
2.45918415612 0.148113162978
2.45811570364 0.147153783236
2.4570481535 0.14741664338
2.45598150468 0.147024583341
2.45491575616 0.146546666155
2.45385090693 0.145887544451
2.45278695598 0.146098130853
2.45172390229 0.144336703955
2.45066174484 0.143848434988
2.44960048264 0.143707416122
2.44854011467 0.143274954157
2.44748063991 0.142193114294
2.44642205738 0.141162643167
2.44536436606 0.14102454316
2.44430756495 0.141340197415
2.44325165305 0.140755782867
2.44219662935 0.140235467078
2.44114249287 0.140314797599
2.44008924261 0.140782042556
2.43903687756 0.140672226027
2.43798539673 0.141470776171
2.43693479914 0.141345507334
2.43588508379 0.141951115354
2.43483624969 0.142277032438
2.43378829585 0.143271268418
2.43274122129 0.144287175456
2.43169502502 0.144117339638
2.43064970606 0.144478943466
2.42960526343 0.146053670428
2.42856169613 0.146667646664
2.42751900321 0.146447521405
2.42647718366 0.146383671925
2.42543623653 0.147058387929
2.42439616083 0.147361479192
2.4233569556 0.146693920516
2.42231861985 0.146384739489
2.42128115262 0.146840166268
2.42024455293 0.146925153352
2.41920881983 0.146363181469
2.41817395233 0.147000671808
2.41713994949 0.14736365312
2.41610681033 0.14735552876
2.41507453388 0.147353956973
2.4140431192 0.147887758331
2.41301256532 0.147754790282
2.41198287128 0.147364573506
2.41095403612 0.147860982243
2.40992605889 0.148627264996
2.40889893864 0.148283017333
2.40787267441 0.148693169197
2.40684726525 0.149613495283
2.40582271021 0.150038146629
2.40479900834 0.149978756422
2.40377615869 0.149215387253
2.40275416032 0.150274358866
2.40173301229 0.150694855886
2.40071271365 0.150550483629
2.39969326345 0.150900021351
2.39867466077 0.151534897072
2.39765690465 0.152082851396
2.39663999416 0.152759454796
2.39562392837 0.152483987685
2.39460870634 0.153161118015
2.39359432713 0.152937169939
2.39258078982 0.153558207086
2.39156809347 0.154777371639
2.39055623716 0.155547480316
2.38954521995 0.155406388142
2.38853504091 0.15593538908
2.38752569913 0.156128103771
2.38651719368 0.156471029015
2.38550952363 0.156296864243
2.38450268806 0.15742384605
2.38349668606 0.157228028537
2.3824915167 0.156875888843
2.38148717907 0.157158274625
2.38048367224 0.15758171634
2.37948099531 0.157692858903
2.37847914737 0.157681891697
2.37747812749 0.158051086199
2.37647793476 0.158823270452
2.37547856829 0.159049485919
2.37448002715 0.159384100149
2.37348231045 0.160133090456
2.37248541727 0.161087472813
2.37148934671 0.161584050642
2.37049409787 0.161712832096
2.36949966985 0.162723857937
2.36850606174 0.163879710042
2.36751327265 0.16473058533
2.36652130168 0.165681293761
2.36553014792 0.166772719355
2.3645398105 0.167470841136
2.3635502885 0.167120464393
2.36256158104 0.167331838364
2.36157368723 0.167631453656
2.36058660617 0.16804792173
2.35960033698 0.167670290946
2.35861487877 0.166839162767
2.35763023065 0.166220228033
2.35664639173 0.165758330496
2.35566336114 0.164416833044
2.35468113799 0.163268827992
2.3536997214 0.161855913192
2.35271911048 0.160217689971
2.35173930437 0.158909015079
2.35076030217 0.156441348566
2.34978210302 0.154261504081
2.34880470603 0.152128737646
2.34782811035 0.150220784613
2.34685231508 0.148228951629
2.34587731936 0.144704454607
2.34490312232 0.142962813781
2.3439297231 0.141997583748
2.34295712081 0.140187101344
2.34198531461 0.138221587525
2.34101430361 0.136918182145
2.34004408696 0.136160718331
2.33907466379 0.134905359578
2.33810603325 0.133282981837
2.33713819446 0.13288050611
2.33617114658 0.133673803056
2.33520488874 0.132813540012
2.33423942009 0.131881710665
2.33327473977 0.132094579046
2.33231084692 0.13288805323
2.3313477407 0.132208831647
2.33038542025 0.132133475611
2.32942388472 0.132269866086
2.32846313327 0.13385117549
2.32750316503 0.133497875893
2.32654397917 0.133716688627
2.32558557484 0.134313392289
2.32462795119 0.134822860262
2.32367110738 0.135274558462
2.32271504257 0.135749161656
2.32175975592 0.136329238002
2.32080524659 0.137736498039
2.31985151373 0.138455808746
2.31889855651 0.139837213888
2.3179463741 0.140918608445
2.31699496566 0.141988654333
2.31604433034 0.142175829634
2.31509446733 0.143454161652
2.31414537579 0.144580198916
2.31319705489 0.145900463893
2.3122495038 0.146809556545
2.31130272169 0.146960844746
2.31035670773 0.14877258597
2.30941146109 0.150030448917
2.30846698097 0.152052398476
2.30752326652 0.152283342911
2.30658031692 0.152936941512
2.30563813136 0.154104115127
2.30469670902 0.155915098054
2.30375604907 0.155931410058
2.3028161507 0.157580375235
2.30187701309 0.158524709494
2.30093863543 0.159016791507
2.30000101689 0.159882981393
2.29906415668 0.16087556684
2.29812805397 0.162253449705
2.29719270795 0.162305895631
2.29625811782 0.16323544521
2.29532428276 0.163825437822
2.29439120197 0.165617271158
2.29345887465 0.165362875043
2.29252729997 0.166113572235
2.29159647715 0.166526533976
2.29066640538 0.167488519731
2.28973708386 0.16791313156
2.28880851178 0.16855052181
2.28788068834 0.169587371412
2.28695361275 0.170233784174
2.28602728421 0.169518232589
2.28510170193 0.169435192681
2.2841768651 0.170148978968
2.28325277293 0.170073845954
2.28232942464 0.170462894938
2.28140681942 0.170418680954
2.28048495649 0.170636297141
2.27956383505 0.170218032644
2.27864345433 0.170130628669
2.27772381352 0.170012065297
2.27680491185 0.170390911619
2.27588674853 0.171176050845
2.27496932277 0.171015700448
2.2740526338 0.172020449754
2.27313668082 0.173159786146
2.27222146306 0.174309629858
2.27130697974 0.175048525832
2.27039323007 0.175897013643
2.26948021329 0.177849763017
2.26856792861 0.179697180291
2.26765637526 0.181602362096
2.26674555246 0.183439294664
2.26583545945 0.185766969191
2.26492609544 0.186847146811
2.26401745967 0.189045758367
2.26310955136 0.18994261402
2.26220236975 0.191569640407
2.26129591407 0.192766374766
2.26039018355 0.193588852809
2.25948517742 0.195198663033
2.25858089493 0.195755823008
2.2576773353 0.196404545705
2.25677449778 0.196520729811
2.25587238159 0.196719313647
2.25497098599 0.197785504816
2.25407031021 0.197819049593
2.25317035348 0.198003110148
2.25227111507 0.197843175839
2.2513725942 0.198398750184
2.25047479012 0.198744433639
2.24957770208 0.198673600523
2.24868132933 0.199576835319
2.2477856711 0.199419784504
2.24689072666 0.200307723127
2.24599649525 0.200825334658
2.24510297611 0.201533553342
2.24421016851 0.202419369739
2.24331807169 0.203330139527
2.24242668491 0.204263981166
2.24153600743 0.205185076501
2.24064603849 0.206843005734
2.23975677736 0.208006116041
2.23886822329 0.208786311236
2.23798037555 0.21025520143
2.23709323338 0.211983064851
2.23620679606 0.213125252512
2.23532106285 0.214908838548
2.234436033 0.216208390833
2.23355170578 0.218575187
2.23266808046 0.220110446221
2.23178515631 0.220825054487
2.23090293258 0.222183843938
2.23002140855 0.22329940988
2.22914058348 0.224221410661
2.22826045665 0.225095034259
2.22738102733 0.226377775386
2.22650229479 0.227367216359
2.2256242583 0.227975947349
2.22474691713 0.227749185945
2.22387027057 0.229076152764
2.22299431788 0.230217193737
2.22211905834 0.230303372211
2.22124449124 0.230595131594
2.22037061584 0.231831798532
2.21949743144 0.232399609975
2.2186249373 0.232627357783
2.21775313272 0.232696174789
2.21688201697 0.233534514352
2.21601158935 0.234524348711
2.21514184912 0.234839526885
2.21427279559 0.2341499889
2.21340442803 0.2357402903
2.21253674573 0.236414467033
2.21166974799 0.236013297765
2.21080343408 0.235926540112
2.20993780331 0.236912684239
2.20907285497 0.237369040426
2.20820858834 0.237194962495
2.20734500272 0.237075550272
2.2064820974 0.238006524474
2.20561987168 0.2386244529
2.20475832486 0.238529234141
2.20389745623 0.238887171458
2.20303726509 0.239284953041
2.20217775074 0.239268453076
2.20131891248 0.239023717527
2.20046074962 0.239310786596
2.19960326144 0.239646965991
2.19874644727 0.239473054004
2.19789030639 0.239705504103
2.19703483812 0.238925825235
2.19618004176 0.23975254535
2.19532591661 0.239647372025
2.19447246199 0.239456470235
2.19361967721 0.239558725382
2.19276756157 0.24015063816
2.19191611438 0.240797492658
2.19106533495 0.241024758604
2.19021522261 0.240404497629
2.18936577665 0.240492958353
2.1885169964 0.240947114409
2.18766888117 0.241376014686
2.18682143027 0.240911581149
2.18597464303 0.241041953879
2.18512851875 0.24130424835
2.18428305677 0.241154686953
2.18343825639 0.240661328456
2.18259411695 0.240461184766
2.18175063775 0.241308991293
2.18090781813 0.240540295947
2.18006565741 0.24093833354
2.1792241549 0.240807036952
2.17838330995 0.24187605208
2.17754312186 0.241475125134
2.17670358998 0.241055044862
2.17586471362 0.24152024657
2.17502649212 0.241606622898
2.1741889248 0.241290658425
2.173352011 0.24072547691
2.17251575005 0.24080705353
2.17168014127 0.240922985587
2.17084518401 0.241096985539
2.1700108776 0.240745036172
2.16917722137 0.241306201532
2.16834421466 0.241130467704
2.1675118568 0.240917967996
2.16668014714 0.240386694255
2.16584908501 0.240643631999
2.16501866975 0.240414173898
2.1641889007 0.240273931601
2.16335977721 0.23939283327
2.1625312986 0.239671432759
2.16170346424 0.239663900985
2.16087627346 0.23928467864
2.16004972561 0.238560053918
2.15922382002 0.239097190346
2.15839855606 0.239081260982
2.15757393306 0.237870409957
2.15674995038 0.237683736169
2.15592660736 0.237559180456
2.15510390335 0.237021806142
2.15428183771 0.236486875271
2.15346040979 0.236502812488
2.15263961893 0.235689104281
2.15181946449 0.234825314105
2.15099994584 0.233694481044
2.15018106231 0.233600036852
2.14936281327 0.233118383605
2.14854519808 0.232503009589
2.14772821609 0.233024738069
2.14691186666 0.232137443559
2.14609614915 0.231817321907
2.14528106292 0.231879383395
2.14446660733 0.23078841688
2.14365278175 0.22984654156
2.14283958553 0.229207326291
2.14202701805 0.22949467516
2.14121507866 0.228592439003
2.14040376673 0.226293660346
2.13959308162 0.226067170892
2.13878302271 0.225940179851
2.13797358937 0.224605187468
2.13716478095 0.223250366332
2.13635659683 0.222661987718
2.13554903639 0.221680415125
2.13474209898 0.223560108309
2.13393578399 0.223109350115
2.13313009078 0.22131487375
2.13232501874 0.221005367144
2.13152056723 0.220398179702
2.13071673563 0.220255992495
2.12991352332 0.219812748528
2.12911092967 0.224792706638
2.12830895407 0.228055975244
2.12750759588 0.228142569011
2.12670685449 0.228176644362
2.12590672929 0.225920226056
2.12510721964 0.228370344956
2.12430832494 0.228582149883
2.12351004456 0.226894354964
2.1227123779 0.230632099514
2.12191532432 0.231807920168
2.12111888323 0.231438045726
2.120323054 0.233886492843
2.11952783603 0.23933523846
2.11873322869 0.241044014003
2.11793923138 0.24113019824
2.11714584349 0.235486972254
2.11635306441 0.232376904308
2.11556089353 0.229313386352
2.11476933023 0.225666476845
2.11397837392 0.227038873778
2.11318802398 0.231930695343
2.11239827982 0.237176159684
2.11160914082 0.237522579739
2.11082060638 0.237964452138
2.11003267589 0.234694861416
2.10924534876 0.233462694161
2.10845862438 0.233844184184
2.10767250216 0.235945594269
2.10688698148 0.237493742577
2.10610206175 0.235946440302
2.10531774238 0.238980130798
2.10453402276 0.242489783746
2.1037509023 0.243088848836
2.10296838039 0.242051508582
2.10218645646 0.242366094907
2.10140512989 0.2420467971
2.1006244001 0.241522956653
2.09984426648 0.240051714463
2.09906472846 0.239847851689
2.09828578544 0.24015216454
2.09750743682 0.239743045866
2.09672968202 0.238842889768
2.09595252045 0.236566945458
2.09517595151 0.235800851505
2.09439997463 0.236132306844
2.09362458921 0.239227611288
2.09284979466 0.240301308563
2.09207559041 0.241039581622
2.09130197586 0.242147228206
2.09052895043 0.244467045138
2.08975651355 0.245571662799
2.08898466462 0.244764879582
2.08821340306 0.243609019591
2.08744272829 0.243896334401
2.08667263974 0.244613073591
2.08590313682 0.245177706963
2.08513421896 0.244642561832
2.08436588557 0.243849713139
2.08359813608 0.243907931294
2.08283096992 0.24392325497
2.0820643865 0.244974304292
2.08129838525 0.245732463576
2.0805329656 0.244294951464
2.07976812697 0.244425093852
2.07900386879 0.244060425477
2.07824019049 0.24366901985
2.0774770915 0.240045687816
2.07671457124 0.238928120611
2.07595262916 0.240513918542
2.07519126466 0.245916637257
2.0744304772 0.248526875502
2.0736702662 0.248670414666
2.0729106311 0.245099347245
2.07215157132 0.24285323557
2.0713930863 0.242472286811
2.07063517549 0.244324613851
2.06987783831 0.245853453191
2.06912107419 0.247107629091
2.06836488259 0.246437837047
2.06760926294 0.246602974681
2.06685421466 0.245139172984
2.06609973722 0.247408621223
2.06534583004 0.247802407598
2.06459249256 0.249077440584
2.06383972424 0.247504133599
2.0630875245 0.24671922466
2.0623358928 0.245698774331
2.06158482858 0.245250707292
2.06083433128 0.246649821255
2.06008440035 0.247430089171
2.05933503523 0.246718437879
2.05858623537 0.245099560962
2.05783800023 0.244842735495
2.05709032924 0.24508632493
2.05634322185 0.246122151612
2.05559667752 0.244948085129
2.0548506957 0.244893610358
2.05410527583 0.243882542572
2.05336041737 0.242788475043
2.05261611977 0.242645079382
2.05187238249 0.242705228653
2.05112920498 0.242986997212
2.05038658668 0.241660907858
2.04964452707 0.240763883443
2.04890302559 0.239801091582
2.0481620817 0.240189488646
2.04742169486 0.239355240691
2.04668186453 0.239520203659
2.04594259016 0.239500898727
2.04520387121 0.239909372889
2.04446570715 0.238819000425
2.04372809744 0.237922902021
2.04299104153 0.239088336934
2.0422545389 0.239078792248
2.04151858899 0.2379342766
2.04078319128 0.236474664656
2.04004834523 0.236084606762
2.03931405031 0.235343160827
2.03858030597 0.23547121765
2.0378471117 0.234975121197
2.03711446695 0.233848627011
2.03638237119 0.233723975247
2.03565082389 0.233440626927
2.03491982452 0.233150757611
2.03418937255 0.232532096385
2.03345946745 0.233817556209
2.03273010869 0.234669193419
2.03200129574 0.233987356827
2.03127302808 0.233643657218
2.03054530518 0.233286206048
2.0298181265 0.233316342917
2.02909149154 0.232604829976
2.02836539975 0.231994587515
2.02763985063 0.233168521967
2.02691484363 0.233964727985
2.02619037825 0.233052670619
2.02546645396 0.231130844076
2.02474307023 0.230713298152
2.02402022655 0.231860346094
2.0232979224 0.231259943188
2.02257615725 0.23108465419
2.02185493059 0.231140910074
2.0211342419 0.23105436726
2.02041409066 0.230486994287
2.01969447636 0.23024037488
2.01897539848 0.231429356261
2.0182568565 0.23181808711
2.01753884991 0.230544840983
2.01682137819 0.228280738125
2.01610444083 0.229228708344
2.01538803732 0.229252903533
2.01467216714 0.229745802038
2.01395682979 0.229660077216
2.01324202475 0.229944485056
2.01252775151 0.230100318807
2.01181400957 0.22977083955
2.0111007984 0.228818507793
2.01038811752 0.229046555757
2.00967596639 0.229323675064
2.00896434453 0.229074863494
2.00825325142 0.228514546632
2.00754268656 0.22775679432
2.00683264944 0.228317354942
2.00612313956 0.227385207679
2.00541415641 0.227070925947
2.00470569949 0.226958147301
2.0039977683 0.227491891406
2.00329036233 0.227332652913
2.00258348109 0.227115396948
2.00187712407 0.227128812775
2.00117129078 0.227773376469
2.0004659807 0.225791196504
1.99976119336 0.225705931156
1.99905692823 0.225647599216
1.99835318484 0.225609070536
1.99764996268 0.225607386244
1.99694726125 0.225089901406
1.99624508006 0.224415715193
1.99554341862 0.223954821222
1.99484227642 0.224294465893
1.99414165298 0.222963531879
1.99344154781 0.223731667539
1.9927419604 0.225078193636
1.99204289027 0.223842465372
1.99134433693 0.222535000786
1.99064629988 0.223005320441
1.98994877864 0.224201047742
1.98925177271 0.22460715956
1.98855528161 0.223432398273
1.98785930485 0.22324244918
1.98716384194 0.222365858579
1.98646889239 0.221748187357
1.98577445572 0.221991983139
1.98508053144 0.221642971149
1.98438711907 0.221396930601
1.98369421812 0.221512375092
1.9830018281 0.2214833833
1.98230994854 0.221977640809
1.98161857895 0.22154022691
1.98092771885 0.221171115754
1.98023736775 0.22291190545
1.97954752518 0.22228128518
1.97885819066 0.222548869794
1.9781693637 0.222429654633
1.97748104382 0.222991618093
1.97679323056 0.222475461483
1.97610592342 0.222652114946
1.97541912194 0.221433634413
1.97473282563 0.221298327907
1.97404703401 0.222151106142
1.97336174663 0.223072953728
1.97267696299 0.221819279674
1.97199268262 0.222793392927
1.97130890505 0.221386270732
1.97062562981 0.221078979404
1.96994285642 0.221941130805
1.96926058442 0.221232587665
1.96857881332 0.221387675709
1.96789754266 0.221123150523
1.96721677198 0.221095366899
1.96653650079 0.220515066935
1.96585672863 0.220885590721
1.96517745503 0.221338027988
1.96449867952 0.22007461411
1.96382040164 0.221723348832
1.96314262092 0.222640804963
1.96246533689 0.222953165137
1.96178854908 0.222221177918
1.96111225704 0.222694970726
1.96043646029 0.222250674088
1.95976115838 0.221738444988
1.95908635084 0.222366204419
1.9584120372 0.222650667695
1.95773821701 0.222338594057
1.9570648898 0.221645529115
1.95639205511 0.221522657827
1.95571971248 0.223114876102
1.95504786146 0.223867685785
1.95437650158 0.222553027125
1.95370563237 0.221482350912
1.9530352534 0.223632940209
1.95236536419 0.223805134831
1.95169596429 0.222924701757
1.95102705324 0.221200826469
1.95035863059 0.221749890174
1.94969069588 0.222781626537
1.94902324866 0.222809237644
1.94835628847 0.223455803791
1.94768981486 0.223512568422
1.94702382738 0.223020030701
1.94635832557 0.223392441405
1.94569330898 0.222864199526
1.94502877716 0.225304149993
1.94436472966 0.223959066835
1.94370116602 0.222358806027
1.94303808581 0.222113311896
1.94237548856 0.224587197143
1.94171337384 0.22446168804
1.94105174118 0.223535949459
1.94039059015 0.223741763053
1.9397299203 0.224430437935
1.93906973118 0.224247901519
1.93841002234 0.223222085893
1.93775079334 0.223085840017
1.93709204374 0.224159399275
1.93643377309 0.223322197831
1.93577598094 0.223383873083
1.93511866686 0.223894904537
1.9344618304 0.224575931955
1.93380547111 0.224427001611
1.93314958856 0.223359347127
1.93249418231 0.223888744239
1.93183925192 0.224160115943
1.93118479693 0.223413220507
1.93053081693 0.222974143752
1.92987731146 0.223108699164
1.92922428009 0.224570797048
1.92857172238 0.223760254691
1.92791963789 0.223195332674
1.92726802619 0.222531468814
1.92661688684 0.22145918745
1.92596621941 0.220428203426
1.92531602345 0.219760616731
1.92466629854 0.22151572403
1.92401704424 0.222625619373
1.92336826012 0.221930702774
1.92271994574 0.222047339729
1.92207210068 0.222374999856
1.92142472449 0.223886870555
1.92077781675 0.223292742278
1.92013137703 0.222195677608
1.9194854049 0.224188428894
1.91883989992 0.224575017632
1.91819486167 0.223740457454
1.91755028972 0.223301546863
1.91690618364 0.223941279575
1.91626254301 0.224071909423
1.91561936739 0.22225017147
1.91497665635 0.221723486588
1.91433440949 0.221166114477
1.91369262635 0.221975127646
1.91305130654 0.221717058079
1.9124104496 0.221703207498
1.91177005514 0.222050266133
1.91113012271 0.222696139432
1.91049065189 0.22360457203
1.90985164228 0.224386592566
1.90921309343 0.224430554892
1.90857500493 0.22546080364
1.90793737637 0.225200318435
1.90730020731 0.225538787786
1.90666349734 0.227256425696
1.90602724604 0.227222002022
1.90539145299 0.228329207927
1.90475611777 0.228851836059
1.90412123997 0.230092396974
1.90348681916 0.229870231033
1.90285285493 0.230003893237
1.90221934687 0.230989630468
1.90158629455 0.23212994101
1.90095369756 0.2325411242
1.90032155549 0.234239203583
1.89968986792 0.234670788364
1.89905863444 0.236860447643
1.89842785464 0.236512067726
1.89779752809 0.23760817969
1.8971676544 0.239290244957
1.89653823315 0.240081819321
1.89590926392 0.240965431828
1.8952807463 0.241450524979
1.89465267989 0.243264986147
1.89402506428 0.244306446171
1.89339789905 0.244028798364
1.89277118379 0.244721844487
1.89214491811 0.247328491733
1.89151910158 0.248251284319
1.89089373381 0.247959497908
1.89026881438 0.249703673666
1.88964434289 0.250685125053
1.88902031894 0.252460545197
1.88839674211 0.253247747557
1.887773612 0.25382589903
1.88715092821 0.255978199206
1.88652869034 0.255982352939
1.88590689798 0.255936495771
1.88528555072 0.255763212385
1.88466464817 0.256765944111
1.88404418992 0.258417211216
1.88342417558 0.258989588983
1.88280460473 0.259661806024
1.88218547698 0.259876810554
1.88156679193 0.259595196819
1.88094854918 0.260036321661
1.88033074833 0.261031298697
1.87971338899 0.262459809417
1.87909647074 0.262582782204
1.8784799932 0.264558857823
1.87786395597 0.265274842864
1.87724835865 0.2664860945
1.87663320085 0.266302629354
1.87601848217 0.267077330644
1.87540420221 0.268534707738
1.87479036057 0.269229600695
1.87417695688 0.268960146965
1.87356399072 0.268614798112
1.87295146171 0.269518971117
1.87233936946 0.271588130204
1.87172771356 0.270845836295
1.87111649364 0.26994317681
1.8705057093 0.271053639478
1.86989536014 0.272076756446
1.86928544577 0.273058632757
1.86867596582 0.271678316334
1.86806691988 0.275100650389
1.86745830756 0.275045430887
1.86685012849 0.272927694567
1.86624238226 0.274232440707
1.8656350685 0.277150463739
1.86502818681 0.276932925963
1.86442173681 0.275632074541
1.86381571811 0.276394263117
1.86321013033 0.278189855475
1.86260497308 0.279150746997
1.86200024597 0.277730642861
1.86139594862 0.276972152766
1.86079208064 0.278136667403
1.86018864166 0.278025635655
1.85958563129 0.277206823314
1.85898304914 0.276970145241
1.85838089484 0.277717417434
1.857779168 0.279923035099
1.85717786824 0.278224802134
1.85657699518 0.280052819339
1.85597654843 0.280762389414
1.85537652763 0.279784980466
1.85477693239 0.28063211468
1.85417776232 0.281336713219
1.85357901706 0.281511125897
1.85298069622 0.280148194553
1.85238279943 0.279353160246
1.8517853263 0.280042228003
1.85118827647 0.281705568446
1.85059164955 0.280612610776
1.84999544517 0.280117609027
1.84939966295 0.282393841774
1.84880430252 0.282362586611
1.8482093635 0.281936181632
1.84761484552 0.281275322784
1.84702074821 0.281002326169
1.84642707119 0.282642074761
1.84583381409 0.282628432145
1.84524097653 0.281909968198
1.84464855815 0.28152206819
1.84405655857 0.283677107742
1.84346497743 0.285036644134
1.84287381434 0.284517705074
1.84228306895 0.283294102905
1.84169274088 0.284346813164
1.84110282976 0.284479805765
1.84051333522 0.283902480944
1.8399242569 0.283174756219
1.83933559442 0.282447161061
1.83874734742 0.282428171466
1.83815951553 0.282485822575
1.83757209839 0.28291482479
1.83698509563 0.285058931832
1.83639850687 0.284468864526
1.83581233177 0.283740139739
1.83522656995 0.284275875988
1.83464122104 0.285145259565
1.83405628469 0.286802291207
1.83347176053 0.284116306127
1.83288764819 0.285117936642
1.83230394732 0.287428220189
1.83172065754 0.287176742741
1.83113777851 0.283572513434
1.83055530985 0.284424307632
1.82997325121 0.287297295922
1.82939160223 0.287271548383
1.82881036254 0.285017537749
1.82822953179 0.286073994876
1.82764910961 0.286736589239
1.82706909564 0.286480496062
1.82648948954 0.284959453196
1.82591029093 0.286083994608
1.82533149947 0.286957100433
1.82475311479 0.285211149787
1.82417513654 0.285575096452
1.82359756436 0.288871629289
1.8230203979 0.289033317895
1.8224436368 0.286375437021
1.8218672807 0.286032917563
1.82129132924 0.28732741763
1.82071578209 0.287943917994
1.82014063887 0.286127590794
1.81956589925 0.285757461876
1.81899156285 0.28558857194
1.81841762934 0.285609840406
1.81784409836 0.287109048372
1.81727096955 0.287227143686
1.81669824257 0.28766805398
1.81612591706 0.289761214611
1.81555399268 0.290884197261
1.81498246907 0.289133229459
1.81441134589 0.287748799713
1.81384062277 0.287834653912
1.81327029939 0.29128782571
1.81270037538 0.290413658463
1.8121308504 0.28907178906
1.8115617241 0.288022652852
1.81099299613 0.287530300474
1.81042466614 0.286826250877
1.8098567338 0.286867538871
1.80928919875 0.288910292753
1.80872206065 0.290274610394
1.80815531915 0.287923597798
1.8075889739 0.287827904451
1.80702302457 0.289462915501
1.80645747081 0.290523351108
1.80589231227 0.291479377754
1.80532754861 0.292547156465
1.80476317949 0.289977001418
1.80419920456 0.291463809966
1.80363562349 0.289988098881
1.80307243593 0.289535181985
1.80250964154 0.288954096648
1.80194723998 0.292015020452
1.8013852309 0.289991314509
1.80082361398 0.290125725191
1.80026238886 0.291068114311
1.79970155521 0.293304281231
1.7991411127 0.293024823289
1.79858106097 0.292501378736
1.7980213997 0.29197296569
1.79746212854 0.292343172412
1.79690324716 0.293674042174
1.79634475522 0.293014857425
1.79578665238 0.289845056299
1.79522893832 0.289455345525
1.79467161268 0.291645110193
1.79411467514 0.292395357501
1.79355812536 0.291152288323
1.79300196301 0.291499995354
1.79244618776 0.290633301625
1.79189079926 0.291185427589
1.79133579718 0.294078925397
1.7907811812 0.293815532309
1.79022695098 0.294323447903
1.78967310618 0.295972471497
1.78911964648 0.294243503574
1.78856657154 0.294664884449
1.78801388104 0.293069429784
1.78746157463 0.295372691363
1.786909652 0.296650254598
1.7863581128 0.295776247335
1.78580695672 0.29296784118
1.78525618342 0.294267868866
1.78470579257 0.295056811983
1.78415578384 0.297690688007
1.78360615692 0.299191775144
1.78305691146 0.294805149745
1.78250804714 0.294790685299
1.78195956363 0.296337017335
1.78141146061 0.295996699216
1.78086373776 0.294201480135
1.78031639473 0.29588418281
1.77976943122 0.29848459773
1.77922284689 0.301592255256
1.77867664142 0.297779841325
1.77813081449 0.29649016789
1.77758536576 0.297570414608
1.77704029493 0.299630296954
1.77649560166 0.298133039419
1.77595128563 0.295704755228
1.77540734652 0.294137226659
1.774863784 0.295599284805
1.77432059776 0.299354183731
1.77377778748 0.296623503731
1.77323535283 0.297620444691
1.77269329348 0.295743853071
1.77215160913 0.297398151096
1.77161029946 0.297789907672
1.77106936413 0.296982250758
1.77052880284 0.296978944454
1.76998861526 0.297375329992
1.76944880107 0.300987857026
1.76890935997 0.299739641529
1.76837029162 0.299252554477
1.76783159572 0.298363726532
1.76729327194 0.300001880815
1.76675531997 0.299878283391
1.76621773949 0.29858415808
1.76568053019 0.299255151364
1.76514369175 0.297254667078
1.76460722385 0.298145742408
1.76407112619 0.300491389983
1.76353539844 0.300572413884
1.7630000403 0.299247346794
1.76246505144 0.298149301169
1.76193043156 0.29895965604
1.76139618034 0.298899483122
1.76086229748 0.298812235296
1.76032878265 0.299687076492
1.75979563554 0.299609893319
1.75926285585 0.301684562789
1.75873044326 0.300402010976
1.75819839746 0.301324824148
1.75766671815 0.301376765725
1.757135405 0.301182520593
1.75660445772 0.299016322937
1.75607387599 0.303478741911
1.7555436595 0.305570259202
1.75501380794 0.302965736253
1.75448432101 0.300476248689
1.7539551984 0.299953509986
1.7534264398 0.301255168201
1.7528980449 0.302676527955
1.7523700134 0.304896736526
1.75184234498 0.303189771172
1.75131503935 0.303313422207
1.75078809619 0.303884324647
1.75026151521 0.301716244823
1.74973529609 0.305036647512
1.74920943853 0.302488383108
1.74868394223 0.301810553534
1.74815880688 0.302354035535
1.74763403218 0.304987456253
1.74710961783 0.306173821837
1.74658556351 0.302465533706
1.74606186894 0.301840859314
1.7455385338 0.304053732542
1.7450155578 0.303256084148
1.74449294063 0.30355067567
1.74397068199 0.305888247953
1.74344878158 0.305456165923
1.7429272391 0.304360596317
1.74240605424 0.304750110892
1.74188522672 0.306763366132
1.74136475623 0.306767046248
1.74084464247 0.303168355288
1.74032488513 0.302587336114
1.73980548393 0.305987231396
1.73928643856 0.308561004219
1.73876774873 0.306773509745
1.73824941414 0.303963884574
1.73773143449 0.305918281231
1.73721380948 0.305414909829
1.73669653881 0.304820511453
1.7361796222 0.30604363622
1.73566305935 0.307014876979
1.73514684995 0.305411234821
1.73463099371 0.303102467581
1.73411549035 0.305953340944
1.73360033956 0.307149898188
1.73308554104 0.305105976583
1.73257109452 0.303174763247
1.73205699968 0.306592857549
1.73154325625 0.305463564114
1.73102986392 0.303020004081
1.7305168224 0.302324712151
1.73000413141 0.304368269144
1.72949179064 0.304287519591
1.72897979981 0.304228421015
1.72846815862 0.306150925225
1.7279568668 0.305599341047
1.72744592403 0.303132770536
1.72693533004 0.302556054008
1.72642508453 0.304727559033
1.72591518721 0.30604960247
1.72540563781 0.307104198606
1.72489643601 0.302284382436
1.72438758154 0.303513579065
1.72387907412 0.302451578954
1.72337091344 0.301477892633
1.72286309922 0.30350407888
1.72235563118 0.304508537518
1.72184850903 0.304394846613
1.72134173248 0.304612703384
1.72083530124 0.303043333502
1.72032921503 0.304033525598
1.71982347357 0.302771337509
1.71931807656 0.305405742599
1.71881302373 0.304927011939
1.71830831478 0.304751703593
1.71780394944 0.305257977357
1.71729992741 0.304842231901
1.71679624842 0.303687444163
1.71629291219 0.304188939863
1.71578991842 0.304530104725
1.71528726683 0.308419507813
1.71478495715 0.30860142975
1.71428298909 0.305741618278
1.71378136236 0.304932588062
1.7132800767 0.303853586917
1.71277913181 0.303144577245
1.71227852741 0.303103157561
1.71177826323 0.304629199654
1.71127833898 0.309204547291
1.71077875438 0.306817142427
1.71027950916 0.303490004149
1.70978060303 0.304588772239
1.70928203572 0.304517027235
1.70878380694 0.30263823214
1.70828591642 0.301511414156
1.70778836388 0.30325923154
1.70729114904 0.305678105276
1.70679427163 0.305882912344
1.70629773136 0.307093952016
1.70580152797 0.30772924468
1.70530566116 0.305984046363
1.70481013067 0.30558289041
1.70431493623 0.303091181746
1.70382007755 0.304957451813
1.70332555436 0.306349864073
1.70283136638 0.308711940704
1.70233751334 0.30769628543
1.70184399497 0.305386481007
1.70135081099 0.307041776592
1.70085796113 0.30706877045
1.70036544511 0.304859294551
1.69987326266 0.306794050532
1.69938141351 0.308605496331
1.69888989739 0.308635711664
1.69839871401 0.308905350627
1.69790786312 0.306570657173
1.69741734444 0.30459907191
1.69692715769 0.306920944672
1.69643730261 0.309287060207
1.69594777893 0.307135597323
1.69545858637 0.309457118779
1.69496972467 0.309354603979
1.69448119355 0.309462993597
1.69399299275 0.308219578033
1.69350512199 0.306620620092
1.69301758101 0.306815599425
1.69253036954 0.307696335304
1.69204348731 0.308148858471
1.69155693405 0.309191415586
1.69107070949 0.308640001781
1.69058481338 0.307663194964
1.69009924543 0.307246107623
1.68961400538 0.308300892431
1.68912909297 0.307962519693
1.68864450792 0.305409706127
1.68816024998 0.305976356836
1.68767631888 0.311322630171
1.68719271435 0.309500265725
1.68670943613 0.310714832765
1.68622648395 0.310116983948
1.68574385755 0.308179512075
1.68526155666 0.308718539042
1.68477958102 0.307511169464
1.68429793037 0.306671600201
1.68381660444 0.307199902008
1.68333560296 0.308050817479
1.68285492569 0.308766256765
1.68237457235 0.309449799827
1.68189454268 0.311196332208
1.68141483642 0.308342511834
1.6809354533 0.308998117509
1.68045639308 0.308040380308
1.67997765548 0.307629443382
1.67949924025 0.307046240506
1.67902114712 0.308818620096
1.67854337583 0.309512280796
1.67806592613 0.310506923681
1.67758879775 0.310007620137
1.67711199044 0.309920239849
1.67663550394 0.307566727186
1.67615933798 0.308221094837
1.67568349231 0.30830320591
1.67520796668 0.311166367372
1.67473276082 0.312250540291
1.67425787447 0.311722750799
1.67378330738 0.308038268042
1.67330905929 0.309653030657
1.67283512995 0.307919790279
1.67236151909 0.309405654862
1.67188822647 0.311766516152
1.67141525182 0.312644591974
1.67094259489 0.309088903611
1.67047025543 0.308036642979
1.66999823318 0.309470506509
1.66952652788 0.313203673527
1.66905513928 0.311561798666
1.66858406713 0.31031045981
1.66811331117 0.310325268055
1.66764287115 0.307183067528
1.66717274682 0.310250789338
1.66670293792 0.311724835948
1.6662334442 0.314295934184
1.6657642654 0.311548056685
1.66529540128 0.311406592162
1.66482685158 0.311656984581
1.66435861605 0.311622908921
1.66389069445 0.310667038721
1.66342308651 0.30986439973
1.66295579199 0.311450365147
1.66248881063 0.308529781386
1.66202214219 0.310575934995
1.66155578642 0.311772586563
1.66108974307 0.312497714052
1.66062401188 0.310081528601
1.66015859261 0.310177895419
1.65969348501 0.312205301741
1.65922868883 0.313200639963
1.65876420382 0.312616721998
1.65830002973 0.309991029569
1.65783616633 0.307626349684
1.65737261335 0.308627781919
1.65690937055 0.310258659598
1.65644643768 0.31004443489
1.65598381451 0.310094236355
1.65552150077 0.309390709672
1.65505949623 0.310356157806
1.65459780063 0.309946281064
1.65413641374 0.309947403981
1.65367533531 0.306543249598
1.65321456509 0.309227452872
1.65275410283 0.309388033038
1.6522939483 0.309778184455
1.65183410125 0.309015173606
1.65137456143 0.30726524304
1.6509153286 0.305107137268
1.65045640252 0.305537506488
1.64999778294 0.309977005112
1.64953946963 0.306329104088
1.64908146233 0.305214463884
1.64862376081 0.302761487222
1.64816636482 0.305106571684
1.64770927412 0.307280074289
1.64725248847 0.305680215395
1.64679600763 0.303542517086
1.64633983135 0.304125602391
1.64588395941 0.306125010747
1.64542839154 0.308793385925
1.64497312753 0.307144921912
1.64451816711 0.310232913853
1.64406351006 0.307397285971
1.64360915614 0.307834952489
1.64315510511 0.309307453213
1.64270135672 0.307116663971
1.64224791074 0.30548427246
1.64179476693 0.307404036622
1.64134192505 0.309432118646
1.64088938486 0.309659789417
1.64043714613 0.305257900178
1.63998520862 0.30772025629
1.63953357209 0.307170840994
1.6390822363 0.309608166748
1.63863120102 0.309557432731
1.63818046601 0.310916091335
1.63773003104 0.312125435345
1.63727989586 0.313011650378
1.63683006025 0.311015926465
1.63638052396 0.308058455965
1.63593128677 0.30916013939
1.63548234843 0.308642610516
1.63503370871 0.307788215001
1.63458536739 0.312924335301
1.63413732422 0.311950873421
1.63368957896 0.312577894094
1.6332421314 0.31304007293
1.63279498129 0.312341807982
1.63234812839 0.313205863351
1.63190157249 0.309239770802
1.63145531334 0.312143761597
1.63100935071 0.3118234224
1.63056368437 0.312910250185
1.63011831408 0.312432346406
1.62967323963 0.311763346645
1.62922846077 0.314061660314
1.62878397727 0.31141435185
1.62833978891 0.311015628007
1.62789589544 0.313270242108
1.62745229665 0.312651452114
1.6270089923 0.311910077239
1.62656598217 0.310302789271
1.62612326601 0.313587316099
1.62568084361 0.312248380016
1.62523871473 0.311346961722
1.62479687915 0.312590153767
1.62435533663 0.311530400444
1.62391408695 0.312455066817
1.62347312988 0.308732317892
1.62303246519 0.30960787374
1.62259209265 0.310469895414
1.62215201205 0.311435677198
1.62171222314 0.309431258063
