1.378031 0.48758
1.378398 0.486541
1.378764 0.486021
1.379131 0.485588
1.379498 0.484721
1.379866 0.483595
1.380233 0.482556
1.3806 0.481776
1.380968 0.482296
1.381336 0.482122
1.381704 0.482036
1.382073 0.481949
1.382441 0.481516
1.38281 0.481949
1.383179 0.482556
1.383548 0.482642
1.383917 0.482816
1.384287 0.482122
1.384657 0.48117
1.385027 0.48117
1.385397 0.48091
1.385767 0.48065
1.386137 0.479783
1.386508 0.477791
1.386879 0.476405
1.38725 0.475712
1.387622 0.474065
1.387993 0.47112
1.388365 0.468088
1.388737 0.464796
1.389109 0.460031
1.389481 0.451021
1.389853 0.436899
1.390226 0.417666
1.390599 0.389943
1.390972 0.349398
1.391346 0.300536
1.391719 0.258345
1.392093 0.234694
1.392467 0.23452
1.392841 0.248988
1.393215 0.267788
1.39359 0.290573
1.393965 0.31769
1.394339 0.345153
1.394715 0.366465
1.39509 0.378247
1.395465 0.382926
1.395841 0.383532
1.396217 0.386304
1.396593 0.397307
1.39697 0.411775
1.397346 0.423817
1.397723 0.43352
1.3981 0.441664
1.398477 0.447382
1.398854 0.451887
1.399232 0.455872
1.39961 0.459251
1.399988 0.461763
1.400366 0.463236
1.400744 0.463756
1.401123 0.464362
1.401502 0.465315
1.401881 0.466355
1.40226 0.466528
1.402639 0.466355
1.403019 0.466788
1.403399 0.467654
1.403779 0.467914
1.404159 0.467308
1.404539 0.467135
1.40492 0.467654
1.405301 0.468348
1.405682 0.468261
1.406063 0.468261
1.406444 0.467828
1.406826 0.467395
1.407208 0.467481
1.40759 0.467395
1.407972 0.466961
1.408355 0.466701
1.408737 0.467048
1.40912 0.466528
1.409503 0.465922
1.409887 0.466528
1.41027 0.466701
1.410654 0.466788
1.411038 0.466008
1.411422 0.465142
1.411807 0.465055
1.412191 0.465662
1.412576 0.465575
1.412961 0.465402
1.413346 0.465315
1.413732 0.464709
1.414117 0.464189
1.414503 0.463929
1.414889 0.464189
1.415275 0.464709
1.415662 0.464536
1.416049 0.463323
1.416435 0.463323
1.416823 0.463496
1.41721 0.463323
1.417597 0.463149
1.417985 0.463063
1.418373 0.46289
1.418761 0.46237
1.41915 0.46237
1.419538 0.46263
1.419927 0.462456
1.420316 0.46159
1.420706 0.46107
1.421095 0.461417
1.421485 0.461157
1.421875 0.460464
1.422265 0.459944
1.422655 0.460377
1.423046 0.460204
1.423436 0.459944
1.423827 0.459944
1.424218 0.46029
1.42461 0.460204
1.425001 0.459944
1.425393 0.459944
1.425785 0.459597
1.426177 0.459164
1.42657 0.458731
1.426962 0.458558
1.427355 0.458385
1.427748 0.458211
1.428142 0.458038
1.428535 0.457865
1.428929 0.458038
1.429323 0.457691
1.429717 0.457085
1.430112 0.457345
1.430506 0.457432
1.430901 0.457605
1.431296 0.457085
1.431691 0.456305
1.432087 0.456219
1.432482 0.456565
1.432878 0.456565
1.433275 0.455872
1.433671 0.455612
1.434067 0.455872
1.434464 0.456132
1.434861 0.456045
1.435259 0.455785
1.435656 0.455612
1.436054 0.455266
1.436452 0.454833
1.43685 0.454659
1.437248 0.454313
1.437647 0.454313
1.438046 0.454399
1.438445 0.454573
1.438844 0.454399
1.439243 0.454053
1.439643 0.453966
1.440043 0.453273
1.440443 0.453273
1.440843 0.453706
1.441244 0.45336
1.441645 0.453186
1.442046 0.4531
1.442447 0.452667
1.442848 0.45284
1.44325 0.4531
1.443652 0.45258
1.444054 0.452233
1.444457 0.452147
1.444859 0.451974
1.445262 0.451281
1.445665 0.451021
1.446068 0.4518
1.446472 0.452233
1.446875 0.451714
1.447279 0.451194
1.447683 0.451281
1.448088 0.450847
1.448492 0.450587
1.448897 0.450501
1.449302 0.450068
1.449708 0.449981
1.450113 0.449894
1.450519 0.449461
1.450925 0.449894
1.451331 0.449808
1.451737 0.449461
1.452144 0.449375
1.452551 0.449721
1.452958 0.449981
1.453365 0.449808
1.453773 0.449461
1.454181 0.449375
1.454589 0.448855
1.454997 0.448768
1.455405 0.448855
1.455814 0.448941
1.456223 0.449201
1.456632 0.448941
1.457042 0.448855
1.457451 0.449115
1.457861 0.448595
1.458271 0.447815
1.458682 0.447295
1.459092 0.447295
1.459503 0.447988
1.459914 0.448075
1.460325 0.447728
1.460737 0.447122
1.461148 0.447209
1.46156 0.447209
1.461972 0.447122
1.462385 0.447035
1.462797 0.446429
1.46321 0.446169
1.463623 0.446342
1.464037 0.446256
1.46445 0.446949
1.464864 0.447382
1.465278 0.447209
1.465692 0.446689
1.466107 0.446342
1.466522 0.446862
1.466937 0.446689
1.467352 0.446342
1.467767 0.446256
1.468183 0.445822
1.468599 0.445476
1.469015 0.445216
1.469431 0.445129
1.469848 0.445043
1.470265 0.445043
1.470682 0.445303
1.471099 0.445563
1.471517 0.445822
1.471935 0.445909
1.472353 0.445389
1.472771 0.445043
1.47319 0.444869
1.473608 0.445043
1.474027 0.445476
1.474447 0.445389
1.474866 0.445476
1.475286 0.445216
1.475706 0.444869
1.476126 0.445129
1.476546 0.445822
1.476967 0.446169
1.477388 0.445822
1.477809 0.445216
1.47823 0.444956
1.478652 0.445476
1.479074 0.445303
1.479496 0.445303
1.479918 0.445216
1.480341 0.444956
1.480764 0.444956
1.481187 0.445129
1.48161 0.445216
1.482034 0.445043
1.482458 0.445216
1.482882 0.445303
1.483306 0.445909
1.48373 0.446256
1.484155 0.445736
1.48458 0.445389
1.485006 0.445129
1.485431 0.444869
1.485857 0.445303
1.486283 0.445649
1.486709 0.445909
1.487135 0.445909
1.487562 0.445909
1.487989 0.445996
1.488416 0.445996
1.488844 0.445909
1.489271 0.446169
1.489699 0.446082
1.490128 0.445996
1.490556 0.445822
1.490985 0.445563
1.491414 0.445822
1.491843 0.446082
1.492272 0.445822
1.492702 0.445996
1.493132 0.446256
1.493562 0.445996
1.493993 0.445996
1.494423 0.446169
1.494854 0.446082
1.495285 0.445996
1.495717 0.446169
1.496148 0.446082
1.49658 0.446082
1.497012 0.445996
1.497445 0.446256
1.497877 0.445996
1.49831 0.445649
1.498744 0.445736
1.499177 0.445822
1.499611 0.446256
1.500045 0.446516
1.500479 0.446429
1.500913 0.446516
1.501348 0.446429
1.501783 0.446342
1.502218 0.446342
1.502653 0.446516
1.503089 0.446689
1.503525 0.446602
1.503961 0.446342
1.504398 0.446516
1.504834 0.447035
1.505271 0.447642
1.505709 0.447295
1.506146 0.446342
1.506584 0.446256
1.507022 0.446516
1.50746 0.446775
1.507898 0.446775
1.508337 0.446689
1.508776 0.446949
1.509215 0.447295
1.509655 0.447209
1.510094 0.447295
1.510534 0.447295
1.510975 0.447295
1.511415 0.447642
1.511856 0.447642
1.512297 0.447728
1.512738 0.447209
1.51318 0.447035
1.513622 0.447295
1.514064 0.447555
1.514506 0.447555
1.514948 0.447815
1.515391 0.447902
1.515834 0.447555
1.516278 0.447555
1.516721 0.448075
1.517165 0.448508
1.517609 0.448508
1.518054 0.448508
1.518499 0.448335
1.518944 0.448075
1.519389 0.447902
1.519834 0.448075
1.52028 0.448595
1.520726 0.448681
1.521172 0.448335
1.521619 0.448248
1.522065 0.448422
1.522512 0.448248
1.52296 0.448335
1.523407 0.448681
1.523855 0.448595
1.524303 0.448508
1.524751 0.448595
1.5252 0.448335
1.525649 0.448075
1.526098 0.448248
1.526547 0.448508
1.526997 0.448855
1.527447 0.449028
1.527897 0.448855
1.528347 0.449028
1.528798 0.449288
1.529249 0.449548
1.5297 0.449461
1.530152 0.449548
1.530604 0.449201
1.531055 0.449115
1.531508 0.449461
1.53196 0.449548
1.532413 0.449288
1.532866 0.449548
1.53332 0.449634
1.533773 0.449548
1.534227 0.449721
1.534682 0.449894
1.535136 0.450241
1.535591 0.450761
1.536046 0.451107
1.536501 0.45154
1.536956 0.451281
1.537412 0.450847
1.537868 0.451107
1.538324 0.450847
1.538781 0.451021
1.539238 0.451887
1.539695 0.45232
1.540153 0.452233
1.54061 0.452147
1.541068 0.451974
1.541527 0.451887
1.541985 0.451974
1.542444 0.45232
1.542903 0.45284
1.543363 0.453273
1.543822 0.4531
1.544282 0.453273
1.544742 0.453186
1.545203 0.453186
1.545663 0.453446
1.546124 0.453533
1.546586 0.45362
1.547047 0.45362
1.547509 0.453793
1.547971 0.45388
1.548433 0.45388
1.548896 0.453966
1.549359 0.454226
1.549822 0.454399
1.550285 0.454746
1.550749 0.454746
1.551213 0.454486
1.551677 0.454746
1.552142 0.455352
1.552607 0.455785
1.553072 0.455612
1.553537 0.455179
1.554003 0.455352
1.554469 0.455699
1.554935 0.456045
1.555402 0.455959
1.555868 0.455959
1.556336 0.455959
1.556803 0.456132
1.557271 0.456652
1.557738 0.457085
1.558207 0.456912
1.558675 0.456998
1.559144 0.457345
1.559613 0.457691
1.560082 0.457691
1.560552 0.457518
1.561022 0.457432
1.561492 0.457605
1.561963 0.457518
1.562433 0.457605
1.562905 0.457951
1.563376 0.458385
1.563848 0.458211
1.564319 0.458038
1.564792 0.457778
1.565264 0.458038
1.565737 0.458298
1.56621 0.458471
1.566683 0.458904
1.567156 0.459251
1.56763 0.458818
1.568105 0.458644
1.568579 0.458904
1.569054 0.459251
1.569529 0.459164
1.570004 0.459164
1.57048 0.459424
1.570956 0.459771
1.571432 0.460117
1.571908 0.460204
1.572385 0.459944
1.572862 0.459597
1.57334 0.459857
1.573817 0.459944
1.574295 0.46029
1.574773 0.460204
1.575252 0.459857
1.575731 0.460031
1.57621 0.460031
1.576689 0.460464
1.577169 0.460897
1.577649 0.461243
1.578129 0.46133
1.57861 0.46133
1.57909 0.461503
1.579572 0.46133
1.580053 0.46107
1.580535 0.461417
1.581017 0.461937
1.581499 0.46211
1.581982 0.461937
1.582465 0.461763
1.582948 0.462023
1.583431 0.462283
1.583915 0.46211
1.584399 0.462023
1.584884 0.462196
1.585368 0.462196
1.585853 0.46237
1.586339 0.462716
1.586824 0.46263
1.58731 0.462716
1.587796 0.462976
1.588283 0.463063
1.588769 0.462976
1.589256 0.462803
1.589744 0.463063
1.590231 0.463149
1.590719 0.463063
1.591208 0.463236
1.591696 0.463409
1.592185 0.463756
1.592674 0.463929
1.593163 0.464102
1.593653 0.464449
1.594143 0.464536
1.594634 0.464189
1.595124 0.464189
1.595615 0.464362
1.596107 0.464796
1.596598 0.465055
1.59709 0.464969
1.597582 0.465055
1.598075 0.465315
1.598568 0.465835
1.599061 0.466008
1.599554 0.466095
1.600048 0.465922
1.600542 0.465749
1.601036 0.465835
1.60153 0.466008
1.602025 0.466268
1.602521 0.466355
1.603016 0.466615
1.603512 0.466701
1.604008 0.467221
1.604505 0.467308
1.605001 0.467395
1.605498 0.467481
1.605996 0.467741
1.606493 0.468088
1.606991 0.468088
1.60749 0.468001
1.607988 0.468174
1.608487 0.468348
1.608986 0.468261
1.609486 0.468521
1.609986 0.469214
1.610486 0.469387
1.610986 0.469301
1.611487 0.469474
1.611988 0.469474
1.61249 0.469041
1.612991 0.469301
1.613493 0.46982
1.613996 0.469907
1.614498 0.46982
1.615001 0.46956
1.615505 0.469907
1.616008 0.47034
1.616512 0.470687
1.617016 0.470947
1.617521 0.470427
1.618026 0.470687
1.618531 0.471293
1.619036 0.471293
1.619542 0.471293
1.620048 0.47138
1.620554 0.471466
1.621061 0.471726
1.621568 0.4719
1.622076 0.4719
1.622583 0.471466
1.623091 0.471813
1.6236 0.472073
1.624108 0.472159
1.624617 0.472159
1.625127 0.472246
1.625636 0.472333
1.626146 0.472593
1.626656 0.472593
1.627167 0.472766
1.627678 0.472766
1.628189 0.473199
1.628701 0.473286
1.629212 0.473372
1.629725 0.473546
1.630237 0.473286
1.63075 0.473199
1.631263 0.473459
1.631777 0.473459
1.63229 0.473546
1.632804 0.473546
1.633319 0.473632
1.633834 0.473892
1.634349 0.474065
1.634864 0.474325
1.63538 0.474499
1.635896 0.474672
1.636412 0.474672
1.636929 0.474239
1.637446 0.474239
1.637964 0.474672
1.638481 0.474759
1.638999 0.474672
1.639518 0.474672
1.640036 0.474845
1.640555 0.474932
1.641075 0.475192
1.641594 0.475365
1.642114 0.475452
1.642634 0.475192
1.643155 0.475105
1.643676 0.475365
1.644197 0.475538
1.644719 0.475625
1.645241 0.475712
1.645763 0.475798
1.646286 0.475712
1.646809 0.475625
1.647332 0.475885
1.647856 0.476231
1.64838 0.476231
1.648904 0.476231
1.649429 0.476145
1.649953 0.476145
1.650479 0.476491
1.651004 0.476838
1.651531 0.476924
1.652057 0.476664
1.652583 0.476664
1.65311 0.476751
1.653638 0.476924
1.654165 0.477444
1.654693 0.477444
1.655222 0.477271
1.65575 0.477358
1.656279 0.477617
1.656809 0.477877
1.657338 0.477964
1.657868 0.477791
1.658399 0.477791
1.658929 0.477704
1.65946 0.477964
1.659992 0.478224
1.660523 0.478051
1.661055 0.477964
1.661588 0.478051
1.662121 0.478224
1.662654 0.478397
1.663187 0.47857
1.663721 0.47857
1.664255 0.478917
1.664789 0.479523
1.665324 0.479523
1.665859 0.47935
1.666395 0.47935
1.666931 0.479783
1.667467 0.479783
1.668003 0.47987
1.66854 0.480043
1.669077 0.480043
1.669615 0.48013
1.670153 0.48013
1.670691 0.48039
1.671229 0.480736
1.671769 0.480996
1.672308 0.481083
1.672847 0.480996
1.673387 0.481256
1.673928 0.481429
1.674468 0.481429
1.675009 0.481689
1.675551 0.481516
1.676093 0.481603
1.676635 0.481776
1.677177 0.481776
1.67772 0.482122
1.678263 0.482469
1.678806 0.482469
1.67935 0.482469
1.679894 0.482989
1.680439 0.482902
1.680984 0.482382
1.681529 0.482556
1.682074 0.483075
1.682621 0.483422
1.683167 0.483422
1.683714 0.483509
1.68426 0.483509
1.684808 0.483682
1.685356 0.483682
1.685904 0.483595
1.686452 0.483335
1.687001 0.483595
1.68755 0.484115
1.6881 0.484462
1.68865 0.484635
1.6892 0.484462
1.689751 0.484462
1.690302 0.484808
1.690853 0.484895
1.691405 0.484635
1.691957 0.484808
1.692509 0.485155
1.693061 0.484981
1.693615 0.484808
1.694168 0.484981
1.694722 0.485155
1.695276 0.485415
1.695831 0.485415
1.696385 0.485761
1.696941 0.486108
1.697497 0.485761
1.698053 0.485934
1.698609 0.486108
1.699166 0.485934
1.699723 0.485848
1.70028 0.485761
1.700838 0.486108
1.701396 0.486108
1.701955 0.486108
1.702514 0.486281
1.703073 0.486368
1.703633 0.486281
1.704193 0.486281
1.704753 0.486541
1.705314 0.486541
1.705875 0.486714
1.706436 0.486801
1.706998 0.486801
1.707561 0.486801
1.708123 0.486887
1.708686 0.486887
1.70925 0.486627
1.709813 0.486454
1.710377 0.486541
1.710942 0.486974
1.711507 0.487234
1.712072 0.487234
1.712638 0.487147
1.713204 0.486974
1.71377 0.486974
1.714337 0.487147
1.714904 0.487321
1.715471 0.487667
1.716039 0.487667
1.716607 0.487754
1.717176 0.487927
1.717745 0.487667
1.718314 0.487234
1.718884 0.487234
1.719454 0.487407
1.720024 0.487754
1.720595 0.48784
1.721167 0.488014
1.721738 0.4881
1.72231 0.488274
1.722883 0.488187
1.723455 0.488014
1.724029 0.4881
1.724602 0.488187
1.725176 0.488187
1.72575 0.488447
1.726325 0.488447
1.7269 0.488533
1.727476 0.488447
1.728051 0.488447
1.728628 0.488793
1.729204 0.488793
1.729781 0.48862
1.730358 0.488967
1.730936 0.48914
1.731514 0.489053
1.732093 0.48914
1.732672 0.489053
1.733251 0.48914
1.733831 0.48914
1.734411 0.489313
1.734991 0.489486
1.735572 0.489486
1.736153 0.489746
1.736735 0.490006
1.737317 0.489833
1.7379 0.48966
1.738482 0.48966
1.739066 0.48992
1.739649 0.490006
1.740233 0.490439
1.740817 0.490699
1.741402 0.490699
1.741987 0.490699
1.742573 0.490613
1.743159 0.490526
1.743745 0.490786
1.744332 0.490873
1.744919 0.491046
1.745506 0.491219
1.746094 0.491479
1.746683 0.491652
1.747271 0.491566
1.74786 0.491479
1.74845 0.491392
1.74904 0.491479
1.74963 0.491652
1.750221 0.492172
1.750812 0.492432
1.751403 0.492086
1.751995 0.491999
1.752588 0.492345
1.75318 0.492692
1.753773 0.492605
1.754367 0.492432
1.754961 0.492952
1.755555 0.493212
1.75615 0.492952
1.756745 0.492779
1.75734 0.493212
1.757936 0.492952
1.758533 0.492779
1.759129 0.493038
1.759726 0.492952
1.760324 0.492865
1.760922 0.493125
1.76152 0.493472
1.762119 0.493645
1.762718 0.493645
1.763318 0.493818
1.763918 0.493645
1.764518 0.493558
1.765119 0.493905
1.76572 0.494511
1.766322 0.494598
1.766924 0.494338
1.767526 0.494425
1.768129 0.494598
1.768732 0.494338
1.769336 0.494251
1.76994 0.494425
1.770545 0.494425
1.771149 0.494598
1.771755 0.494685
1.77236 0.494598
1.772967 0.494425
1.773573 0.494771
1.77418 0.495031
1.774787 0.494858
1.775395 0.495031
1.776004 0.495118
1.776612 0.495118
1.777221 0.494771
1.777831 0.494425
1.778441 0.494771
1.779051 0.495118
1.779662 0.495118
1.780273 0.495118
1.780884 0.494858
1.781496 0.494685
1.782109 0.494944
1.782721 0.495204
1.783335 0.495291
1.783948 0.495118
1.784562 0.494944
1.785177 0.495204
1.785792 0.495378
1.786407 0.495118
1.787023 0.495118
1.787639 0.495378
1.788256 0.495464
1.788873 0.495551
1.789491 0.495291
1.790108 0.495204
1.790727 0.495204
1.791346 0.495378
1.791965 0.495204
1.792585 0.495118
1.793205 0.495204
1.793825 0.495204
1.794446 0.495204
1.795067 0.494944
1.795689 0.494944
1.796311 0.495291
1.796934 0.495724
1.797557 0.495724
1.79818 0.495378
1.798804 0.495464
1.799429 0.495291
1.800053 0.495031
1.800679 0.495031
1.801304 0.494858
1.801931 0.495031
1.802557 0.495204
1.803184 0.495204
1.803812 0.495638
1.804439 0.495638
1.805068 0.495464
1.805696 0.495464
1.806326 0.495638
1.806955 0.495811
1.807585 0.495551
1.808216 0.495291
1.808847 0.495378
1.809478 0.495551
1.81011 0.495378
1.810742 0.495378
1.811375 0.495551
1.812008 0.495551
1.812641 0.495724
1.813275 0.495811
1.81391 0.495897
1.814545 0.495551
1.81518 0.495464
1.815816 0.495551
1.816452 0.495724
1.817089 0.495551
1.817726 0.495638
1.818363 0.495811
1.819001 0.495811
1.81964 0.495897
1.820279 0.495984
1.820918 0.495984
1.821558 0.495984
1.822199 0.496071
1.822839 0.495984
1.82348 0.496331
1.824122 0.496244
1.824764 0.496244
1.825406 0.496071
1.826049 0.495811
1.826693 0.496244
1.827337 0.496677
1.827981 0.496504
1.828626 0.496244
1.829271 0.496677
1.829917 0.496677
1.830563 0.496331
1.83121 0.496417
1.831857 0.496244
1.832504 0.496504
1.833152 0.496937
1.833801 0.49685
1.83445 0.49659
1.835099 0.496764
1.835749 0.496677
1.836399 0.496764
1.83705 0.497024
1.837701 0.497197
1.838353 0.497457
1.839005 0.497024
1.839658 0.49659
1.840311 0.496937
1.840964 0.49711
1.841618 0.496677
1.842272 0.497024
1.842927 0.497543
1.843583 0.49763
1.844238 0.497803
1.844895 0.49763
1.845551 0.497284
1.846209 0.49685
1.846867 0.496764
1.847525 0.49685
1.848184 0.496764
1.848843 0.497457
1.849502 0.497803
1.850162 0.498063
1.850823 0.498063
1.851484 0.497543
1.852145 0.49737
1.852807 0.497717
1.853469 0.497284
1.854132 0.497197
1.854796 0.497543
1.855459 0.497717
1.856124 0.49737
1.856789 0.497543
1.857454 0.49789
1.85812 0.497717
1.858786 0.497543
1.859453 0.497284
1.86012 0.49737
1.860788 0.49763
1.861456 0.497803
1.862124 0.498063
1.862794 0.49815
1.863463 0.49789
1.864133 0.49789
1.864804 0.497977
1.865475 0.49789
1.866146 0.49763
1.866818 0.49711
1.867491 0.496764
1.868164 0.49711
1.868837 0.497284
1.869511 0.496937
1.870185 0.496417
1.87086 0.496244
1.871536 0.49711
1.872212 0.497024
1.872888 0.496417
1.873565 0.496677
1.874242 0.49685
1.87492 0.49685
1.875599 0.496937
1.876277 0.496504
1.876957 0.496244
1.877637 0.496417
1.878317 0.496677
1.878998 0.49685
1.879679 0.496677
1.880361 0.496417
1.881043 0.49659
1.881726 0.496244
1.882409 0.496071
1.883093 0.495984
1.883777 0.495811
1.884462 0.495897
1.885147 0.495897
1.885833 0.495638
1.886519 0.495638
1.887206 0.495811
1.887893 0.495638
1.888581 0.495118
1.889269 0.494771
1.889958 0.494685
1.890647 0.494771
1.891337 0.494425
1.892027 0.494078
1.892718 0.494165
1.893409 0.494078
1.894101 0.494165
1.894793 0.494251
1.895486 0.493991
1.896179 0.493558
1.896873 0.493298
1.897568 0.492952
1.898262 0.492692
1.898958 0.492259
1.899654 0.492086
1.90035 0.492086
1.901047 0.492086
1.901744 0.491999
1.902442 0.491306
1.90314 0.491219
1.903839 0.491739
1.904539 0.491566
1.905239 0.491306
1.905939 0.491306
1.90664 0.491132
1.907342 0.491392
1.908044 0.491566
1.908746 0.491739
1.909449 0.491739
1.910153 0.491826
1.910857 0.491999
1.911561 0.492432
1.912266 0.492519
1.912972 0.492086
1.913678 0.492086
1.914385 0.492605
1.915092 0.492692
1.9158 0.492519
1.916508 0.492605
1.917217 0.493038
1.917926 0.493212
1.918636 0.493645
1.919346 0.493558
1.920057 0.493125
1.920768 0.493125
1.92148 0.493645
1.922193 0.493905
1.922906 0.494165
1.92362 0.493818
1.924333 0.493905
1.925048 0.494078
1.925763 0.494078
1.926479 0.494078
1.927195 0.494511
1.927912 0.494511
1.928629 0.494598
1.929346 0.494598
1.930065 0.494598
1.930784 0.494598
1.931503 0.494771
1.932223 0.494771
1.932943 0.494771
1.933664 0.495031
1.934386 0.495291
1.935108 0.495378
1.93583 0.495378
1.936554 0.495378
1.937277 0.495378
1.938002 0.495291
1.938726 0.495291
1.939452 0.495638
1.940177 0.495638
1.940904 0.495378
1.941631 0.495811
1.942358 0.495897
1.943086 0.495464
1.943815 0.495204
1.944544 0.495204
1.945274 0.495464
1.946004 0.495638
1.946735 0.495724
1.947466 0.495811
1.948198 0.495378
1.94893 0.495118
1.949663 0.495291
1.950397 0.495464
1.951131 0.495551
1.951865 0.495378
1.952601 0.495378
1.953336 0.495551
1.954073 0.495551
1.954809 0.495204
1.955547 0.495118
1.956285 0.494858
1.957023 0.494685
1.957762 0.494771
1.958502 0.494771
1.959242 0.494771
1.959983 0.494771
1.960724 0.494598
1.961466 0.494338
1.962208 0.494425
1.962951 0.494511
1.963695 0.494165
1.964439 0.493905
1.965183 0.493472
1.965929 0.493385
1.966674 0.493385
1.967421 0.493038
1.968168 0.492605
1.968915 0.492779
1.969663 0.492779
1.970412 0.492519
1.971161 0.492519
1.971911 0.492519
1.972661 0.492086
1.973413 0.491739
1.974164 0.491652
1.974916 0.491826
1.975669 0.492086
1.976422 0.491652
1.977176 0.491392
1.97793 0.491306
1.978685 0.491219
1.97944 0.490873
1.980196 0.490699
1.980953 0.490699
1.98171 0.490699
1.982468 0.490526
1.983226 0.490353
1.983986 0.490093
1.984745 0.490006
1.985505 0.489746
1.986266 0.48966
1.987027 0.48966
1.987789 0.48966
1.988552 0.489573
1.989315 0.489313
1.990078 0.488967
1.990842 0.488793
1.991607 0.488793
1.992373 0.488793
1.993139 0.48862
1.993905 0.48888
1.994673 0.48914
1.99544 0.488793
1.996209 0.488707
1.996978 0.488967
1.997747 0.489053
1.998517 0.488967
1.999288 0.489053
2.000059 0.489053
2.000831 0.489053
2.001604 0.489053
2.002377 0.489053
2.003151 0.489053
2.003925 0.488967
2.0047 0.488793
2.005476 0.488967
2.006252 0.489313
2.007029 0.489486
2.007806 0.489227
2.008584 0.489053
2.009362 0.489227
2.010141 0.4894
2.010921 0.489573
2.011701 0.490006
2.012482 0.490266
2.013264 0.490353
2.014046 0.490699
2.014829 0.490959
2.015612 0.491392
2.016396 0.491566
2.01718 0.491392
2.017966 0.491652
2.018752 0.491912
2.019538 0.492172
2.020325 0.492432
2.021113 0.492259
2.021901 0.492172
2.02269 0.492432
2.023479 0.492865
2.02427 0.493212
2.02506 0.493212
2.025852 0.493212
2.026644 0.493385
2.027436 0.493472
2.028229 0.493731
2.029023 0.493905
2.029818 0.493905
2.030613 0.493731
2.031409 0.493731
2.032204 0.493991
2.033001 0.494078
2.033799 0.493645
2.034597 0.493385
2.035396 0.493558
2.036195 0.493645
2.036996 0.493385
2.037796 0.492952
2.038598 0.492952
2.0394 0.493212
2.040203 0.493038
2.041006 0.492605
2.04181 0.492086
2.042614 0.492086
2.043419 0.492259
2.044225 0.491999
2.045032 0.491739
2.045839 0.491392
2.046646 0.491479
2.047455 0.491046
2.048264 0.490439
2.049073 0.49018
2.049883 0.490093
2.050694 0.490093
2.051505 0.489833
2.052317 0.489573
2.05313 0.489227
2.053944 0.489227
2.054758 0.48914
2.055573 0.488967
2.056388 0.488793
2.057204 0.488793
2.058021 0.488967
2.058838 0.48914
2.059656 0.48914
2.060475 0.489053
2.061294 0.488967
2.062114 0.488967
2.062935 0.48888
2.063756 0.488793
2.064577 0.488707
2.0654 0.488274
2.066223 0.48784
2.067047 0.487754
2.067871 0.487494
2.068696 0.487407
2.069522 0.487061
2.070349 0.486541
2.071176 0.486541
2.072004 0.486194
2.072833 0.485761
2.073662 0.485674
2.074492 0.485241
2.075322 0.484808
2.076153 0.484635
2.076985 0.484462
2.077817 0.484635
2.07865 0.484462
2.079484 0.484115
2.080319 0.483855
2.081154 0.483595
2.08199 0.483162
2.082826 0.482642
2.083663 0.482209
2.084501 0.481863
2.08534 0.481603
2.086179 0.481083
2.087018 0.480996
2.087859 0.480823
2.0887 0.480736
2.089542 0.481083
2.090385 0.48117
2.091228 0.48091
2.092072 0.48091
2.092917 0.481083
2.093762 0.481256
2.094608 0.481256
2.095454 0.48117
2.096302 0.48117
2.09715 0.48117
2.097999 0.480996
2.098848 0.480996
2.099698 0.480476
2.100549 0.47987
2.1014 0.479697
2.102252 0.47935
2.103105 0.47857
2.103959 0.477358
2.104813 0.476231
2.105668 0.474672
2.106524 0.472853
2.10738 0.470513
2.108237 0.468001
2.109094 0.465975
2.109953 0.4663
2.110812 0.466543
2.111672 0.4663
2.112532 0.467353
2.113394 0.468082
2.114255 0.468325
2.115118 0.468811
2.115981 0.469865
2.116845 0.47027
2.11771 0.470351
2.118576 0.469622
2.119442 0.468811
2.120309 0.469216
2.121176 0.47027
2.122045 0.470756
2.122913 0.47108
2.123783 0.470837
2.124654 0.471242
2.125525 0.472133
2.126396 0.47189
2.127269 0.470675
2.128142 0.469784
2.129016 0.469135
2.129891 0.46873
2.130766 0.468973
2.131642 0.469946
2.132519 0.470513
2.133397 0.47189
2.134275 0.472944
2.135154 0.473187
2.136034 0.473592
2.136914 0.474321
2.137795 0.474402
2.138677 0.475374
2.13956 0.475779
2.140444 0.475698
2.141328 0.475131
2.142213 0.474888
2.143099 0.474969
2.143985 0.47505
2.144872 0.475293
2.14576 0.475374
2.146648 0.475212
2.147537 0.475455
2.148427 0.476509
2.149318 0.477562
2.150209 0.477967
2.151101 0.47821
2.151994 0.478777
2.152888 0.478453
2.153783 0.477886
2.154678 0.478048
2.155574 0.478129
2.15647 0.478615
2.157368 0.478696
2.158266 0.479101
2.159165 0.47902
2.160064 0.478858
2.160964 0.478696
2.161865 0.478696
2.162767 0.47902
2.16367 0.479101
2.164573 0.479345
2.165478 0.480236
2.166383 0.480884
2.167288 0.480722
2.168195 0.48056
2.169102 0.480641
2.17001 0.480236
2.170919 0.48056
2.171828 0.480722
2.172739 0.479507
2.17365 0.478615
2.174561 0.478534
2.175474 0.478615
2.176387 0.478615
2.177301 0.47821
2.178216 0.47821
2.179132 0.478372
2.180048 0.478777
2.180965 0.478939
2.181883 0.478777
2.182801 0.478858
2.183721 0.478696
2.184641 0.477886
2.185562 0.477805
2.186484 0.478129
2.187407 0.478291
2.18833 0.477886
2.189254 0.478048
2.190179 0.478129
2.191105 0.477724
2.192032 0.477805
2.192959 0.477805
2.193887 0.477562
2.194816 0.478048
2.195745 0.478372
2.196676 0.47821
2.197607 0.4774
2.198539 0.477157
2.199472 0.477076
2.200405 0.477562
2.201339 0.477805
2.202275 0.477481
2.203211 0.476671
2.204147 0.476185
2.205085 0.476023
2.206023 0.475698
2.206962 0.475455
2.207902 0.475374
2.208843 0.475293
2.209784 0.475536
2.210727 0.475617
2.21167 0.475455
2.212614 0.475698
2.213559 0.475536
2.214504 0.474807
2.215451 0.474807
2.216398 0.474807
2.217346 0.474321
2.218295 0.473754
2.219244 0.473916
2.220195 0.473592
2.221146 0.473025
2.222098 0.4727
2.223051 0.473187
2.224005 0.472863
2.224959 0.472538
2.225914 0.472295
2.226871 0.471566
2.227827 0.470432
2.228785 0.469784
2.229744 0.469703
2.230703 0.469865
2.231663 0.469054
2.232625 0.46792
2.233587 0.467272
2.234549 0.466543
2.235513 0.464598
2.236477 0.46314
2.237442 0.462167
2.238408 0.460952
2.239375 0.459412
2.240343 0.458278
2.241312 0.456739
2.242281 0.455523
2.243252 0.454065
2.244223 0.452849
2.245195 0.452768
2.246168 0.453173
2.247141 0.453579
2.248116 0.454389
2.249091 0.455118
2.250067 0.455037
2.251044 0.455118
2.252022 0.455361
2.253 0.454713
2.25398 0.453984
2.254961 0.452768
2.255942 0.451553
2.256924 0.44977
2.257907 0.447178
2.258891 0.444504
2.259876 0.441344
2.260861 0.437536
2.261847 0.433241
2.262835 0.428461
2.263823 0.423356
2.264812 0.418009
2.265802 0.412985
2.266792 0.408367
2.267784 0.403505
2.268776 0.399454
2.26977 0.396699
2.270764 0.394268
2.271759 0.392486
2.272755 0.390379
2.273752 0.38811
2.27475 0.385761
2.275748 0.383006
2.276747 0.380089
2.277748 0.376929
2.278749 0.372635
2.279751 0.36834
2.280754 0.363965
2.281758 0.359508
2.282763 0.354809
2.283768 0.350272
2.284775 0.345815
2.285782 0.341116
2.286791 0.335525
2.2878 0.329772
2.28881 0.322561
2.289821 0.314053
2.290832 0.306518
2.291845 0.301089
2.292859 0.296957
2.293873 0.293311
2.294889 0.289341
2.295905 0.284236
2.296922 0.278402
2.29794 0.273217
2.29896 0.271353
2.299979 0.272244
2.301001 0.275242
2.302022 0.279213
2.303045 0.281238
2.304068 0.280347
2.305093 0.277349
2.306118 0.272974
2.307145 0.268922
2.308172 0.265762
2.309201 0.262764
2.31023 0.259118
2.31126 0.255553
2.31229 0.253609
2.313322 0.253852
2.314355 0.255634
2.315388 0.259767
2.316423 0.265924
2.317458 0.272406
2.318495 0.278402
2.319532 0.284236
2.32057 0.290556
2.321609 0.298334
2.32265 0.308706
2.323691 0.322237
2.324733 0.338037
2.325776 0.354404
2.32682 0.36988
2.327865 0.383168
2.32891 0.394025
2.329957 0.402776
2.331005 0.409906
2.332053 0.415497
2.333103 0.41971
2.334153 0.423761
2.335205 0.427083
2.336257 0.429352
2.33731 0.431216
2.338365 0.432836
2.33942 0.433403
2.340476 0.434052
2.341533 0.435186
2.342591 0.435591
2.34365 0.435186
2.34471 0.434376
2.345771 0.433079
2.346833 0.430892
2.347896 0.429028
2.34896 0.427002
2.350024 0.424896
2.35109 0.42287
2.352157 0.420844
2.353225 0.419143
2.354293 0.418171
2.355363 0.418009
2.356434 0.418009
2.357505 0.417036
2.358577 0.416145
2.359651 0.415011
2.360726 0.413714
2.361801 0.411527
2.362878 0.408042
2.363955 0.40391
2.365033 0.399535
2.366114 0.395078
2.367194 0.390946
2.368275 0.387381
2.369358 0.383249
2.370441 0.378063
2.371525 0.372878
2.372611 0.367773
2.373697 0.361777
2.374785 0.355457
2.375873 0.349137
2.376962 0.341926
2.378052 0.334553
2.379144 0.327585
2.380236 0.32167
2.38133 0.31616
2.382424 0.310812
2.383519 0.306518
2.384615 0.304249
2.385713 0.304735
2.386811 0.308382
2.387911 0.312676
2.389011 0.317618
2.390113 0.323371
2.391215 0.328719
2.392318 0.334067
2.393423 0.339414
2.394528 0.345329
2.395635 0.351892
2.396743 0.359427
2.397851 0.368745
2.398961 0.378306
2.400071 0.386328
2.401183 0.393215
2.402296 0.398887
2.40341 0.402614
2.404524 0.405207
2.40564 0.406746
2.406757 0.40788
2.407875 0.408367
2.408994 0.408934
2.410113 0.409177
2.411234 0.408123
2.412356 0.405936
2.413479 0.403991
2.414603 0.402695
2.415729 0.401723
2.416855 0.400993
2.417982 0.400669
2.419111 0.40156
2.42024 0.403262
2.421371 0.405531
2.422502 0.408123
2.423635 0.410068
2.424768 0.41104
2.425903 0.411446
2.427038 0.412175
2.428176 0.412418
2.429314 0.412337
2.430453 0.412904
2.431592 0.412985
2.432734 0.411851
2.433876 0.410473
2.435019 0.407799
2.436163 0.404639
2.437308 0.40156
2.438454 0.398076
2.439602 0.394592
2.44075 0.392567
2.4419 0.391675
2.443051 0.39208
2.444203 0.393458
2.445355 0.395808
2.44651 0.397752
2.447665 0.398968
2.448821 0.400021
2.449978 0.399859
2.451137 0.398644
2.452296 0.398157
2.453457 0.397104
2.454618 0.394592
2.455781 0.391999
2.456945 0.389569
2.45811 0.3873
2.459276 0.385355
2.460443 0.383573
2.461612 0.382358
2.462781 0.382033
2.463952 0.382195
2.465123 0.382601
2.466296 0.383087
2.46747 0.383654
2.468645 0.384302
2.469821 0.38495
2.470998 0.386085
2.472176 0.387543
2.473356 0.388434
2.474536 0.389083
2.475718 0.389488
2.476901 0.389083
2.478085 0.389002
2.47927 0.389488
2.480456 0.390541
2.481644 0.391837
2.482832 0.39281
2.484022 0.393701
2.485213 0.394268
2.486404 0.394754
2.487597 0.394997
2.488792 0.394916
2.489987 0.395159
2.491184 0.395403
2.492381 0.395889
2.493581 0.396132
2.494781 0.396294
2.495982 0.396618
2.497184 0.39678
2.498387 0.397185
2.499592 0.398157
2.500798 0.399778
2.502005 0.401398
2.503213 0.402128
2.504422 0.402857
2.505633 0.403505
2.506844 0.404153
2.508057 0.404558
2.509271 0.405045
2.510486 0.404558
2.511703 0.403262
2.51292 0.402209
2.514138 0.401641
2.515358 0.401236
2.516579 0.401885
2.517802 0.403586
2.519025 0.405855
2.52025 0.408367
2.521476 0.410635
2.522703 0.412094
2.523931 0.413957
2.52516 0.415497
2.526391 0.415821
2.527622 0.415902
2.528856 0.415902
2.53009 0.416145
2.531325 0.415902
2.532562 0.415092
2.5338 0.414849
2.535039 0.415092
2.536279 0.415497
2.53752 0.415902
2.538763 0.416388
2.540007 0.416064
2.541252 0.415416
2.542498 0.415011
2.543746 0.414849
2.544994 0.414849
2.546244 0.41493
2.547495 0.414281
2.548748 0.41339
2.550002 0.412499
2.551256 0.411527
2.552513 0.410311
2.553771 0.408934
2.555029 0.40707
2.556289 0.404801
2.55755 0.403019
2.558813 0.402614
2.560076 0.402209
2.561341 0.401723
2.562607 0.401804
2.563875 0.401966
2.565143 0.402533
2.566413 0.403505
2.567684 0.403748
2.568957 0.403667
2.57023 0.404234
2.571505 0.405774
2.572781 0.406746
2.574058 0.407961
2.575337 0.409825
2.576617 0.411121
2.577898 0.412013
2.579181 0.413066
2.580465 0.413552
2.58175 0.414362
2.583036 0.413876
2.584324 0.413714
2.585613 0.414119
2.586903 0.4142
2.588195 0.414362
2.589488 0.415578
2.590782 0.417117
2.592077 0.417928
2.593373 0.416226
2.594671 0.4142
2.595971 0.414605
2.597271 0.416874
2.598573 0.418171
2.599876 0.418252
2.601181 0.417441
2.602487 0.416955
2.603794 0.416631
2.605102 0.416793
2.606412 0.418009
2.607723 0.419872
2.609035 0.421655
2.610349 0.423275
2.611664 0.424004
2.612981 0.424085
2.614299 0.424085
2.615618 0.42287
2.616938 0.421331
2.61826 0.421412
2.619583 0.421412
2.620907 0.421331
2.622233 0.422384
2.62356 0.423518
2.624888 0.423842
2.626217 0.423518
2.627548 0.423761
2.628881 0.424085
2.630215 0.423356
2.63155 0.423113
2.632886 0.423437
2.634224 0.424085
2.635564 0.424572
2.636904 0.424977
2.638246 0.424653
2.63959 0.424572
2.640934 0.424977
2.64228 0.425382
2.643628 0.425544
2.644976 0.425868
2.646327 0.426678
2.647678 0.428137
2.649031 0.428866
2.650386 0.429271
2.651741 0.428947
2.653098 0.428947
2.654457 0.429028
2.655817 0.428704
2.657177 0.428137
2.65854 0.427245
2.659904 0.42684
2.66127 0.427651
2.662637 0.427813
2.664005 0.426354
2.665375 0.423923
2.666745 0.42125
2.668118 0.418576
2.669492 0.41339
2.670867 0.405531
2.672244 0.399211
2.673622 0.392243
2.675002 0.384059
2.676383 0.374984
2.677765 0.366071
2.67915 0.356105
2.680535 0.344924
2.681922 0.332851
2.68331 0.320859
2.6847 0.308544
2.68609 0.296633
2.687483 0.285046
2.688877 0.273946
2.690272 0.262926
2.691669 0.253528
2.693067 0.244129
2.694467 0.233838
2.695868 0.222495
2.69727 0.211313
2.698674 0.202968
2.70008 0.198917
2.701487 0.196162
2.702896 0.193407
2.704306 0.191786
2.705717 0.192192
2.70713 0.192273
2.708544 0.190733
2.70996 0.18652
2.711378 0.180281
2.712797 0.172989
2.714217 0.161645
2.715639 0.14228
2.717062 0.114245
2.718487 0.085806
2.719913 0.06636
2.721341 0.058662
2.72277 0.059797
2.7242 0.065711
2.725633 0.075434
2.727067 0.084347
2.728502 0.090748
2.729939 0.097554
2.731377 0.107601
2.732817 0.120403
2.734258 0.133691
2.735701 0.146007
2.737146 0.153462
2.738592 0.157189
2.740039 0.160754
2.741488 0.165939
2.742939 0.174447
2.744391 0.182306
2.745844 0.185629
2.747299 0.187087
2.748756 0.188464
2.750214 0.189356
2.751674 0.189842
2.753135 0.190895
2.754598 0.1913
2.756062 0.19284
2.757528 0.194784
2.758996 0.195027
2.760465 0.195595
2.761936 0.197782
2.763408 0.199727
2.764882 0.201023
2.766357 0.201834
2.767834 0.202482
2.769313 0.203292
2.770793 0.204102
2.772275 0.205075
2.773758 0.207505
2.775243 0.210422
2.77673 0.21261
2.778218 0.21423
2.779707 0.214798
2.781199 0.215122
2.782691 0.21577
2.784185 0.216985
2.785681 0.217958
2.787179 0.218444
2.788678 0.219416
2.790179 0.220631
2.791682 0.222333
2.793186 0.223953
2.794692 0.225088
2.7962 0.226465
2.797709 0.227681
2.799219 0.228896
2.800731 0.229949
2.802245 0.230597
2.803761 0.231327
2.805278 0.232299
2.806797 0.233271
2.808318 0.234406
2.80984 0.235459
2.811363 0.236431
2.812889 0.237404
2.814416 0.238214
2.815945 0.239024
2.817475 0.240158
2.819007 0.240888
2.82054 0.241455
2.822076 0.242346
2.823613 0.242994
2.825152 0.243237
2.826692 0.243399
2.828234 0.243805
2.829778 0.244372
2.831324 0.24502
2.832871 0.245992
2.83442 0.246802
2.835971 0.24737
2.837523 0.247775
2.839077 0.248423
2.840632 0.24899
2.84219 0.249395
2.843749 0.2498
2.84531 0.249962
2.846872 0.250368
2.848437 0.250611
2.850003 0.250773
2.85157 0.251016
2.85314 0.251421
2.854711 0.251664
2.856283 0.251826
2.857857 0.252312
2.859434 0.252717
2.861012 0.252798
2.862592 0.252717
2.864173 0.25296
2.865757 0.253122
2.867342 0.253122
2.868929 0.253285
2.870517 0.253365
2.872108 0.253609
2.873699 0.254014
2.875293 0.254257
2.876889 0.254662
2.878486 0.255067
2.880085 0.255472
2.881686 0.255634
2.883289 0.255634
2.884893 0.255634
2.886499 0.255958
2.888107 0.256039
2.889717 0.255715
2.891329 0.255391
2.892942 0.25531
2.894558 0.255634
2.896175 0.256201
2.897794 0.256282
2.899415 0.25612
2.901037 0.256525
2.902662 0.257255
2.904288 0.257417
2.905916 0.257417
2.907546 0.257498
2.909178 0.257417
2.910811 0.257579
2.912446 0.257984
2.914083 0.25847
2.915722 0.258794
2.917363 0.259118
2.919006 0.259361
2.92065 0.259685
2.922296 0.260253
2.923944 0.260415
2.925594 0.26082
2.927246 0.261063
2.9289 0.260982
2.930556 0.260901
2.932213 0.260901
2.933873 0.260901
2.935534 0.261225
2.937198 0.261225
2.938863 0.261225
2.94053 0.261144
2.942199 0.261063
2.943869 0.260982
2.945542 0.260982
2.947217 0.260901
2.948893 0.261144
2.950572 0.260982
2.952252 0.260658
2.953934 0.260091
2.955618 0.259523
2.957304 0.258875
2.958992 0.258389
2.960681 0.257984
2.962373 0.257255
2.964067 0.256039
2.965763 0.255391
2.96746 0.255472
2.96916 0.255391
2.970861 0.25531
2.972565 0.255715
2.974271 0.256282
2.975978 0.256931
2.977687 0.257741
2.979398 0.258551
2.981112 0.259604
2.982827 0.26082
2.984544 0.262116
2.986264 0.263251
2.987985 0.264223
2.989709 0.265519
2.991434 0.266816
2.993161 0.26795
2.99489 0.268922
2.996621 0.270057
2.998354 0.271191
3.000089 0.272406
3.001826 0.273379
3.003565 0.274189
3.005306 0.274837
3.00705 0.27589
3.008795 0.277106
3.010542 0.277916
3.012291 0.278483
3.014043 0.279375
3.015796 0.280266
3.017552 0.281238
3.019309 0.28221
3.021069 0.28294
3.02283 0.283669
3.024594 0.284155
3.02636 0.284803
3.028127 0.285532
3.029897 0.285857
3.031669 0.286262
3.033443 0.286748
3.035219 0.287477
3.036998 0.287963
3.038778 0.288287
3.04056 0.288936
3.042344 0.289665
3.04413 0.290232
3.045919 0.290961
3.047709 0.291609
3.049502 0.292258
3.051297 0.292987
3.053094 0.293797
3.054893 0.294364
3.056694 0.294931
3.058498 0.29558
3.060303 0.296309
3.062111 0.296876
3.063921 0.297443
3.065733 0.297929
3.067547 0.298253
3.069363 0.298416
3.071181 0.298578
3.073001 0.299226
3.074824 0.299955
3.076649 0.300036
3.078476 0.300198
3.080305 0.300684
3.082136 0.301332
3.08397 0.302062
3.085805 0.302872
3.087644 0.303844
3.089484 0.304654
3.091326 0.305141
3.093171 0.305789
3.095017 0.306437
3.096866 0.307085
3.098717 0.307733
3.10057 0.308544
3.102426 0.309435
3.104284 0.310245
3.106144 0.310893
3.108006 0.311379
3.109871 0.311866
3.111737 0.312514
3.113606 0.313324
3.115477 0.313891
3.11735 0.31462
3.119226 0.315593
3.121104 0.316646
3.122984 0.317618
3.124866 0.318429
3.126751 0.31932
3.128638 0.320373
3.130527 0.321103
3.132419 0.321913
3.134313 0.322804
3.136209 0.323614
3.138108 0.324344
3.140008 0.32483
3.141912 0.325073
3.143817 0.325154
3.145725 0.324992
3.147635 0.324668
3.149547 0.324181
3.151462 0.323695
3.153378 0.32329
3.155298 0.323047
3.157219 0.322723
3.159143 0.32248
3.16107 0.322318
3.162998 0.321994
3.164929 0.321021
3.166862 0.320049
3.168798 0.319806
3.170736 0.32013
3.172677 0.320859
3.174619 0.321913
3.176565 0.32329
3.178513 0.324668
3.180463 0.326045
3.182415 0.327666
3.18437 0.329691
3.186327 0.331879
3.188287 0.333986
3.190248 0.33593
3.192213 0.337956
3.19418 0.339981
3.196149 0.341926
3.198121 0.343871
3.200095 0.345815
3.202072 0.347517
3.204051 0.349056
3.206032 0.350515
3.208016 0.352054
3.210002 0.353432
3.211991 0.354647
3.213982 0.355619
3.215976 0.35651
3.217972 0.357564
3.219971 0.358698
3.221972 0.35967
3.223976 0.3604
3.225982 0.360967
3.227991 0.361777
3.230002 0.362668
3.232016 0.363641
3.234032 0.36437
3.236051 0.365099
3.238072 0.365828
3.240096 0.366477
3.242123 0.367206
3.244152 0.368097
3.246183 0.369069
3.248217 0.369961
3.250253 0.37069
3.252293 0.371257
3.254334 0.371905
3.256378 0.372553
3.258425 0.373121
3.260474 0.373607
3.262526 0.373931
3.26458 0.374417
3.266638 0.374822
3.268697 0.374903
3.27076 0.374984
3.272825 0.374903
3.274892 0.374579
3.276962 0.37385
3.279035 0.372716
3.28111 0.371176
3.283188 0.369069
3.285269 0.366639
3.287352 0.363803
3.289438 0.36121
3.291526 0.35886
3.293617 0.356754
3.295711 0.354728
3.297807 0.352459
3.299906 0.349785
3.302008 0.347193
3.304113 0.344681
3.30622 0.342493
3.30833 0.341116
3.310443 0.340873
3.312558 0.341359
3.314676 0.341926
3.316797 0.342331
3.31892 0.342574
3.321046 0.342655
3.323175 0.342817
3.325307 0.343141
3.327442 0.343465
3.329579 0.343465
3.331719 0.342574
3.333861 0.340549
3.336007 0.337956
3.338155 0.335444
3.340306 0.333094
3.342458 0.330582
3.344615 0.328233
3.346774 0.326612
3.348936 0.326207
3.351101 0.327017
3.353268 0.328638
3.355439 0.331231
3.357612 0.334553
3.359789 0.338037
3.361968 0.341197
3.364149 0.34379
3.366334 0.345896
3.368521 0.347355
3.370711 0.348084
3.372904 0.348651
3.3751 0.349461
3.3773 0.349947
3.379501 0.350839
3.381706 0.352054
3.383913 0.353513
3.386123 0.355133
3.388336 0.356835
3.390553 0.357969
3.392771 0.359103
3.394992 0.360319
3.397217 0.361291
3.399445 0.362182
3.401675 0.362668
3.403909 0.363074
3.406146 0.363641
3.408385 0.364208
3.410627 0.364775
3.412873 0.365666
3.415121 0.366801
3.417372 0.368016
3.419626 0.369637
3.421884 0.371419
3.424144 0.373283
3.426407 0.375308
3.428673 0.377658
3.430943 0.379927
3.433215 0.381709
3.43549 0.383411
3.437768 0.385274
3.440049 0.386895
3.442333 0.388353
3.444621 0.38965
3.446911 0.390865
3.449204 0.39208
3.4515 0.393134
3.4538 0.394106
3.456102 0.395078
3.458408 0.395646
3.460716 0.396213
3.463028 0.396375
3.465343 0.396051
3.467662 0.39524
3.469983 0.394268
3.472307 0.393215
3.474634 0.392486
3.476965 0.392162
3.479298 0.392324
3.481635 0.392648
3.483975 0.393296
3.486317 0.394106
3.488663 0.394997
3.491012 0.395565
3.493365 0.396051
3.49572 0.396618
3.498079 0.397023
3.500441 0.397428
3.502806 0.398157
3.505175 0.399373
3.507547 0.40156
3.509921 0.40391
3.512299 0.40626
3.514681 0.408529
3.517065 0.410878
3.519453 0.413066
3.521844 0.415173
3.524238 0.417036
3.526636 0.4189
3.529036 0.42052
3.53144 0.421898
3.533848 0.423032
3.536258 0.423761
3.538672 0.424572
3.541089 0.425058
3.543509 0.425544
3.545932 0.426273
3.548359 0.42684
3.55079 0.427326
3.553223 0.427651
3.55566 0.428056
3.558101 0.428542
3.560545 0.428947
3.562992 0.42919
3.565443 0.429433
3.567896 0.429676
3.570354 0.430162
3.572814 0.430405
3.575278 0.430567
3.577746 0.43073
3.580216 0.430811
3.582691 0.430973
3.585169 0.431378
3.58765 0.431864
3.590135 0.432107
3.592623 0.432107
3.595114 0.432188
3.597609 0.432431
3.600107 0.432593
3.602608 0.432512
3.605114 0.432593
3.607622 0.432836
3.610135 0.432998
3.61265 0.432998
3.61517 0.432998
3.617692 0.432836
3.620219 0.432755
3.622749 0.432755
3.625283 0.432755
3.627819 0.432836
3.63036 0.432998
3.632904 0.432755
3.635452 0.432674
3.638003 0.432917
3.640558 0.433079
3.643116 0.432917
3.645679 0.432836
3.648244 0.432755
3.650813 0.432755
3.653386 0.432836
3.655962 0.432836
3.658543 0.432917
3.661126 0.433079
3.663713 0.432998
3.666304 0.43316
3.668898 0.433403
3.671497 0.433484
3.674099 0.433646
3.676705 0.433889
3.679314 0.433808
3.681927 0.433727
3.684544 0.433484
3.687165 0.431459
3.689789 0.427083
3.692417 0.425949
3.695049 0.42919
3.697685 0.431621
3.700324 0.432512
3.702967 0.433565
3.705615 0.434214
3.708265 0.434538
3.71092 0.434781
3.713578 0.434943
3.71624 0.434862
3.718906 0.435024
3.721576 0.435024
3.724249 0.434943
3.726926 0.435105
3.729607 0.435348
3.732292 0.435186
3.734981 0.434943
3.737674 0.434862
3.740371 0.434862
3.743071 0.4347
3.745776 0.434538
3.748485 0.4347
3.751197 0.4347
3.753913 0.434619
3.756634 0.434538
3.759358 0.434376
3.762086 0.434376
3.764818 0.434133
3.767554 0.433971
3.770293 0.433971
3.773037 0.433889
3.775785 0.433646
3.778537 0.433322
3.781293 0.432998
3.784053 0.432836
3.786817 0.432431
3.789586 0.432107
3.792358 0.43154
3.795134 0.431054
3.797915 0.430324
3.800699 0.429514
3.803488 0.428866
3.80628 0.428218
3.809077 0.42757
3.811877 0.427164
3.814683 0.42684
3.817492 0.426354
3.820305 0.425787
3.823123 0.425382
3.825944 0.425058
3.82877 0.424491
3.8316 0.423761
3.834434 0.423275
3.837271 0.422708
3.840113 0.422222
3.84296 0.421817
3.845811 0.421331
3.848666 0.420601
3.851525 0.420115
3.854389 0.41971
3.857257 0.419305
3.86013 0.418738
3.863006 0.41809
3.865887 0.417603
3.868772 0.41736
3.871661 0.417198
3.874554 0.417036
3.877452 0.416793
3.880355 0.416469
3.883262 0.415983
3.886173 0.415659
3.889088 0.415335
3.892008 0.415173
3.894932 0.414768
3.897861 0.4142
3.900793 0.413714
3.903731 0.413228
3.906672 0.412499
3.909618 0.411689
3.912569 0.410716
3.915524 0.409987
3.918483 0.409501
3.921447 0.408853
3.924416 0.408123
3.927389 0.407475
3.930367 0.406827
3.933349 0.406503
3.936336 0.405855
3.939327 0.404396
3.942322 0.402452
3.945323 0.400426
3.948327 0.3984
3.951337 0.396294
3.954351 0.394106
3.95737 0.392243
3.960393 0.390703
3.963421 0.388921
3.966453 0.387624
3.96949 0.386895
3.972532 0.386571
3.975579 0.386652
3.978629 0.386895
3.981685 0.387462
3.984745 0.388434
3.98781 0.389974
3.99088 0.391837
3.993955 0.393863
3.997034 0.396132
4.000118 0.398563
4.003208 0.400831
4.006302 0.402938
4.0094 0.404882
4.012504 0.406584
4.015612 0.407799
4.018724 0.408772
4.021842 0.409501
4.024965 0.410392
4.028091 0.41104
4.031223 0.411851
4.03436 0.412742
4.037502 0.41339
4.040649 0.413876
4.043801 0.414443
4.046958 0.414849
4.050119 0.415254
4.053287 0.415416
4.056458 0.415335
4.059635 0.415173
4.062816 0.415173
4.066003 0.415011
4.069194 0.414768
4.072391 0.414605
4.075593 0.414281
4.078799 0.414038
4.082011 0.413714
4.085227 0.41339
4.088449 0.413147
4.091676 0.412904
4.094908 0.41258
4.098145 0.412175
4.101388 0.411932
4.104634 0.411608
4.107887 0.411283
4.111144 0.410878
4.114407 0.410473
4.117675 0.409987
4.120948 0.409825
4.124227 0.40942
4.12751 0.409015
4.130799 0.40861
4.134094 0.408367
4.137393 0.407961
4.140697 0.407718
4.144008 0.407232
4.147323 0.406908
4.150643 0.406503
4.153969 0.406179
4.157301 0.405936
4.160638 0.405612
4.16398 0.405207
4.167327 0.404964
4.17068 0.404801
4.174038 0.404477
4.177401 0.40391
4.18077 0.403748
4.184143 0.403586
4.187523 0.403181
4.190908 0.402695
4.194299 0.402209
4.197695 0.401723
4.201097 0.401479
4.204504 0.400831
4.207917 0.400183
4.211336 0.399373
4.214759 0.398319
4.218189 0.397347
4.221624 0.396699
4.225064 0.395808
4.22851 0.394997
4.231962 0.394349
4.23542 0.393944
4.238883 0.393782
4.242352 0.393782
4.245827 0.394106
4.249307 0.394673
4.252793 0.39524
4.256284 0.395484
4.259782 0.394835
4.263285 0.393782
4.266792 0.392729
4.270307 0.391837
4.273828 0.391351
4.277354 0.390865
4.280886 0.390703
4.284424 0.390703
4.287968 0.390622
4.291517 0.390784
4.295074 0.390865
4.298635 0.391027
4.302202 0.391189
4.305776 0.391432
4.309355 0.391513
4.31294 0.391756
4.316531 0.391918
4.320128 0.39208
4.323732 0.391999
4.327342 0.391918
4.330956 0.391837
4.334578 0.391756
4.338205 0.391513
4.341838 0.391189
4.345478 0.390865
4.349123 0.390541
4.352774 0.390136
4.356431 0.389731
4.360096 0.389164
4.363765 0.388434
4.367442 0.387705
4.371124 0.386976
4.374813 0.386166
4.378508 0.385355
4.38221 0.384545
4.385918 0.383735
4.389631 0.382844
4.393351 0.381952
4.397078 0.38098
4.40081 0.379927
4.404549 0.378873
4.408295 0.377901
4.412045 0.37701
4.415803 0.376038
4.419568 0.374984
4.423338 0.374012
4.427116 0.372878
4.4309 0.371662
4.43469 0.370447
4.438487 0.369312
4.442291 0.367935
4.446101 0.366396
4.449917 0.365018
4.45374 0.36356
4.45757 0.361939
4.461406 0.3604
4.465249 0.358698
4.469098 0.357321
4.472954 0.356024
4.476817 0.354566
4.480686 0.353026
4.484562 0.351568
4.488445 0.350109
4.492334 0.348651
4.496231 0.347112
4.500134 0.345815
4.504043 0.3446
4.507959 0.343465
4.511883 0.342088
4.515813 0.34063
4.51975 0.339252
4.523694 0.337875
4.527645 0.336497
4.531602 0.335282
4.535568 0.333823
4.539539 0.332122
4.543518 0.329934
4.547503 0.327504
4.551496 0.324506
4.555496 0.321589
4.559502 0.318753
4.563516 0.315755
4.567537 0.312919
4.571565 0.310164
4.5756 0.30749
4.579642 0.304735
4.583691 0.302143
4.587747 0.299469
4.591811 0.296957
4.595881 0.294445
4.599958 0.291852
4.604044 0.289179
4.608136 0.286343
4.612236 0.283507
4.616343 0.28059
4.620458 0.277592
4.624579 0.274513
4.628708 0.271353
4.632845 0.268112
4.636989 0.264952
4.64114 0.261792
4.645299 0.258713
4.649466 0.255715
4.653639 0.252798
4.65782 0.249881
4.662009 0.246884
4.666206 0.243886
4.67041 0.240888
4.674621 0.23789
4.67884 0.235135
4.683066 0.232542
4.687301 0.230192
4.691543 0.227924
4.695792 0.226303
4.700048 0.224845
4.704313 0.223467
4.708586 0.222171
4.712867 0.220874
4.717155 0.219416
4.721451 0.217877
4.725755 0.216175
4.730067 0.214392
4.734388 0.212367
4.738715 0.210017
4.743051 0.207586
4.747394 0.205075
4.751746 0.20232
4.756105 0.199484
4.760472 0.196648
4.764848 0.193974
4.769232 0.191381
4.773623 0.188626
4.778023 0.185953
4.782431 0.183441
4.786847 0.181091
4.791271 0.178903
4.795703 0.17704
4.800144 0.175824
4.804591 0.174933
4.809048 0.174123
4.813513 0.173556
4.817986 0.17307
4.822468 0.172421
4.826958 0.171854
4.831457 0.171449
4.835964 0.170882
4.84048 0.170153
4.845004 0.169423
4.849536 0.16837
4.854077 0.167155
4.858626 0.165858
4.863184 0.164562
4.867751 0.163347
4.872326 0.161969
4.876908 0.160511
4.8815 0.159052
4.886101 0.157432
4.89071 0.15573
4.895329 0.153867
4.899956 0.152084
4.904591 0.150059
4.909236 0.147871
4.91389 0.145683
4.918552 0.143739
4.923223 0.141875
4.927903 0.140092
4.932591 0.138391
4.937289 0.136932
4.941996 0.135555
4.946712 0.134016
4.951437 0.132395
4.956171 0.130775
4.960914 0.129073
4.965665 0.127696
4.970426 0.126399
4.975196 0.125022
4.979976 0.123644
4.984764 0.122591
4.989561 0.121538
4.994367 0.120565
4.999184 0.119431
5.004009 0.118216
5.008844 0.117162
5.013688 0.11619
5.018541 0.115137
5.023404 0.114245
5.028277 0.113354
5.033159 0.112544
5.038051 0.111653
5.042951 0.110761
5.047862 0.109708
5.052782 0.108655
5.057711 0.10752
5.06265 0.10671
5.0676 0.105819
5.072558 0.10509
5.077527 0.10436
5.082504 0.10355
5.087492 0.10274
5.09249 0.101849
5.097497 0.100876
5.102514 0.099904
5.10754 0.099013
5.112577 0.097959
5.117624 0.097149
5.122681 0.096501
5.127748 0.096096
5.132825 0.096096
5.137912 0.096339
5.143009 0.096906
5.148117 0.097554
5.153234 0.098446
5.158362 0.099337
5.1635 0.100147
5.168648 0.101119
5.173806 0.10193
5.178975 0.10274
5.184154 0.103469
5.189344 0.103712
5.194544 0.103631
5.199754 0.103226
5.204975 0.102659
5.210206 0.101443
5.215447 0.099985
5.2207 0.098446
5.225963 0.096582
5.231235 0.094556
5.236519 0.092936
5.241814 0.091396
5.247119 0.090343
5.252435 0.089776
5.257762 0.089452
5.2631 0.08929
5.268449 0.089047
5.273809 0.088722
5.27918 0.088155
5.284561 0.087264
5.289953 0.086292
5.295357 0.085076
5.300771 0.083861
5.306197 0.082646
5.311634 0.08143
5.31708 0.080539
5.322538 0.080053
5.328009 0.079729
5.33349 0.079648
5.338983 0.079648
5.344487 0.079567
5.350003 0.079648
5.355529 0.080053
5.361069 0.080296
5.366619 0.080377
5.37218 0.080458
5.377753 0.080296
5.383337 0.080296
5.388933 0.080296
5.394541 0.080215
5.40016 0.079972
5.405792 0.079648
5.411435 0.079243
5.417089 0.078432
5.422756 0.07746
5.428434 0.07665
5.434124 0.075515
5.439826 0.074381
5.44554 0.073247
5.451264 0.072112
5.457003 0.071383
5.462753 0.070816
5.468515 0.070573
5.47429 0.070573
5.480077 0.070492
5.485876 0.070573
5.491687 0.070735
5.497512 0.070816
5.503348 0.070654
5.509196 0.070492
5.515058 0.070087
5.520931 0.06952
5.526816 0.069114
5.532715 0.068709
5.538626 0.068142
5.544551 0.067494
5.550487 0.066603
5.556436 0.065711
5.562398 0.065225
5.568373 0.064982
5.57436 0.064577
5.58036 0.064334
5.586374 0.064577
5.592398 0.06482
5.598437 0.064739
5.604489 0.064658
5.610555 0.064577
5.616633 0.064334
5.622725 0.064172
5.62883 0.064172
5.634949 0.064091
5.641082 0.064172
5.647227 0.064415
5.653385 0.064739
5.659557 0.064901
5.665742 0.065144
5.671941 0.065468
5.678154 0.065711
5.68438 0.066116
5.69062 0.066441
5.696874 0.066684
5.703141 0.066927
5.709422 0.066927
5.715717 0.066846
5.722026 0.066441
5.728348 0.066035
5.734685 0.065549
5.741033 0.064982
5.747398 0.064253
5.753777 0.063605
5.76017 0.062794
5.766577 0.061984
5.772999 0.06166
5.779435 0.061255
5.785885 0.060769
5.792351 0.060364
5.798831 0.059797
5.805324 0.059148
5.811832 0.058419
5.818355 0.057528
5.824893 0.056799
5.831445 0.056393
5.838012 0.055907
5.844594 0.05534
5.851191 0.054611
5.857803 0.053801
5.864429 0.053152
5.871071 0.052585
5.877727 0.051694
5.884399 0.051046
5.891086 0.050722
5.897785 0.050236
5.904502 0.050074
5.911235 0.049911
5.917983 0.049749
5.924747 0.049749
5.931525 0.049668
5.93832 0.049587
5.94513 0.050236
5.951957 0.050884
5.958798 0.051694
5.965655 0.052261
5.972528 0.052747
5.979417 0.053315
5.986322 0.05372
5.993242 0.054044
6.000179 0.054206
6.00713 0.054044
6.014098 0.053558
6.021083 0.052909
6.028085 0.052018
6.035102 0.051127
6.042136 0.04983
6.049186 0.048291
6.056253 0.047724
6.063337 0.047238
6.070437 0.046265
6.077554 0.045455
6.084687 0.045131
6.091837 0.044645
6.099004 0.044159
6.106188 0.043592
6.113389 0.043105
6.120608 0.042943
6.127842 0.042862
6.135094 0.042619
6.142364 0.042376
6.14965 0.042538
6.156953 0.042538
6.164274 0.042457
6.171613 0.0427
6.178967 0.042862
6.18634 0.042862
6.193731 0.043186
6.201139 0.043673
6.208566 0.04424
6.216011 0.044807
6.223473 0.045455
6.230953 0.046184
6.238452 0.046914
6.245968 0.047805
6.253502 0.048777
6.261055 0.049587
6.268626 0.050722
6.276215 0.052099
6.283823 0.053152
6.291449 0.054287
6.299095 0.055583
6.306758 0.05688
6.31444 0.058257
6.32214 0.059797
6.32986 0.061093
6.337598 0.062308
6.345355 0.063605
6.353131 0.065063
6.360924 0.066116
6.368739 0.067008
6.376572 0.068223
6.384425 0.069195
6.392297 0.069925
6.400189 0.070654
6.4081 0.071059
6.416031 0.071626
6.423983 0.073004
6.431953 0.073976
6.439943 0.074624
6.447953 0.075191
6.455982 0.075677
6.464032 0.07584
6.472102 0.075758
6.480192 0.075758
6.488305 0.075677
6.496436 0.075677
6.504587 0.076164
6.512758 0.076326
6.52095 0.076002
6.529163 0.07584
6.537397 0.075596
6.545651 0.075029
6.553923 0.074381
6.562219 0.073571
6.570536 0.072436
6.578875 0.071626
6.587234 0.070735
6.595614 0.069682
6.604017 0.068628
6.61244 0.067575
6.620886 0.066441
6.629353 0.065144
6.637841 0.063767
6.646351 0.063443
6.654883 0.063038
6.663437 0.062065
6.672013 0.061093
6.680611 0.060121
6.689233 0.059472
6.697875 0.059067
6.70654 0.058338
6.715228 0.05769
6.723937 0.057123
6.73267 0.056799
6.741425 0.056393
6.750203 0.055826
6.759001 0.055178
6.767824 0.054611
6.776671 0.054125
6.785541 0.053396
6.794435 0.052909
6.803351 0.052504
6.812291 0.052099
6.821255 0.051775
6.830244 0.051289
6.839254 0.050722
6.848289 0.050155
6.857347 0.04983
6.86643 0.049344
6.875537 0.049182
6.884668 0.049101
6.893823 0.048777
6.902999 0.048129
6.912203 0.047562
6.921432 0.047157
6.930685 0.046751
6.939963 0.046265
6.949265 0.045698
6.958593 0.044969
6.967947 0.044402
6.977327 0.043916
6.98673 0.043348
6.996159 0.042943
7.005613 0.042457
7.015093 0.041809
7.024599 0.041323
7.03413 0.040756
7.043687 0.040107
7.053272 0.039621
7.062882 0.039216
7.072517 0.038649
7.082179 0.038082
7.091867 0.037596
7.101583 0.036866
7.111324 0.036137
7.121092 0.035408
7.130883 0.03476
7.140706 0.034274
7.150555 0.033868
7.160431 0.033625
7.170335 0.033463
7.180266 0.033301
7.190225 0.033139
7.200211 0.032896
7.210228 0.032653
7.22027 0.032491
7.23034 0.032248
7.240438 0.0316
7.250565 0.031033
7.26072 0.030709
7.270903 0.030141
7.281115 0.029736
7.291358 0.029412
7.301627 0.028926
7.311926 0.028602
7.322253 0.028278
7.33261 0.027873
7.342996 0.027468
7.353412 0.027224
7.363857 0.0269
7.374328 0.026657
7.384833 0.026333
7.395367 0.025928
7.405932 0.025685
7.416527 0.025442
7.427153 0.025118
7.437809 0.024794
7.448495 0.02447
7.459215 0.024227
7.469963 0.024064
7.480742 0.023902
7.491552 0.023821
7.502394 0.02374
7.513267 0.023578
7.524172 0.023497
7.535108 0.023578
7.546078 0.023497
7.557078 0.023335
7.56811 0.023011
7.579175 0.022768
7.590272 0.022363
7.601401 0.022039
7.612564 0.021634
7.623759 0.021391
7.634982 0.021067
7.646243 0.020823
7.657537 0.020661
7.668865 0.020337
7.680227 0.020013
7.691622 0.019527
7.703051 0.019041
7.714513 0.018798
7.726013 0.018555
7.737544 0.018393
7.74911 0.018312
7.76071 0.01815
7.772346 0.017907
7.784016 0.017826
7.795721 0.017744
7.807461 0.017501
7.819234 0.017339
7.831045 0.017258
7.842893 0.017096
7.854775 0.016934
7.866695 0.016853
7.87865 0.016772
7.890642 0.016691
7.90267 0.016448
7.914737 0.016205
7.926839 0.016124
7.938978 0.016124
7.951155 0.016286
7.963368 0.016367
7.97562 0.016448
7.987909 0.016529
8.000236 0.016772
8.012604 0.016934
8.025007 0.016934
8.03745 0.017015
8.04993 0.01742
8.062449 0.017826
8.075007 0.018231
8.087605 0.018636
8.100242 0.019041
8.112914 0.019527
8.12563 0.020418
8.138387 0.021067
8.151183 0.021715
8.16402 0.022363
8.176896 0.02293
8.189815 0.023335
8.202773 0.023659
8.215774 0.024064
8.228815 0.024389
8.241898 0.024713
8.255021 0.025037
8.268188 0.025199
8.281395 0.025685
8.294645 0.026333
8.307939 0.027062
8.321277 0.027711
8.334655 0.028683
8.348077 0.03006
8.361541 0.0316
8.37505 0.033382
8.388601 0.035489
8.402197 0.038082
8.415837 0.041161
8.429516 0.044645
8.443245 0.048777
8.457019 0.053477
8.470837 0.058905
8.484701 0.064901
8.49861 0.071464
8.512566 0.078675
8.526567 0.086373
8.540616 0.094313
8.554709 0.102011
8.56885 0.109951
8.583036 0.117324
8.59727 0.123806
8.611551 0.130045
8.62588 0.135798
8.640257 0.141551
8.654684 0.146736
8.669156 0.15014
8.683678 0.152084
8.698248 0.152975
8.712867 0.153624
8.727534 0.154029
8.742252 0.15411
8.75702 0.153867
8.771832 0.1533
8.786699 0.152489
8.801618 0.151355
8.816586 0.149815
8.831606 0.147709
8.846677 0.144873
8.861799 0.14147
8.876974 0.138391
8.892203 0.136608
8.907482 0.135069
8.922813 0.133448
8.938197 0.131585
8.953634 0.129883
8.969126 0.128344
8.98467 0.126966
9.000268 0.126156
9.015924 0.125994
9.031631 0.12648
9.047393 0.127615
9.06321 0.128992
9.079082 0.129964
9.095011 0.130775
9.110995 0.131099
9.127035 0.130612
9.143127 0.129478
9.159282 0.127858
9.175492 0.126642
9.191761 0.12648
9.208088 0.127209
9.224472 0.127939
9.240915 0.128911
9.257417 0.130207
9.27398 0.131585
9.290601 0.133043
9.307281 0.134178
9.32402 0.135069
9.34082 0.134745
9.35768 0.133043
9.374602 0.130694
9.391585 0.128344
9.408624 0.127047
9.42573 0.128344
9.442899 0.131099
9.460131 0.133124
9.477425 0.134745
9.494783 0.135555
9.512204 0.135312
9.52969 0.134583
9.547244 0.13361
9.564858 0.132476
9.582539 0.132638
9.600284 0.133853
9.618095 0.133772
9.635973 0.131099
9.653916 0.126561
9.671927 0.121781
9.690009 0.117243
9.708156 0.112949
9.72637 0.109222
9.744653 0.106386
9.763004 0.105657
9.781425 0.107115
9.799915 0.110194
9.818476 0.113192
9.837101 0.115461
9.855803 0.117243
9.874576 0.119593
9.89342 0.122429
9.912336 0.125265
9.931326 0.128506
9.950388 0.131585
9.969523 0.134502
9.988736 0.137905
10.008019 0.141065
10.027377 0.143982
10.04681 0.146655
10.066319 0.148357
10.085902 0.149734
10.105563 0.150464
10.1253 0.150059
10.145119 0.148519
10.165011 0.145602
10.184982 0.14228
10.205031 0.13912
10.22516 0.135555
10.245367 0.131666
10.265656 0.128506
10.286023 0.125427
10.306466 0.121781
10.326997 0.118135
10.34761 0.114975
10.368304 0.112949
10.389083 0.111734
10.409945 0.110599
10.43089 0.10906
10.45192 0.10671
10.473039 0.103712
10.49424 0.100309
10.515526 0.096501
10.536899 0.092045
10.558359 0.087507
10.579906 0.082484
10.601542 0.077217
10.623267 0.072436
10.645084 0.068385
10.666988 0.064577
10.688982 0.061255
10.711066 0.058824
10.733243 0.057447
10.755511 0.057285
10.777872 0.057933
10.800325 0.059148
10.822865 0.060931
10.845508 0.062632
10.868244 0.064172
10.891077 0.06482
10.914005 0.064577
10.937031 0.063686
10.960154 0.06247
10.983374 0.06085
11.006698 0.059878
11.030116 0.05931
11.053635 0.058419
11.077253 0.057609
11.100973 0.057123
11.124795 0.057042
11.14872 0.057123
11.172747 0.056799
11.196871 0.056718
11.221107 0.056556
11.245447 0.056069
11.269894 0.05534
11.294447 0.054692
11.319107 0.054125
11.343875 0.053639
11.368752 0.052747
11.393744 0.051937
11.418839 0.051289
11.444047 0.050965
11.469365 0.050155
11.494797 0.049425
11.52034 0.04902
11.545999 0.048291
11.571771 0.047643
11.597663 0.046914
11.623667 0.046103
11.649787 0.045536
11.676025 0.044888
11.702382 0.044321
11.728858 0.044078
11.755454 0.043673
11.782171 0.042781
11.809002 0.042295
11.835962 0.042052
11.863048 0.041404
11.890256 0.040513
11.91759 0.039702
11.94505 0.038892
11.972636 0.038163
12.000351 0.037596
12.028198 0.036947
12.056171 0.03638
12.084274 0.035651
12.112508 0.035003
12.140875 0.034517
12.169374 0.034031
12.198009 0.033382
12.226777 0.032653
12.255688 0.031762
12.28473 0.030627
12.31391 0.03006
12.343228 0.029979
12.372687 0.029493
12.402287 0.029007
12.432029 0.02844
12.461913 0.027792
12.491931 0.027386
12.522105 0.026333
12.552425 0.02528
12.582892 0.025118
12.613507 0.024875
12.644272 0.024632
12.675187 0.024956
12.706254 0.025523
12.737479 0.026414
12.768852 0.027386
12.80038 0.027711
12.832064 0.027224
12.863906 0.02609
12.895905 0.025928
12.928064 0.026981
12.960384 0.028926
12.992874 0.031924
13.025519 0.036299
13.05833 0.040026
13.091305 0.042214
13.124448 0.042943
13.157759 0.042457
13.191238 0.04108
13.22489 0.038649
13.258701 0.03638
13.292698 0.034436
13.326869 0.032167
13.361217 0.030627
13.395742 0.029088
13.430446 0.027711
13.46533 0.02609
13.500397 0.024551
13.535651 0.023497
13.571085 0.022606
13.606705 0.022363
13.642511 0.02212
13.678508 0.021148
13.714694 0.020661
13.751073 0.020823
13.787644 0.020823
13.82442 0.020904
13.861383 0.021553
13.898545 0.022282
13.935907 0.022768
13.97347 0.023011
14.011236 0.022687
14.049208 0.021796
14.087384 0.020823
14.125755 0.020175
14.16435 0.019041
14.203156 0.018474
14.242176 0.019608
14.281411 0.021067
14.320862 0.023092
14.360532 0.026819
14.400422 0.031195
14.440542 0.034922
14.48088 0.037191
14.521442 0.038892
14.562233 0.039378
14.603253 0.038406
14.644506 0.036623
14.685991 0.034679
14.727713 0.033382
14.76966 0.032734
14.811859 0.032248
14.8543 0.031357
14.896984 0.030465
14.939916 0.030303
14.983094 0.029574
15.026524 0.02763
15.070205 0.025604
15.11415 0.024308
15.158343 0.023092
15.202796 0.021634
15.24751 0.020418
15.292488 0.01977
15.337732 0.018798
15.383245 0.017744
15.429028 0.01742
15.475092 0.017177
15.521424 0.016529
15.568036 0.016205
15.614927 0.016124
15.662103 0.015314
15.709563 0.014341
15.757313 0.013531
15.805353 0.012802
15.853672 0.011992
15.902304 0.011587
15.951234 0.011668
16.000465 0.011749
16.050003 0.012235
16.099848 0.012802
16.150003 0.013126
16.200472 0.014098
16.251265 0.015314
16.30237 0.016853
16.353796 0.018717
16.405548 0.021472
16.45763 0.025118
16.510042 0.02925
16.56279 0.032815
16.615877 0.03638
16.669313 0.040837
16.723085 0.046022
16.777206 0.05137
16.831676 0.056799
16.886503 0.062957
16.941689 0.069925
16.997234 0.077784
17.053146 0.085887
17.109409 0.094961
17.166063 0.104522
17.223093 0.114326
17.280504 0.123401
17.338299 0.132557
17.396481 0.142604
17.455055 0.151841
17.514025 0.160025
17.573404 0.167722
17.633179 0.173313
17.693359 0.176149
17.753954 0.178822
17.814964 0.180848
17.876394 0.180443
17.938251 0.178903
18.000536 0.178012
18.063269 0.17939
18.126427 0.184575
18.190027 0.191867
18.254078 0.198349
18.318579 0.203049
18.383539 0.204507
18.448961 0.203373
18.514851 0.20159
18.58119 0.198998
18.648029 0.194217
18.715351 0.186601
18.783159 0.178093
18.851461 0.171449
18.920263 0.167317
18.989569 0.16521
19.059383 0.165939
19.129725 0.168937
19.200575 0.168613
19.271952 0.166183
19.343863 0.165534
19.416311 0.168613
19.489305 0.172016
19.562849 0.176311
19.636951 0.17866
19.711594 0.177526
19.786827 0.175906
19.862638 0.174852
19.939034 0.175095
20.016018 0.174204
20.093599 0.172989
20.171785 0.167236
20.250582 0.161402
20.330009 0.157594
20.410049 0.153056
20.490723 0.149491
20.572035 0.147628
20.653994 0.147628
20.73661 0.145197
20.819889 0.142928
20.903841 0.142604
20.988487 0.143009
21.073807 0.143739
21.159821 0.14463
21.246542 0.14544
21.333977 0.145116
21.422132 0.145359
21.511023 0.146574
21.600651 0.149167
21.691 0.151517
21.782139 0.153137
21.874046 0.15257
21.966734 0.153137
22.060209 0.152246
22.154484 0.149653
22.249567 0.147304
22.34547 0.144306
22.442221 0.136851
22.539797 0.131018
22.638224 0.126075
22.737514 0.121133
22.837679 0.116838
22.93873 0.112301
23.04068 0.10671
23.143541 0.101524
23.247343 0.097149
23.35206 0.096825
23.457727 0.097149
23.564352 0.096744
23.671953 0.097959
23.78054 0.100228
23.890127 0.098165
24.000731 0.094144
24.112324 0.090466
24.224998 0.087235
24.338732 0.083317
24.453537 0.08043
24.569429 0.080705
24.686426 0.083283
24.804543 0.086307
24.923796 0.088129
25.044222 0.086238
25.165796 0.081976
25.288555 0.081598
25.412519 0.087957
25.537704 0.094144
25.664127 0.095588
25.791811 0.092494
25.920769 0.087407
26.051052 0.083489
26.182623 0.080842
26.315529 0.078196
26.449793 0.075893
26.585432 0.074346
26.722471 0.071837
26.860929 0.069121
27.00083 0.067025
27.142149 0.066818
27.285002 0.072146
27.429367 0.081014
27.575268 0.088507
27.722729 0.09356
27.871777 0.094763
28.022434 0.092975
28.17473 0.090466
28.328716 0.089298
28.484369 0.089401
28.641743 0.088679
28.800863 0.086548
28.961761 0.085139
29.124468 0.084348
29.289013 0.082561
29.455427 0.081908
29.623777 0.083214
29.794029 0.083661
29.966249 0.081873
30.140471 0.079399
30.316732 0.077061
30.495066 0.074346
30.67551 0.072009
30.858103 0.069843
31.04282 0.069259
31.229824 0.072249
31.419096 0.077577
31.610676 0.08287
31.804607 0.084829
32.000931 0.083729
32.199696 0.081289
32.400944 0.078574
32.604759 0.076443
32.811115 0.076064
33.020103 0.07823
33.231773 0.081083
33.446171 0.08122
33.663353 0.080086
33.883377 0.079192
34.106293 0.078883
34.332088 0.076408
34.560966 0.073177
34.792919 0.073383
35.028008 0.075068
35.266293 0.074965
35.507843 0.075996
35.752724 0.077199
36.001007 0.077989
36.252811 0.07847
36.508114 0.077921
36.767036 0.077061
37.029659 0.074793
37.296059 0.070909
37.566319 0.068537
37.840527 0.068743
38.118767 0.069018
38.40118 0.068984
38.687756 0.067437
38.978642 0.064309
39.273933 0.062419
39.573734 0.062316
39.878147 0.061766
40.187283 0.060047
40.501244 0.05991
40.820042 0.063794
41.144012 0.069396
41.473164 0.075343
41.807625 0.081942
42.147522 0.085585
42.492992 0.085723
42.844173 0.083592
43.20121 0.08098
43.564312 0.078058
43.933502 0.077852
44.309002 0.079089
44.690975 0.077267
45.079594 0.07603
45.475029 0.078161
45.87746 0.079777
46.287083 0.079295
46.704159 0.078608
47.128742 0.079089
47.561119 0.078745
48.001499 0.077611
48.450111 0.077371
48.907188 0.076786
49.372971 0.077027
49.847713 0.078367
50.331509 0.077577
50.824955 0.07524
51.328171 0.071287
51.841454 0.064
52.365105 0.061113
52.899441 0.067025
53.444794 0.071115
54.001511 0.071734
54.570061 0.074724
55.150593 0.079983
55.74361 0.080533
56.349518 0.077749
56.968742 0.077302
57.60173 0.076443
58.24894 0.074896
58.910862 0.07273
59.588123 0.070909
60.28101 0.070634
60.9902 0.072559
61.716274 0.080876
62.459846 0.090672
63.221554 0.09466
64.002068 0.097925
64.802094 0.091497
65.622093 0.084657
66.463402 0.082698
67.326561 0.083695
68.21244 0.088198
69.121933 0.092907
70.056015 0.094041
71.015686 0.09301
72.002014 0.092907
73.016319 0.092907
74.05941 0.094178
75.132736 0.094144
76.237625 0.093835
77.375504 0.09246
78.547859 0.091979
79.756294 0.090913
81.002487 0.089538
82.28849 0.089641
83.61573 0.089435
84.986481 0.090569
86.402931 0.096241
87.867393 0.099231
89.382355 0.099987
90.95047 0.104043
92.574593 0.107686
94.25721 0.107893
96.002708 0.106621
97.814079 0.105418
99.695114 0.104834
101.649918 0.106037
103.682915 0.107515
105.798889 0.103837
108.003029 0.103493
110.301392 0.105418
112.699249 0.106586
115.203682 0.109852
117.821953 0.115008
120.562004 0.117964
123.432541 0.123085
126.443092 0.125147
129.604187 0.12635
132.926254 0.130887
136.424286 0.136524
140.11142 0.139893
144.003372 0.153813
148.117722 0.162922
152.474106 0.155635
157.094498 0.153848
162.003662 0.160516
167.230545 0.15725
172.804886 0.162887
178.763672 0.164503
185.148087 0.166737
192.005402 0.190831
199.390213 0.299755
207.365814 0.299996
216.006042 0.243248
