1.363533 0.415978
1.363892 0.415514
1.364251 0.414933
1.36461 0.414759
1.364969 0.414643
1.365329 0.414121
1.365689 0.414353
1.366048 0.414295
1.366408 0.414353
1.366769 0.414527
1.367129 0.414179
1.36749 0.413598
1.367851 0.413018
1.368212 0.412379
1.368573 0.411741
1.368934 0.411392
1.369296 0.41087
1.369658 0.409999
1.37002 0.409187
1.370382 0.408142
1.370744 0.406574
1.371107 0.405297
1.371469 0.404194
1.371832 0.402917
1.372195 0.401292
1.372559 0.39926
1.372922 0.397693
1.373286 0.3963
1.37365 0.395255
1.374014 0.394326
1.374378 0.392527
1.374743 0.39154
1.375107 0.390843
1.375472 0.390321
1.375837 0.39003
1.376202 0.390147
1.376568 0.390379
1.376933 0.390843
1.377299 0.390843
1.377665 0.390611
1.378031 0.391308
1.378398 0.391482
1.378764 0.391946
1.379131 0.392469
1.379498 0.392991
1.379866 0.39392
1.380233 0.394674
1.3806 0.395197
1.380968 0.395835
1.381336 0.396532
1.381704 0.396706
1.382073 0.396358
1.382441 0.396706
1.38281 0.397403
1.383179 0.397693
1.383548 0.397809
1.383917 0.397751
1.384287 0.397461
1.384657 0.396706
1.385027 0.396184
1.385397 0.396068
1.385767 0.395139
1.386137 0.394442
1.386508 0.393978
1.386879 0.393049
1.38725 0.39183
1.387622 0.390785
1.387993 0.38974
1.388365 0.388986
1.388737 0.388231
1.389109 0.387534
1.389481 0.386257
1.389853 0.385619
1.390226 0.385387
1.390599 0.38498
1.390972 0.38469
1.391346 0.384458
1.391719 0.383935
1.392093 0.383645
1.392467 0.383703
1.392841 0.383703
1.393215 0.383935
1.39359 0.384632
1.393965 0.385038
1.394339 0.385096
1.394715 0.385619
1.39509 0.386431
1.395465 0.386548
1.395841 0.386664
1.396217 0.387186
1.396593 0.387883
1.39697 0.388289
1.397346 0.388231
1.397723 0.388695
1.3981 0.388986
1.398477 0.389334
1.398854 0.38974
1.399232 0.389624
1.39961 0.389856
1.399988 0.390089
1.400366 0.389798
1.400744 0.389972
1.401123 0.390727
1.401502 0.390669
1.401881 0.390321
1.40226 0.390089
1.402639 0.390321
1.403019 0.390669
1.403399 0.390437
1.403779 0.39003
1.404159 0.389972
1.404539 0.38974
1.40492 0.38945
1.405301 0.389276
1.405682 0.38945
1.406063 0.38916
1.406444 0.388463
1.406826 0.387999
1.407208 0.388231
1.40759 0.388405
1.407972 0.388347
1.408355 0.387709
1.408737 0.387186
1.40912 0.387244
1.409503 0.38707
1.409887 0.386606
1.41027 0.386257
1.410654 0.386664
1.411038 0.386431
1.411422 0.385793
1.411807 0.386025
1.412191 0.385793
1.412576 0.385445
1.412961 0.385038
1.413346 0.384748
1.413732 0.38498
1.414117 0.38469
1.414503 0.383993
1.414889 0.384226
1.415275 0.38469
1.415662 0.384516
1.416049 0.3844
1.416435 0.384342
1.416823 0.384051
1.41721 0.383993
1.417597 0.384051
1.417985 0.383993
1.418373 0.383935
1.418761 0.383703
1.41915 0.383587
1.419538 0.383703
1.419927 0.383935
1.420316 0.383471
1.420706 0.383297
1.421095 0.383471
1.421485 0.383123
1.421875 0.382949
1.422265 0.382774
1.422655 0.382774
1.423046 0.382716
1.423436 0.382484
1.423827 0.382252
1.424218 0.382426
1.42461 0.382542
1.425001 0.382658
1.425393 0.382368
1.425785 0.382136
1.426177 0.38231
1.42657 0.382078
1.426962 0.38202
1.427355 0.382252
1.427748 0.38231
1.428142 0.381904
1.428535 0.381439
1.428929 0.381033
1.429323 0.381323
1.429717 0.381555
1.430112 0.381497
1.430506 0.381265
1.430901 0.381149
1.431296 0.380975
1.431691 0.380743
1.432087 0.380801
1.432482 0.381091
1.432878 0.381323
1.433275 0.380975
1.433671 0.380685
1.434067 0.380162
1.434464 0.37993
1.434861 0.380336
1.435259 0.38051
1.435656 0.380278
1.436054 0.380278
1.436452 0.380394
1.43685 0.380336
1.437248 0.380104
1.437647 0.379814
1.438046 0.37964
1.438445 0.379233
1.438844 0.37964
1.439243 0.380046
1.439643 0.379814
1.440043 0.379756
1.440443 0.379524
1.440843 0.379291
1.441244 0.379408
1.441645 0.379291
1.442046 0.379291
1.442447 0.379291
1.442848 0.379233
1.44325 0.379117
1.443652 0.378885
1.444054 0.378711
1.444457 0.379001
1.444859 0.379233
1.445262 0.378885
1.445665 0.378537
1.446068 0.378479
1.446472 0.378595
1.446875 0.378885
1.447279 0.379059
1.447683 0.378885
1.448088 0.379001
1.448492 0.378943
1.448897 0.378711
1.449302 0.378827
1.449708 0.379175
1.450113 0.379175
1.450519 0.378943
1.450925 0.378711
1.451331 0.378711
1.451737 0.378769
1.452144 0.378595
1.452551 0.378421
1.452958 0.378653
1.453365 0.378885
1.453773 0.379059
1.454181 0.379001
1.454589 0.378595
1.454997 0.378305
1.455405 0.378421
1.455814 0.378305
1.456223 0.378363
1.456632 0.378653
1.457042 0.378653
1.457451 0.378537
1.457861 0.378479
1.458271 0.378537
1.458682 0.378479
1.459092 0.378247
1.459503 0.378014
1.459914 0.378014
1.460325 0.378014
1.460737 0.37813
1.461148 0.378305
1.46156 0.378421
1.461972 0.378479
1.462385 0.378363
1.462797 0.378421
1.46321 0.377956
1.463623 0.378014
1.464037 0.378537
1.46445 0.378711
1.464864 0.378711
1.465278 0.378653
1.465692 0.378537
1.466107 0.378189
1.466522 0.377956
1.466937 0.378189
1.467352 0.378479
1.467767 0.378421
1.468183 0.378247
1.468599 0.378247
1.469015 0.378537
1.469431 0.378595
1.469848 0.378711
1.470265 0.378595
1.470682 0.378305
1.471099 0.378305
1.471517 0.378537
1.471935 0.378653
1.472353 0.378595
1.472771 0.378363
1.47319 0.378363
1.473608 0.378653
1.474027 0.378885
1.474447 0.379001
1.474866 0.378943
1.475286 0.378943
1.475706 0.378943
1.476126 0.378943
1.476546 0.379059
1.476967 0.379059
1.477388 0.379233
1.477809 0.379291
1.47823 0.379175
1.478652 0.379408
1.479074 0.379582
1.479496 0.37993
1.479918 0.37993
1.480341 0.379988
1.480764 0.380104
1.481187 0.37993
1.48161 0.379756
1.482034 0.380046
1.482458 0.380278
1.482882 0.380452
1.483306 0.380278
1.48373 0.380627
1.484155 0.380627
1.48458 0.380394
1.485006 0.380278
1.485431 0.380394
1.485857 0.380627
1.486283 0.380975
1.486709 0.381091
1.487135 0.380975
1.487562 0.380801
1.487989 0.380859
1.488416 0.381149
1.488844 0.381033
1.489271 0.380859
1.489699 0.380975
1.490128 0.381149
1.490556 0.381323
1.490985 0.381846
1.491414 0.381962
1.491843 0.381846
1.492272 0.381788
1.492702 0.382136
1.493132 0.382368
1.493562 0.382194
1.493993 0.382252
1.494423 0.38231
1.494854 0.3826
1.495285 0.382832
1.495717 0.38289
1.496148 0.38289
1.49658 0.382716
1.497012 0.382716
1.497445 0.382949
1.497877 0.382949
1.49831 0.383123
1.498744 0.383007
1.499177 0.383065
1.499611 0.383297
1.500045 0.383123
1.500479 0.383297
1.500913 0.383529
1.501348 0.383587
1.501783 0.383529
1.502218 0.383181
1.502653 0.383181
1.503089 0.383645
1.503525 0.383877
1.503961 0.384226
1.504398 0.384284
1.504834 0.384516
1.505271 0.384574
1.505709 0.384632
1.506146 0.384922
1.506584 0.385096
1.507022 0.384806
1.50746 0.38498
1.507898 0.385096
1.508337 0.385154
1.508776 0.385212
1.509215 0.385212
1.509655 0.385212
1.510094 0.385445
1.510534 0.385677
1.510975 0.385619
1.511415 0.385677
1.511856 0.386083
1.512297 0.386315
1.512738 0.386489
1.51318 0.386606
1.513622 0.386548
1.514064 0.386373
1.514506 0.386199
1.514948 0.386489
1.515391 0.386664
1.515834 0.386548
1.516278 0.386722
1.516721 0.387012
1.517165 0.387012
1.517609 0.387128
1.518054 0.387186
1.518499 0.387244
1.518944 0.387476
1.519389 0.387592
1.519834 0.387767
1.52028 0.387825
1.520726 0.387651
1.521172 0.387709
1.521619 0.387709
1.522065 0.387767
1.522512 0.388115
1.52296 0.387999
1.523407 0.387999
1.523855 0.388115
1.524303 0.388231
1.524751 0.388231
1.5252 0.388637
1.525649 0.388928
1.526098 0.388869
1.526547 0.389102
1.526997 0.389624
1.527447 0.389508
1.527897 0.389624
1.528347 0.389682
1.528798 0.389566
1.529249 0.389624
1.5297 0.389798
1.530152 0.390147
1.530604 0.390553
1.531055 0.390495
1.531508 0.390379
1.53196 0.390379
1.532413 0.390495
1.532866 0.390843
1.53332 0.391017
1.533773 0.390901
1.534227 0.391133
1.534682 0.391482
1.535136 0.391714
1.535591 0.391946
1.536046 0.392178
1.536501 0.392294
1.536956 0.392352
1.537412 0.392643
1.537868 0.392991
1.538324 0.392875
1.538781 0.392875
1.539238 0.392991
1.539695 0.393281
1.540153 0.393571
1.54061 0.393571
1.541068 0.393688
1.541527 0.394036
1.541985 0.394094
1.542444 0.393862
1.542903 0.39421
1.543363 0.394616
1.543822 0.394791
1.544282 0.394965
1.544742 0.394849
1.545203 0.395023
1.545663 0.395429
1.546124 0.395545
1.546586 0.395429
1.547047 0.395429
1.547509 0.395893
1.547971 0.396242
1.548433 0.3963
1.548896 0.396416
1.549359 0.39659
1.549822 0.396648
1.550285 0.396938
1.550749 0.39717
1.551213 0.397345
1.551677 0.397403
1.552142 0.397287
1.552607 0.397519
1.553072 0.397809
1.553537 0.398041
1.554003 0.398273
1.554469 0.398273
1.554935 0.398331
1.555402 0.398448
1.555868 0.398796
1.556336 0.398912
1.556803 0.39897
1.557271 0.399318
1.557738 0.399667
1.558207 0.399609
1.558675 0.399783
1.559144 0.399899
1.559613 0.400015
1.560082 0.400189
1.560552 0.400479
1.561022 0.400537
1.561492 0.400828
1.561963 0.400828
1.562433 0.400886
1.562905 0.401002
1.563376 0.401234
1.563848 0.401524
1.564319 0.401931
1.564792 0.402047
1.565264 0.401931
1.565737 0.401989
1.56621 0.402163
1.566683 0.402221
1.567156 0.402569
1.56763 0.402685
1.568105 0.402859
1.568579 0.403091
1.569054 0.403208
1.569529 0.403208
1.570004 0.40344
1.57048 0.40373
1.570956 0.40402
1.571432 0.404136
1.571908 0.404194
1.572385 0.404136
1.572862 0.404194
1.57334 0.404485
1.573817 0.404891
1.574295 0.404833
1.574773 0.404601
1.575252 0.404833
1.575731 0.405297
1.57621 0.405239
1.576689 0.405065
1.577169 0.405413
1.577649 0.405704
1.578129 0.405704
1.57861 0.405936
1.57909 0.406168
1.579572 0.40611
1.580053 0.406168
1.580535 0.406168
1.581017 0.406226
1.581499 0.406691
1.581982 0.406865
1.582465 0.406865
1.582948 0.407097
1.583431 0.407387
1.583915 0.407677
1.584399 0.407735
1.584884 0.407735
1.585368 0.407851
1.585853 0.408084
1.586339 0.408258
1.586824 0.408606
1.58731 0.408548
1.587796 0.408664
1.588283 0.409012
1.588769 0.409129
1.589256 0.409303
1.589744 0.409477
1.590231 0.409477
1.590719 0.409419
1.591208 0.409477
1.591696 0.409825
1.592185 0.410057
1.592674 0.410406
1.593163 0.410522
1.593653 0.410464
1.594143 0.410464
1.594634 0.410754
1.595124 0.41116
1.595615 0.411218
1.596107 0.411334
1.596598 0.411451
1.59709 0.411625
1.597582 0.411857
1.598075 0.412147
1.598568 0.412437
1.599061 0.412437
1.599554 0.412437
1.600048 0.41267
1.600542 0.412728
1.601036 0.412844
1.60153 0.413424
1.602025 0.413772
1.602521 0.413772
1.603016 0.41354
1.603512 0.413656
1.604008 0.414063
1.604505 0.414527
1.605001 0.414817
1.605498 0.414817
1.605996 0.414643
1.606493 0.414817
1.606991 0.415282
1.60749 0.415514
1.607988 0.415804
1.608487 0.415978
1.608986 0.416094
1.609486 0.416153
1.609986 0.416036
1.610486 0.416443
1.610986 0.416965
1.611487 0.417197
1.611988 0.417371
1.61249 0.41743
1.612991 0.417371
1.613493 0.417488
1.613996 0.417894
1.614498 0.417778
1.615001 0.417894
1.615505 0.418242
1.616008 0.418591
1.616512 0.418939
1.617016 0.418997
1.617521 0.418823
1.618026 0.419055
1.618531 0.419345
1.619036 0.419403
1.619542 0.419577
1.620048 0.420042
1.620554 0.4201
1.621061 0.420216
1.621568 0.420332
1.622076 0.420332
1.622583 0.420448
1.623091 0.42068
1.6236 0.421087
1.624108 0.421319
1.624617 0.421493
1.625127 0.421377
1.625636 0.421667
1.626146 0.421957
1.626656 0.422015
1.627167 0.422306
1.627678 0.422654
1.628189 0.422944
1.628701 0.423002
1.629212 0.422944
1.629725 0.422944
1.630237 0.423118
1.63075 0.423409
1.631263 0.423757
1.631777 0.423931
1.63229 0.424047
1.632804 0.424105
1.633319 0.423989
1.633834 0.424221
1.634349 0.42457
1.634864 0.424744
1.63538 0.424802
1.635896 0.425034
1.636412 0.425034
1.636929 0.425266
1.637446 0.42544
1.637964 0.425673
1.638481 0.425731
1.638999 0.425614
1.639518 0.425673
1.640036 0.425905
1.640555 0.426195
1.641075 0.426253
1.641594 0.426311
1.642114 0.426659
1.642634 0.426717
1.643155 0.426775
1.643676 0.427124
1.644197 0.42724
1.644719 0.42753
1.645241 0.42753
1.645763 0.42753
1.646286 0.427646
1.646809 0.427646
1.647332 0.427994
1.647856 0.428227
1.64838 0.428459
1.648904 0.428807
1.649429 0.428865
1.649953 0.428923
1.650479 0.429039
1.651004 0.428865
1.651531 0.429155
1.652057 0.429272
1.652583 0.42933
1.65311 0.429562
1.653638 0.42962
1.654165 0.42991
1.654693 0.430084
1.655222 0.430142
1.65575 0.430374
1.656279 0.430723
1.656809 0.430839
1.657338 0.430665
1.657868 0.430839
1.658399 0.431071
1.658929 0.431013
1.65946 0.431303
1.659992 0.431652
1.660523 0.431884
1.661055 0.431942
1.661588 0.432232
1.662121 0.432638
1.662654 0.43258
1.663187 0.432696
1.663721 0.432871
1.664255 0.432929
1.664789 0.433277
1.665324 0.433335
1.665859 0.433335
1.666395 0.433219
1.666931 0.433683
1.667467 0.434148
1.668003 0.434206
1.66854 0.434264
1.669077 0.434438
1.669615 0.434496
1.670153 0.434554
1.670691 0.434844
1.671229 0.434902
1.671769 0.435193
1.672308 0.435251
1.672847 0.435425
1.673387 0.435657
1.673928 0.436005
1.674468 0.436412
1.675009 0.43647
1.675551 0.436586
1.676093 0.436876
1.676635 0.43705
1.677177 0.437224
1.67772 0.43705
1.678263 0.436934
1.678806 0.437108
1.67935 0.437398
1.679894 0.437747
1.680439 0.437689
1.680984 0.437921
1.681529 0.438153
1.682074 0.438269
1.682621 0.438675
1.683167 0.438966
1.683714 0.43914
1.68426 0.439372
1.684808 0.43943
1.685356 0.439256
1.685904 0.439488
1.686452 0.439778
1.687001 0.440011
1.68755 0.440185
1.6881 0.440301
1.68865 0.440417
1.6892 0.440533
1.689751 0.440765
1.690302 0.441055
1.690853 0.44123
1.691405 0.441346
1.691957 0.44152
1.692509 0.441462
1.693061 0.441636
1.693615 0.441868
1.694168 0.4421
1.694722 0.442274
1.695276 0.442216
1.695831 0.442449
1.696385 0.442565
1.696941 0.442681
1.697497 0.442971
1.698053 0.442971
1.698609 0.443145
1.699166 0.443261
1.699723 0.443377
1.70028 0.443435
1.700838 0.443552
1.701396 0.44361
1.701955 0.443842
1.702514 0.443958
1.703073 0.444132
1.703633 0.444364
1.704193 0.44448
1.704753 0.444364
1.705314 0.444538
1.705875 0.444596
1.706436 0.444655
1.706998 0.445003
1.707561 0.445235
1.708123 0.445409
1.708686 0.445235
1.70925 0.445409
1.709813 0.445641
1.710377 0.445641
1.710942 0.445815
1.711507 0.445815
1.712072 0.445932
1.712638 0.446164
1.713204 0.446048
1.71377 0.445932
1.714337 0.446164
1.714904 0.446686
1.715471 0.446918
1.716039 0.447034
1.716607 0.447093
1.717176 0.447093
1.717745 0.447093
1.718314 0.447093
1.718884 0.447325
1.719454 0.447557
1.720024 0.447499
1.720595 0.447673
1.721167 0.447789
1.721738 0.447847
1.72231 0.448021
1.722883 0.448079
1.723455 0.448312
1.724029 0.448312
1.724602 0.448196
1.725176 0.44837
1.72575 0.448718
1.726325 0.44895
1.7269 0.449066
1.727476 0.449008
1.728051 0.449066
1.728628 0.44924
1.729204 0.449414
1.729781 0.449356
1.730358 0.449531
1.730936 0.449763
1.731514 0.449937
1.732093 0.449937
1.732672 0.449937
1.733251 0.450343
1.733831 0.450576
1.734411 0.450459
1.734991 0.450633
1.735572 0.450866
1.736153 0.451098
1.736735 0.45104
1.737317 0.450982
1.7379 0.451272
1.738482 0.451678
1.739066 0.451969
1.739649 0.451911
1.740233 0.452027
1.740817 0.452143
1.741402 0.452201
1.741987 0.452259
1.742573 0.452317
1.743159 0.452723
1.743745 0.453014
1.744332 0.453014
1.744919 0.453072
1.745506 0.453188
1.746094 0.453362
1.746683 0.45342
1.747271 0.453652
1.74786 0.453884
1.74845 0.454058
1.74904 0.454116
1.74963 0.454116
1.750221 0.454465
1.750812 0.454697
1.751403 0.454581
1.751995 0.454813
1.752588 0.455219
1.75318 0.455452
1.753773 0.455452
1.754367 0.455626
1.754961 0.455858
1.755555 0.455974
1.75615 0.4558
1.756745 0.456032
1.75734 0.45638
1.757936 0.456555
1.758533 0.456555
1.759129 0.456496
1.759726 0.456438
1.760324 0.456438
1.760922 0.456845
1.76152 0.457251
1.762119 0.457367
1.762718 0.457309
1.763318 0.457309
1.763918 0.457483
1.764518 0.457948
1.765119 0.45818
1.76572 0.458238
1.766322 0.458296
1.766924 0.458412
1.767526 0.458528
1.768129 0.45876
1.768732 0.458818
1.769336 0.458935
1.76994 0.459109
1.770545 0.459283
1.771149 0.459341
1.771755 0.459225
1.77236 0.459399
1.772967 0.459573
1.773573 0.459747
1.77418 0.459689
1.774787 0.459689
1.775395 0.459805
1.776004 0.459805
1.776612 0.459863
1.777221 0.460212
1.777831 0.460386
1.778441 0.46056
1.779051 0.46056
1.779662 0.460618
1.780273 0.460734
1.780884 0.46085
1.781496 0.460908
1.782109 0.461082
1.782721 0.46114
1.783335 0.461198
1.783948 0.461082
1.784562 0.461082
1.785177 0.461373
1.785792 0.461373
1.786407 0.461547
1.787023 0.461895
1.787639 0.461953
1.788256 0.461895
1.788873 0.461547
1.789491 0.461605
1.790108 0.461895
1.790727 0.461953
1.791346 0.462127
1.791965 0.462127
1.792585 0.462243
1.793205 0.462359
1.793825 0.462475
1.794446 0.462592
1.795067 0.462534
1.795689 0.46265
1.796311 0.462766
1.796934 0.462882
1.797557 0.462998
1.79818 0.462882
1.798804 0.462708
1.799429 0.462882
1.800053 0.463056
1.800679 0.463114
1.801304 0.463056
1.801931 0.463114
1.802557 0.46323
1.803184 0.463346
1.803812 0.463462
1.804439 0.463695
1.805068 0.463695
1.805696 0.463695
1.806326 0.463695
1.806955 0.463927
1.807585 0.464101
1.808216 0.464043
1.808847 0.464101
1.809478 0.464217
1.81011 0.464217
1.810742 0.464333
1.811375 0.464449
1.812008 0.464507
1.812641 0.464507
1.813275 0.464681
1.81391 0.464914
1.814545 0.464855
1.81518 0.464797
1.815816 0.464972
1.816452 0.465088
1.817089 0.465262
1.817726 0.465552
1.818363 0.465726
1.819001 0.466075
1.81964 0.4659
1.820279 0.465784
1.820918 0.465784
1.821558 0.465784
1.822199 0.466249
1.822839 0.466481
1.82348 0.466597
1.824122 0.466597
1.824764 0.466655
1.825406 0.466771
1.826049 0.466655
1.826693 0.466829
1.827337 0.467003
1.827981 0.467177
1.828626 0.467236
1.829271 0.467236
1.829917 0.467584
1.830563 0.467526
1.83121 0.467468
1.831857 0.467642
1.832504 0.4677
1.833152 0.467874
1.833801 0.468048
1.83445 0.468106
1.835099 0.468164
1.835749 0.468164
1.836399 0.468106
1.83705 0.468222
1.837701 0.468222
1.838353 0.468338
1.839005 0.468338
1.839658 0.468513
1.840311 0.468919
1.840964 0.468861
1.841618 0.468571
1.842272 0.468803
1.842927 0.468977
1.843583 0.469093
1.844238 0.469383
1.844895 0.469557
1.845551 0.469499
1.846209 0.469151
1.846867 0.468977
1.847525 0.469325
1.848184 0.469557
1.848843 0.46979
1.849502 0.46979
1.850162 0.469906
1.850823 0.469848
1.851484 0.469906
1.852145 0.469906
1.852807 0.469732
1.853469 0.469674
1.854132 0.469906
1.854796 0.470312
1.855459 0.470254
1.856124 0.469964
1.856789 0.470022
1.857454 0.470254
1.85812 0.47037
1.858786 0.470138
1.859453 0.469848
1.86012 0.47008
1.860788 0.470254
1.861456 0.470254
1.862124 0.470254
1.862794 0.470254
1.863463 0.470138
1.864133 0.47008
1.864804 0.470022
1.865475 0.470022
1.866146 0.470022
1.866818 0.469674
1.867491 0.469557
1.868164 0.469732
1.868837 0.469383
1.869511 0.469209
1.870185 0.469267
1.87086 0.469093
1.871536 0.469093
1.872212 0.468803
1.872888 0.468571
1.873565 0.468338
1.874242 0.468397
1.87492 0.468222
1.875599 0.468048
1.876277 0.467932
1.876957 0.4677
1.877637 0.467642
1.878317 0.467468
1.878998 0.467294
1.879679 0.467177
1.880361 0.466887
1.881043 0.466655
1.881726 0.466423
1.882409 0.466133
1.883093 0.465842
1.883777 0.46561
1.884462 0.465552
1.885147 0.46532
1.885833 0.46503
1.886519 0.464855
1.887206 0.464681
1.887893 0.464391
1.888581 0.464043
1.889269 0.463811
1.889958 0.463636
1.890647 0.463462
1.891337 0.463114
1.892027 0.462592
1.892718 0.462301
1.893409 0.462069
1.894101 0.461895
1.894793 0.461547
1.895486 0.46114
1.896179 0.460734
1.896873 0.460328
1.897568 0.459863
1.898262 0.459283
1.898958 0.458702
1.899654 0.458412
1.90035 0.458238
1.901047 0.458006
1.901744 0.457367
1.902442 0.456961
1.90314 0.456903
1.903839 0.456613
1.904539 0.456032
1.905239 0.455452
1.905939 0.455335
1.90664 0.455219
1.907342 0.455045
1.908044 0.455045
1.908746 0.454987
1.909449 0.454813
1.910153 0.454813
1.910857 0.454581
1.911561 0.454581
1.912266 0.454523
1.912972 0.454291
1.913678 0.454174
1.914385 0.454349
1.915092 0.454523
1.9158 0.454581
1.916508 0.454755
1.917217 0.454929
1.917926 0.454987
1.918636 0.454987
1.919346 0.454987
1.920057 0.454929
1.920768 0.455161
1.92148 0.455277
1.922193 0.455452
1.922906 0.455916
1.92362 0.45609
1.924333 0.45609
1.925048 0.456206
1.925763 0.456438
1.926479 0.456671
1.927195 0.456845
1.927912 0.457077
1.928629 0.457483
1.929346 0.457774
1.930065 0.457948
1.930784 0.458064
1.931503 0.458238
1.932223 0.458354
1.932943 0.458528
1.933664 0.458528
1.934386 0.45876
1.935108 0.459225
1.93583 0.459457
1.936554 0.459573
1.937277 0.459863
1.938002 0.459979
1.938726 0.460037
1.939452 0.460095
1.940177 0.460444
1.940904 0.46085
1.941631 0.46114
1.942358 0.461198
1.943086 0.461431
1.943815 0.461547
1.944544 0.461605
1.945274 0.461721
1.946004 0.462011
1.946735 0.462185
1.947466 0.462243
1.948198 0.462475
1.94893 0.462708
1.949663 0.462882
1.950397 0.462882
1.951131 0.46294
1.951865 0.463172
1.952601 0.463172
1.953336 0.463288
1.954073 0.463578
1.954809 0.463753
1.955547 0.464043
1.956285 0.464101
1.957023 0.463985
1.957762 0.463985
1.958502 0.464159
1.959242 0.464217
1.959983 0.464565
1.960724 0.464681
1.961466 0.464623
1.962208 0.464681
1.962951 0.464797
1.963695 0.464797
1.964439 0.464972
1.965183 0.464972
1.965929 0.465088
1.966674 0.465146
1.967421 0.465204
1.968168 0.465262
1.968915 0.465378
1.969663 0.465262
1.970412 0.46503
1.971161 0.465088
1.971911 0.465378
1.972661 0.465552
1.973413 0.465726
1.974164 0.465842
1.974916 0.465726
1.975669 0.465784
1.976422 0.4659
1.977176 0.465958
1.97793 0.465958
1.978685 0.465958
1.97944 0.466016
1.980196 0.466249
1.980953 0.466365
1.98171 0.466423
1.982468 0.466365
1.983226 0.466655
1.983986 0.466713
1.984745 0.466771
1.985505 0.466829
1.986266 0.466771
1.987027 0.466829
1.987789 0.467061
1.988552 0.467236
1.989315 0.467236
1.990078 0.467352
1.990842 0.46741
1.991607 0.467526
1.992373 0.4677
1.993139 0.467874
1.993905 0.46799
1.994673 0.467932
1.99544 0.46799
1.996209 0.468164
1.996978 0.468338
1.997747 0.468455
1.998517 0.468687
1.999288 0.468977
2.000059 0.469093
2.000831 0.469267
2.001604 0.469267
2.002377 0.469267
2.003151 0.469499
2.003925 0.469616
2.0047 0.469616
2.005476 0.46979
2.006252 0.470196
2.007029 0.470544
2.007806 0.470776
2.008584 0.470835
2.009362 0.470776
2.010141 0.471009
2.010921 0.471183
2.011701 0.471473
2.012482 0.471763
2.013264 0.471879
2.014046 0.472054
2.014829 0.472402
2.015612 0.472692
2.016396 0.472808
2.01718 0.472808
2.017966 0.47304
2.018752 0.473331
2.019538 0.473505
2.020325 0.473737
2.021113 0.474027
2.021901 0.474317
2.02269 0.474492
2.023479 0.474608
2.02427 0.475014
2.02506 0.475188
2.025852 0.475304
2.026644 0.475362
2.027436 0.47542
2.028229 0.475769
2.029023 0.476117
2.029818 0.476291
2.030613 0.476407
2.031409 0.476523
2.032204 0.476756
2.033001 0.477104
2.033799 0.477278
2.034597 0.477452
2.035396 0.477626
2.036195 0.4778
2.036996 0.477975
2.037796 0.478091
2.038598 0.478207
2.0394 0.478497
2.040203 0.478729
2.041006 0.478613
2.04181 0.478903
2.042614 0.47931
2.043419 0.479426
2.044225 0.479426
2.045032 0.479426
2.045839 0.47931
2.046646 0.479484
2.047455 0.47989
2.048264 0.480064
2.049073 0.479948
2.049883 0.479832
2.050694 0.480238
2.051505 0.480355
2.052317 0.480471
2.05313 0.480529
2.053944 0.480587
2.054758 0.480703
2.055573 0.480819
2.056388 0.481051
2.057204 0.481283
2.058021 0.481225
2.058838 0.480935
2.059656 0.481051
2.060475 0.481167
2.061294 0.481225
2.062114 0.481516
2.062935 0.481632
2.063756 0.481399
2.064577 0.481341
2.0654 0.481457
2.066223 0.481167
2.067047 0.481051
2.067871 0.481225
2.068696 0.481399
2.069522 0.481341
2.070349 0.481283
2.071176 0.481283
2.072004 0.481283
2.072833 0.481283
2.073662 0.481051
2.074492 0.480935
2.075322 0.480819
2.076153 0.480819
2.076985 0.480529
2.077817 0.480238
2.07865 0.480006
2.079484 0.480122
2.080319 0.480006
2.081154 0.480006
2.08199 0.480006
2.082826 0.47989
2.083663 0.479716
2.084501 0.479658
2.08534 0.4796
2.086179 0.479542
2.087018 0.4796
2.087859 0.479426
2.0887 0.479252
2.089542 0.47931
2.090385 0.47931
2.091228 0.479368
2.092072 0.479484
2.092917 0.479484
2.093762 0.479368
2.094608 0.47931
2.095454 0.479426
2.096302 0.479542
2.09715 0.479542
2.097999 0.479484
2.098848 0.479484
2.099698 0.479542
2.100549 0.479484
2.1014 0.479716
2.102252 0.479832
2.103105 0.479832
2.103959 0.479832
2.104813 0.479948
2.105668 0.480064
2.106524 0.480064
2.10738 0.479948
2.108237 0.48018
2.109094 0.480413
2.109953 0.480355
2.110812 0.480297
2.111672 0.480471
2.112532 0.480645
2.113394 0.480877
2.114255 0.480877
2.115118 0.480877
2.115981 0.481283
2.116845 0.481516
2.11771 0.481399
2.118576 0.481283
2.119442 0.481574
2.120309 0.481806
2.121176 0.481806
2.122045 0.48198
2.122913 0.48227
2.123783 0.482444
2.124654 0.482502
2.125525 0.482502
2.126396 0.482677
2.127269 0.482967
2.128142 0.483083
2.129016 0.483083
2.129891 0.483025
2.130766 0.483199
2.131642 0.483489
2.132519 0.483663
2.133397 0.483779
2.134275 0.483954
2.135154 0.484186
2.136034 0.484418
2.136914 0.48436
2.137795 0.484418
2.138677 0.484534
2.13956 0.484708
2.140444 0.484824
2.141328 0.484998
2.142213 0.485057
2.143099 0.485231
2.143985 0.485463
2.144872 0.485521
2.14576 0.485637
2.146648 0.485579
2.147537 0.485637
2.148427 0.485637
2.149318 0.485811
2.150209 0.485985
2.151101 0.486101
2.151994 0.486101
2.152888 0.486276
2.153783 0.486276
2.154678 0.486217
2.155574 0.486334
2.15647 0.48645
2.157368 0.486392
2.158266 0.486276
2.159165 0.486508
2.160064 0.486682
2.160964 0.486508
2.161865 0.48645
2.162767 0.486508
2.16367 0.486566
2.164573 0.486624
2.165478 0.486566
2.166383 0.485788
2.167288 0.485733
2.168195 0.485899
2.169102 0.485677
2.17001 0.485899
2.170919 0.486066
2.171828 0.486122
2.172739 0.485566
2.17365 0.485622
2.174561 0.485788
2.175474 0.485566
2.176387 0.485455
2.177301 0.485399
2.178216 0.485399
2.179132 0.48551
2.180048 0.485844
2.180965 0.485399
2.181883 0.484677
2.182801 0.484622
2.183721 0.484844
2.184641 0.484344
2.185562 0.484233
2.186484 0.484455
2.187407 0.484733
2.18833 0.484622
2.189254 0.484233
2.190179 0.483955
2.191105 0.483789
2.192032 0.484177
2.192959 0.484344
2.193887 0.484066
2.194816 0.483511
2.195745 0.4834
2.196676 0.483844
2.197607 0.483455
2.198539 0.483067
2.199472 0.482789
2.200405 0.482844
2.201339 0.482456
2.202275 0.482289
2.203211 0.482289
2.204147 0.482344
2.205085 0.4824
2.206023 0.482067
2.206962 0.481845
2.207902 0.481622
2.208843 0.481511
2.209784 0.481178
2.210727 0.480678
2.21167 0.480623
2.212614 0.480845
2.213559 0.4809
2.214504 0.480845
2.215451 0.4809
2.216398 0.480567
2.217346 0.480123
2.218295 0.479956
2.219244 0.479789
2.220195 0.479345
2.221146 0.47879
2.222098 0.47829
2.223051 0.477957
2.224005 0.477457
2.224959 0.477012
2.225914 0.47629
2.226871 0.475735
2.227827 0.475013
2.228785 0.474457
2.229744 0.473902
2.230703 0.473568
2.231663 0.473124
2.232625 0.472124
2.233587 0.471236
2.234549 0.470847
2.235513 0.469958
2.236477 0.468736
2.237442 0.467736
2.238408 0.466681
2.239375 0.465459
2.240343 0.464626
2.241312 0.464348
2.242281 0.463515
2.243252 0.462737
2.244223 0.462071
2.245195 0.461127
2.246168 0.460682
2.247141 0.460571
2.248116 0.460294
2.249091 0.460182
2.250067 0.460238
2.251044 0.460182
2.252022 0.46046
2.253 0.460571
2.25398 0.460238
2.254961 0.460127
2.255942 0.460627
2.256924 0.460738
2.257907 0.460627
2.258891 0.460071
2.259876 0.45946
2.260861 0.459238
2.261847 0.459072
2.262835 0.458516
2.263823 0.457905
2.264812 0.457294
2.265802 0.456961
2.266792 0.456572
2.267784 0.455961
2.268776 0.455183
2.26977 0.455239
2.270764 0.454572
2.271759 0.45385
2.272755 0.453739
2.273752 0.453462
2.27475 0.452573
2.275748 0.451684
2.276747 0.451073
2.277748 0.450073
2.278749 0.448851
2.279751 0.447685
2.280754 0.446463
2.281758 0.444852
2.282763 0.442853
2.283768 0.440742
2.284775 0.438742
2.285782 0.437021
2.286791 0.435188
2.2878 0.433466
2.28881 0.431522
2.289821 0.429578
2.290832 0.427856
2.291845 0.426245
2.292859 0.424912
2.293873 0.42369
2.294889 0.422857
2.295905 0.422024
2.296922 0.421079
2.29794 0.420135
2.29896 0.419524
2.299979 0.419302
2.301001 0.419191
2.302022 0.418469
2.303045 0.417525
2.304068 0.416747
2.305093 0.416025
2.306118 0.415025
2.307145 0.413748
2.308172 0.412526
2.309201 0.410693
2.31023 0.408915
2.31126 0.407304
2.31229 0.405583
2.313322 0.403972
2.314355 0.401917
2.315388 0.40025
2.316423 0.398917
2.317458 0.397084
2.318495 0.395474
2.319532 0.394252
2.32057 0.393474
2.321609 0.392308
2.32265 0.391141
2.323691 0.390697
2.324733 0.390808
2.325776 0.390308
2.32682 0.390086
2.327865 0.390252
2.32891 0.390697
2.329957 0.391197
2.331005 0.39203
2.332053 0.393252
2.333103 0.394918
2.334153 0.396696
2.335205 0.398084
2.336257 0.400028
2.33731 0.40225
2.338365 0.40425
2.33942 0.406138
2.340476 0.408082
2.341533 0.409637
2.342591 0.411193
2.34365 0.413081
2.34471 0.414581
2.345771 0.415914
2.346833 0.417191
2.347896 0.418469
2.34896 0.419913
2.350024 0.420746
2.35109 0.421135
2.352157 0.421857
2.353225 0.422246
2.354293 0.422357
2.355363 0.422524
2.356434 0.422857
2.357505 0.422857
2.358577 0.422912
2.359651 0.422579
2.360726 0.42219
2.361801 0.42169
2.362878 0.420968
2.363955 0.420024
2.365033 0.419413
2.366114 0.418913
2.367194 0.41808
2.368275 0.416969
2.369358 0.415803
2.370441 0.414192
2.371525 0.412859
2.372611 0.411692
2.373697 0.410304
2.374785 0.409137
2.375873 0.407971
2.376962 0.406805
2.378052 0.406083
2.379144 0.405083
2.380236 0.40425
2.38133 0.404083
2.382424 0.403861
2.383519 0.403805
2.384615 0.404416
2.385713 0.40536
2.386811 0.406305
2.387911 0.407138
2.389011 0.40836
2.390113 0.409582
2.391215 0.411081
2.392318 0.412581
2.393423 0.414136
2.394528 0.415581
2.395635 0.416969
2.396743 0.41858
2.397851 0.419746
2.398961 0.420302
2.400071 0.421468
2.401183 0.422412
2.402296 0.423135
2.40341 0.424079
2.404524 0.424912
2.40564 0.425523
2.406757 0.426078
2.407875 0.426356
2.408994 0.426689
2.410113 0.427189
2.411234 0.427689
2.412356 0.428022
2.413479 0.4283
2.414603 0.428411
2.415729 0.4288
2.416855 0.429022
2.417982 0.429411
2.419111 0.429578
2.42024 0.429467
2.421371 0.429522
2.422502 0.429467
2.423635 0.429078
2.424768 0.428578
2.425903 0.428356
2.427038 0.428522
2.428176 0.4283
2.429314 0.427634
2.430453 0.4268
2.431592 0.426301
2.432734 0.426023
2.433876 0.425523
2.435019 0.424912
2.436163 0.424412
2.437308 0.424023
2.438454 0.423634
2.439602 0.423246
2.44075 0.422801
2.4419 0.422468
2.443051 0.422635
2.444203 0.422746
2.445355 0.42269
2.44651 0.422579
2.447665 0.422857
2.448821 0.422524
2.449978 0.422468
2.451137 0.422412
2.452296 0.422079
2.453457 0.421913
2.454618 0.422135
2.455781 0.422135
2.456945 0.421801
2.45811 0.422024
2.459276 0.422079
2.460443 0.421801
2.461612 0.421913
2.462781 0.421968
2.463952 0.421579
2.465123 0.421246
2.466296 0.42119
2.46747 0.42119
2.468645 0.42119
2.469821 0.420802
2.470998 0.420468
2.472176 0.420302
2.473356 0.420357
2.474536 0.419969
2.475718 0.419802
2.476901 0.42008
2.478085 0.42008
2.47927 0.419691
2.480456 0.41958
2.481644 0.419469
2.482832 0.419635
2.484022 0.419691
2.485213 0.419691
2.486404 0.41958
2.487597 0.419246
2.488792 0.418913
2.489987 0.41858
2.491184 0.418302
2.492381 0.418024
2.493581 0.417414
2.494781 0.417247
2.495982 0.417136
2.497184 0.416469
2.498387 0.415803
2.499592 0.415636
2.500798 0.415636
2.502005 0.415747
2.503213 0.415581
2.504422 0.415358
2.505633 0.415358
2.506844 0.415192
2.508057 0.415081
2.509271 0.415414
2.510486 0.415525
2.511703 0.415525
2.51292 0.415469
2.514138 0.415469
2.515358 0.415414
2.516579 0.415469
2.517802 0.415303
2.519025 0.415414
2.52025 0.415469
2.521476 0.415469
2.522703 0.415303
2.523931 0.414914
2.52516 0.415081
2.526391 0.414914
2.527622 0.41497
2.528856 0.414914
2.53009 0.414803
2.531325 0.414636
2.532562 0.414136
2.5338 0.413803
2.535039 0.41347
2.536279 0.41347
2.53752 0.413414
2.538763 0.413248
2.540007 0.413192
2.541252 0.41297
2.542498 0.412859
2.543746 0.412859
2.544994 0.412637
2.546244 0.412303
2.547495 0.412026
2.548748 0.412026
2.550002 0.411415
2.551256 0.410804
2.552513 0.410304
2.553771 0.409971
2.555029 0.409582
2.556289 0.409526
2.55755 0.409471
2.558813 0.40936
2.560076 0.409137
2.561341 0.408749
2.562607 0.408415
2.563875 0.408582
2.565143 0.409026
2.566413 0.408971
2.567684 0.408749
2.568957 0.408749
2.57023 0.408638
2.571505 0.40836
2.572781 0.407971
2.574058 0.408193
2.575337 0.408193
2.576617 0.408138
2.577898 0.408415
2.579181 0.408693
2.580465 0.408471
2.58175 0.40836
2.583036 0.408249
2.584324 0.408693
2.585613 0.408749
2.586903 0.409026
2.588195 0.409193
2.589488 0.409582
2.590782 0.409526
2.592077 0.409026
2.593373 0.407638
2.594671 0.407082
2.595971 0.407915
2.597271 0.409082
2.598573 0.409582
2.599876 0.409249
2.601181 0.408804
2.602487 0.408471
2.603794 0.408138
2.605102 0.408027
2.606412 0.408027
2.607723 0.408249
2.609035 0.408193
2.610349 0.407971
2.611664 0.407804
2.612981 0.407804
2.614299 0.407749
2.615618 0.407082
2.616938 0.406416
2.61826 0.406305
2.619583 0.406027
2.620907 0.40586
2.622233 0.405694
2.62356 0.405472
2.624888 0.404972
2.626217 0.404139
2.627548 0.40325
2.628881 0.40225
2.630215 0.401084
2.63155 0.400528
2.632886 0.400139
2.634224 0.399584
2.635564 0.398751
2.636904 0.39814
2.638246 0.397418
2.63959 0.396696
2.640934 0.396196
2.64228 0.39564
2.643628 0.395251
2.644976 0.394752
2.646327 0.394529
2.647678 0.394307
2.649031 0.393807
2.650386 0.393418
2.651741 0.392919
2.653098 0.392419
2.654457 0.391863
2.655817 0.391086
2.657177 0.39003
2.65854 0.388753
2.659904 0.387198
2.66127 0.38592
2.662637 0.384087
2.664005 0.38131
2.665375 0.378422
2.666745 0.375422
2.668118 0.372367
2.669492 0.368146
2.670867 0.363425
2.672244 0.358315
2.673622 0.351261
2.675002 0.341152
2.676383 0.326932
2.677765 0.30777
2.67915 0.281719
2.680535 0.251559
2.681922 0.221676
2.68331 0.195515
2.6847 0.175075
2.68609 0.160689
2.687483 0.150524
2.688877 0.144303
2.690272 0.141026
2.691669 0.140138
2.693067 0.140749
2.694467 0.142915
2.695868 0.146359
2.69727 0.150969
2.698674 0.155468
2.70008 0.159967
2.701487 0.164355
2.702896 0.167965
2.704306 0.169409
2.705717 0.16841
2.70713 0.16391
2.708544 0.156912
2.70996 0.148469
2.711378 0.139749
2.712797 0.132361
2.714217 0.126529
2.715639 0.12203
2.717062 0.118309
2.718487 0.115532
2.719913 0.113643
2.721341 0.11231
2.72277 0.111699
2.7242 0.111588
2.725633 0.11181
2.727067 0.111977
2.728502 0.112143
2.729939 0.111755
2.731377 0.111144
2.732817 0.110755
2.734258 0.110366
2.735701 0.109533
2.737146 0.108422
2.738592 0.107089
2.740039 0.105922
2.741488 0.104812
2.742939 0.103534
2.744391 0.102312
2.745844 0.100757
2.747299 0.099146
2.748756 0.097758
2.750214 0.096202
2.751674 0.094703
2.753135 0.093092
2.754598 0.091426
2.756062 0.090092
2.757528 0.08887
2.758996 0.087149
2.760465 0.085538
2.761936 0.083983
2.763408 0.082316
2.764882 0.080761
2.766357 0.079261
2.767834 0.078039
2.769313 0.076929
2.770793 0.075651
2.772275 0.074596
2.773758 0.073651
2.775243 0.072596
2.77673 0.071707
2.778218 0.070985
2.779707 0.070097
2.781199 0.069486
2.782691 0.069152
2.784185 0.06893
2.785681 0.068597
2.787179 0.068264
2.788678 0.068097
2.790179 0.068153
2.791682 0.068319
2.793186 0.068319
2.794692 0.068208
2.7962 0.06843
2.797709 0.068597
2.799219 0.068708
2.800731 0.06893
2.802245 0.069375
2.803761 0.069486
2.805278 0.069597
2.806797 0.06993
2.808318 0.070485
2.80984 0.070985
2.811363 0.071207
2.812889 0.07143
2.814416 0.071707
2.815945 0.072041
2.817475 0.072485
2.819007 0.072985
2.82054 0.073485
2.822076 0.073874
2.823613 0.074318
2.825152 0.074762
2.826692 0.075207
2.828234 0.07554
2.829778 0.075929
2.831324 0.076262
2.832871 0.076651
2.83442 0.07704
2.835971 0.077428
2.837523 0.077706
2.839077 0.078039
2.840632 0.078428
2.84219 0.078761
2.843749 0.079039
2.84531 0.079206
2.846872 0.079595
2.848437 0.079872
2.850003 0.080095
2.85157 0.080261
2.85314 0.080317
2.854711 0.080483
2.856283 0.080483
2.857857 0.080539
2.859434 0.080594
2.861012 0.080817
2.862592 0.080872
2.864173 0.080705
2.865757 0.080817
2.867342 0.081039
2.868929 0.081039
2.870517 0.080928
2.872108 0.080872
2.873699 0.080761
2.875293 0.080594
2.876889 0.080372
2.878486 0.080261
2.880085 0.080261
2.881686 0.079983
2.883289 0.079761
2.884893 0.079761
2.886499 0.079595
2.888107 0.079428
2.889717 0.079317
2.891329 0.079261
2.892942 0.079039
2.894558 0.078706
2.896175 0.078484
2.897794 0.078428
2.899415 0.078262
2.901037 0.078206
2.902662 0.07815
2.904288 0.077928
2.905916 0.077928
2.907546 0.077984
2.909178 0.077873
2.910811 0.077873
2.912446 0.077873
2.914083 0.07815
2.915722 0.078262
2.917363 0.078206
2.919006 0.078262
2.92065 0.078317
2.922296 0.078428
2.923944 0.078595
2.925594 0.078761
2.927246 0.078873
2.9289 0.079039
2.930556 0.079261
2.932213 0.07965
2.933873 0.080039
2.935534 0.080428
2.937198 0.080817
2.938863 0.080983
2.94053 0.080983
2.942199 0.081094
2.943869 0.081428
2.945542 0.081761
2.947217 0.082094
2.948893 0.082483
2.950572 0.083038
2.952252 0.083427
2.953934 0.083483
2.955618 0.083649
2.957304 0.084038
2.958992 0.084482
2.960681 0.084927
2.962373 0.08526
2.964067 0.085704
2.965763 0.086093
2.96746 0.086427
2.96916 0.086871
2.970861 0.08726
2.972565 0.08776
2.974271 0.088204
2.975978 0.088482
2.977687 0.089037
2.979398 0.089481
2.981112 0.089926
2.982827 0.09037
2.984544 0.090981
2.986264 0.091537
2.987985 0.091925
2.989709 0.09237
2.991434 0.09287
2.993161 0.093481
2.99489 0.094147
2.996621 0.094758
2.998354 0.095202
3.000089 0.095591
3.001826 0.096036
3.003565 0.096702
3.005306 0.097424
3.00705 0.09798
3.008795 0.098369
3.010542 0.098868
3.012291 0.099424
3.014043 0.099924
3.015796 0.100479
3.017552 0.101035
3.019309 0.101757
3.021069 0.102257
3.02283 0.102701
3.024594 0.103201
3.02636 0.103812
3.028127 0.104201
3.029897 0.104534
3.031669 0.105145
3.033443 0.105756
3.035219 0.106256
3.036998 0.1067
3.038778 0.107144
3.04056 0.107755
3.042344 0.108255
3.04413 0.108533
3.045919 0.108866
3.047709 0.109533
3.049502 0.110088
3.051297 0.110477
3.053094 0.110755
3.054893 0.111088
3.056694 0.111699
3.058498 0.112199
3.060303 0.112532
3.062111 0.112977
3.063921 0.113199
3.065733 0.113699
3.067547 0.114254
3.069363 0.114643
3.071181 0.114921
3.073001 0.115421
3.074824 0.11592
3.076649 0.116531
3.078476 0.116865
3.080305 0.116976
3.082136 0.117476
3.08397 0.118087
3.085805 0.118475
3.087644 0.118753
3.089484 0.119142
3.091326 0.119697
3.093171 0.120142
3.095017 0.120697
3.096866 0.121197
3.098717 0.121641
3.10057 0.122141
3.102426 0.122641
3.104284 0.12303
3.106144 0.12353
3.108006 0.124141
3.109871 0.124863
3.111737 0.125474
3.113606 0.125974
3.115477 0.126474
3.11735 0.127029
3.119226 0.12764
3.121104 0.12814
3.122984 0.128696
3.124866 0.129307
3.126751 0.129751
3.128638 0.130195
3.130527 0.130751
3.132419 0.131473
3.134313 0.132195
3.136209 0.13275
3.138108 0.133417
3.140008 0.134028
3.141912 0.134583
3.143817 0.135139
3.145725 0.135694
3.147635 0.136305
3.149547 0.136861
3.151462 0.137527
3.153378 0.138138
3.155298 0.138582
3.157219 0.139082
3.159143 0.13986
3.16107 0.140471
3.162998 0.141082
3.164929 0.141804
3.166862 0.142304
3.168798 0.142859
3.170736 0.143637
3.172677 0.144359
3.174619 0.144914
3.176565 0.14547
3.178513 0.146081
3.180463 0.146803
3.182415 0.147414
3.18437 0.14808
3.186327 0.148858
3.188287 0.149469
3.190248 0.150136
3.192213 0.150691
3.19418 0.151413
3.196149 0.152191
3.198121 0.152802
3.200095 0.153524
3.202072 0.154357
3.204051 0.154912
3.206032 0.155412
3.208016 0.156245
3.210002 0.156967
3.211991 0.157745
3.213982 0.158467
3.215976 0.159189
3.217972 0.159967
3.219971 0.160744
3.221972 0.161467
3.223976 0.162355
3.225982 0.163077
3.227991 0.163744
3.230002 0.164521
3.232016 0.165466
3.234032 0.166243
3.236051 0.166688
3.238072 0.16741
3.240096 0.168298
3.242123 0.169021
3.244152 0.169854
3.246183 0.170631
3.248217 0.171353
3.250253 0.172131
3.252293 0.172909
3.254334 0.173631
3.256378 0.174353
3.258425 0.17513
3.260474 0.175797
3.262526 0.17663
3.26458 0.177408
3.266638 0.178019
3.268697 0.17863
3.27076 0.179574
3.272825 0.180518
3.274892 0.181351
3.276962 0.182129
3.279035 0.182851
3.28111 0.18374
3.283188 0.184684
3.285269 0.185517
3.287352 0.18635
3.289438 0.18735
3.291526 0.188239
3.293617 0.188905
3.295711 0.189794
3.297807 0.190738
3.299906 0.191627
3.302008 0.19246
3.304113 0.193293
3.30622 0.194293
3.30833 0.195293
3.310443 0.196015
3.312558 0.196904
3.314676 0.197848
3.316797 0.198626
3.31892 0.19957
3.321046 0.200403
3.323175 0.201236
3.325307 0.202014
3.327442 0.202902
3.329579 0.204013
3.331719 0.204902
3.333861 0.205846
3.336007 0.20679
3.338155 0.207679
3.340306 0.208568
3.342458 0.209457
3.344615 0.21029
3.346774 0.211067
3.348936 0.211845
3.351101 0.212734
3.353268 0.213622
3.355439 0.2144
3.357612 0.215344
3.359789 0.216233
3.361968 0.216955
3.364149 0.217788
3.366334 0.218732
3.368521 0.219343
3.370711 0.220177
3.372904 0.221232
3.3751 0.222232
3.3773 0.223065
3.379501 0.223898
3.381706 0.224842
3.383913 0.225731
3.386123 0.226731
3.388336 0.227675
3.390553 0.228508
3.392771 0.229397
3.394992 0.230341
3.397217 0.23123
3.399445 0.232063
3.401675 0.233007
3.403909 0.233896
3.406146 0.234729
3.408385 0.235507
3.410627 0.23634
3.412873 0.237229
3.415121 0.238173
3.417372 0.239339
3.419626 0.240561
3.421884 0.241894
3.424144 0.243227
3.426407 0.244338
3.428673 0.245616
3.430943 0.246838
3.433215 0.248004
3.43549 0.249171
3.437768 0.250281
3.440049 0.251337
3.442333 0.25267
3.444621 0.253836
3.446911 0.254947
3.449204 0.256002
3.4515 0.257002
3.4538 0.258002
3.456102 0.259169
3.458408 0.260224
3.460716 0.261168
3.463028 0.262057
3.465343 0.262946
3.467662 0.26389
3.469983 0.264778
3.472307 0.265723
3.474634 0.266611
3.476965 0.267389
3.479298 0.268278
3.481635 0.269166
3.483975 0.270111
3.486317 0.271055
3.488663 0.271888
3.491012 0.272666
3.493365 0.27361
3.49572 0.274554
3.498079 0.275443
3.500441 0.276276
3.502806 0.277165
3.505175 0.27822
3.507547 0.279387
3.509921 0.280553
3.512299 0.281331
3.514681 0.282386
3.517065 0.283775
3.519453 0.284885
3.521844 0.285885
3.524238 0.286996
3.526636 0.288107
3.529036 0.289329
3.53144 0.290384
3.533848 0.291273
3.536258 0.292273
3.538672 0.293439
3.541089 0.294439
3.543509 0.295272
3.545932 0.296105
3.548359 0.297105
3.55079 0.297938
3.553223 0.298549
3.55566 0.299049
3.558101 0.299771
3.560545 0.300382
3.562992 0.300715
3.565443 0.301104
3.567896 0.301604
3.570354 0.302215
3.572814 0.302937
3.575278 0.303826
3.577746 0.304881
3.580216 0.306214
3.582691 0.307436
3.585169 0.308825
3.58765 0.310158
3.590135 0.311547
3.592623 0.312935
3.595114 0.314213
3.597609 0.315379
3.600107 0.316434
3.602608 0.31749
3.605114 0.318656
3.607622 0.319712
3.610135 0.3206
3.61265 0.321433
3.61517 0.322322
3.617692 0.323322
3.620219 0.324211
3.622749 0.325099
3.625283 0.325877
3.627819 0.32671
3.63036 0.327543
3.632904 0.328321
3.635452 0.329043
3.638003 0.329765
3.640558 0.330487
3.643116 0.331154
3.645679 0.331876
3.648244 0.332542
3.650813 0.333153
3.653386 0.334097
3.655962 0.334875
3.658543 0.335653
3.661126 0.33643
3.663713 0.337152
3.666304 0.337819
3.668898 0.338541
3.671497 0.339319
3.674099 0.340152
3.676705 0.340818
3.679314 0.341429
3.681927 0.342096
3.684544 0.342707
3.687165 0.343429
3.689789 0.344151
3.692417 0.344651
3.695049 0.345095
3.697685 0.34554
3.700324 0.345928
3.702967 0.346539
3.705615 0.347261
3.708265 0.34815
3.71092 0.349094
3.713578 0.350039
3.71624 0.350816
3.718906 0.351649
3.721576 0.352594
3.724249 0.353316
3.726926 0.353927
3.729607 0.354649
3.732292 0.355315
3.734981 0.355926
3.737674 0.356648
3.740371 0.357259
3.743071 0.35787
3.745776 0.358481
3.748485 0.359037
3.751197 0.359648
3.753913 0.360148
3.756634 0.360703
3.759358 0.36137
3.762086 0.362036
3.764818 0.362536
3.767554 0.363036
3.770293 0.363425
3.773037 0.363925
3.775785 0.36448
3.778537 0.36498
3.781293 0.365535
3.784053 0.366035
3.786817 0.366535
3.789586 0.366924
3.792358 0.367257
3.795134 0.367646
3.797915 0.36809
3.800699 0.36859
3.803488 0.368979
3.80628 0.369368
3.809077 0.369868
3.811877 0.370257
3.814683 0.370479
3.817492 0.370868
3.820305 0.371145
3.823123 0.371534
3.825944 0.371978
3.82877 0.372423
3.8316 0.372701
3.834434 0.372978
3.837271 0.373256
3.840113 0.373645
3.84296 0.373922
3.845811 0.374256
3.848666 0.374533
3.851525 0.374756
3.854389 0.374922
3.857257 0.375144
3.86013 0.375422
3.863006 0.375644
3.865887 0.375811
3.868772 0.376089
3.871661 0.376366
3.874554 0.376533
3.877452 0.3767
3.880355 0.376866
3.883262 0.376977
3.886173 0.377033
3.889088 0.377089
3.892008 0.377255
3.894932 0.377477
3.897861 0.377644
3.900793 0.377588
3.903731 0.377644
3.906672 0.377755
3.909618 0.377922
3.912569 0.377977
3.915524 0.378033
3.918483 0.377977
3.921447 0.378088
3.924416 0.378199
3.927389 0.378144
3.930367 0.378199
3.933349 0.378255
3.936336 0.378255
3.939327 0.37831
3.942322 0.378366
3.945323 0.378422
3.948327 0.378477
3.951337 0.378477
3.954351 0.378477
3.95737 0.378477
3.960393 0.378533
3.963421 0.378533
3.966453 0.378533
3.96949 0.378477
3.972532 0.378533
3.975579 0.378588
3.978629 0.378533
3.981685 0.378533
3.984745 0.378533
3.98781 0.378644
3.99088 0.378644
3.993955 0.378588
3.997034 0.378477
4.000118 0.378366
4.003208 0.378255
4.006302 0.378199
4.0094 0.378088
4.012504 0.377866
4.015612 0.377811
4.018724 0.377755
4.021842 0.377644
4.024965 0.377422
4.028091 0.377144
4.031223 0.376922
4.03436 0.3767
4.037502 0.376533
4.040649 0.376366
4.043801 0.376033
4.046958 0.375755
4.050119 0.375644
4.053287 0.375311
4.056458 0.374922
4.059635 0.374645
4.062816 0.374478
4.066003 0.3742
4.069194 0.373867
4.072391 0.373589
4.075593 0.373367
4.078799 0.373145
4.082011 0.372867
4.085227 0.372534
4.088449 0.372312
4.091676 0.371978
4.094908 0.371645
4.098145 0.371367
4.101388 0.37109
4.104634 0.370812
4.107887 0.37059
4.111144 0.370257
4.114407 0.369979
4.117675 0.369701
4.120948 0.369423
4.124227 0.369146
4.12751 0.368812
4.130799 0.368646
4.134094 0.368479
4.137393 0.368201
4.140697 0.367868
4.144008 0.367424
4.147323 0.367146
4.150643 0.366813
4.153969 0.366702
4.157301 0.366535
4.160638 0.366257
4.16398 0.366035
4.167327 0.365758
4.17068 0.365535
4.174038 0.365313
4.177401 0.365035
4.18077 0.364702
4.184143 0.364424
4.187523 0.364202
4.190908 0.363869
4.194299 0.363647
4.197695 0.363536
4.201097 0.363314
4.204504 0.36298
4.207917 0.362647
4.211336 0.362258
4.214759 0.361814
4.218189 0.361425
4.221624 0.361036
4.225064 0.360481
4.22851 0.360092
4.231962 0.359759
4.23542 0.359592
4.238883 0.359481
4.242352 0.35937
4.245827 0.35937
4.249307 0.359592
4.252793 0.359648
4.256284 0.359592
4.259782 0.359259
4.263285 0.35887
4.266792 0.358592
4.270307 0.358259
4.273828 0.358037
4.277354 0.357815
4.280886 0.357593
4.284424 0.357537
4.287968 0.357426
4.291517 0.357426
4.295074 0.357426
4.298635 0.35737
4.302202 0.35737
4.305776 0.357426
4.309355 0.357259
4.31294 0.357259
4.316531 0.357204
4.320128 0.357093
4.323732 0.356926
4.327342 0.356926
4.330956 0.356871
4.334578 0.356704
4.338205 0.356537
4.341838 0.356537
4.345478 0.356482
4.349123 0.356426
4.352774 0.356371
4.356431 0.356204
4.360096 0.356037
4.363765 0.355926
4.367442 0.355871
4.371124 0.355815
4.374813 0.355649
4.378508 0.355649
4.38221 0.355537
4.385918 0.355426
4.389631 0.355371
4.393351 0.355371
4.397078 0.355315
4.40081 0.35526
4.404549 0.355093
4.408295 0.354982
4.412045 0.354982
4.415803 0.354926
4.419568 0.354815
4.423338 0.354704
4.427116 0.354593
4.4309 0.354649
4.43469 0.354593
4.438487 0.354427
4.442291 0.354315
4.446101 0.35426
4.449917 0.354149
4.45374 0.354038
4.45757 0.353982
4.461406 0.353871
4.465249 0.35376
4.469098 0.353705
4.472954 0.353649
4.476817 0.353538
4.480686 0.35326
4.484562 0.353094
4.488445 0.352871
4.492334 0.35276
4.496231 0.352594
4.500134 0.352316
4.504043 0.352094
4.507959 0.352038
4.511883 0.351816
4.515813 0.351594
4.51975 0.351316
4.523694 0.350983
4.527645 0.350705
4.531602 0.350372
4.535568 0.350094
4.539539 0.349761
4.543518 0.349372
4.547503 0.349094
4.551496 0.34865
4.555496 0.34815
4.559502 0.347484
4.563516 0.346984
4.567537 0.346428
4.571565 0.345873
4.5756 0.345262
4.579642 0.344595
4.583691 0.343929
4.587747 0.343262
4.591811 0.342429
4.595881 0.341707
4.599958 0.34104
4.604044 0.340318
4.608136 0.339596
4.612236 0.33893
4.616343 0.338263
4.620458 0.33743
4.624579 0.336652
4.628708 0.335875
4.632845 0.335097
4.636989 0.334375
4.64114 0.333542
4.645299 0.332598
4.649466 0.331709
4.653639 0.330709
4.65782 0.329709
4.662009 0.328765
4.666206 0.327821
4.67041 0.326877
4.674621 0.325766
4.67884 0.324655
4.683066 0.323544
4.687301 0.322322
4.691543 0.321267
4.695792 0.320211
4.700048 0.318989
4.704313 0.317768
4.708586 0.316712
4.712867 0.315601
4.717155 0.314435
4.721451 0.31338
4.725755 0.312213
4.730067 0.311102
4.734388 0.310047
4.738715 0.308992
4.743051 0.307881
4.747394 0.306825
4.751746 0.30577
4.756105 0.30477
4.760472 0.303826
4.764848 0.302993
4.769232 0.302049
4.773623 0.300993
4.778023 0.299993
4.782431 0.298994
4.786847 0.297994
4.791271 0.297105
4.795703 0.296216
4.800144 0.295161
4.804591 0.294106
4.809048 0.293106
4.813513 0.292217
4.817986 0.291217
4.822468 0.290107
4.826958 0.288996
4.831457 0.288107
4.835964 0.287218
4.84048 0.28633
4.845004 0.285441
4.849536 0.284441
4.854077 0.283552
4.858626 0.282608
4.863184 0.281608
4.867751 0.280609
4.872326 0.279664
4.876908 0.27872
4.8815 0.27772
4.886101 0.276665
4.89071 0.275832
4.895329 0.274887
4.899956 0.273943
4.904591 0.272999
4.909236 0.271944
4.91389 0.270888
4.918552 0.269944
4.923223 0.269166
4.927903 0.268333
4.932591 0.267445
4.937289 0.266556
4.941996 0.265667
4.946712 0.265001
4.951437 0.264167
4.956171 0.263445
4.960914 0.262723
4.965665 0.262112
4.970426 0.261557
4.975196 0.261001
4.979976 0.260557
4.984764 0.260057
4.989561 0.259557
4.994367 0.25928
4.999184 0.259002
5.004009 0.258613
5.008844 0.25828
5.013688 0.258058
5.018541 0.25778
5.023404 0.257558
5.028277 0.257391
5.033159 0.257336
5.038051 0.257169
5.042951 0.257002
5.047862 0.256725
5.052782 0.256558
5.057711 0.256447
5.06265 0.256336
5.0676 0.256169
5.072558 0.255947
5.077527 0.255669
5.082504 0.255503
5.087492 0.255392
5.09249 0.255336
5.097497 0.255169
5.102514 0.254947
5.10754 0.254669
5.112577 0.254447
5.117624 0.254336
5.122681 0.25417
5.127748 0.253892
5.132825 0.25367
5.137912 0.253448
5.143009 0.253281
5.148117 0.252948
5.153234 0.252781
5.158362 0.252559
5.1635 0.252281
5.168648 0.251948
5.173806 0.25167
5.178975 0.251448
5.184154 0.251226
5.189344 0.250837
5.194544 0.250337
5.199754 0.249837
5.204975 0.249504
5.210206 0.249115
5.215447 0.248615
5.2207 0.248115
5.225963 0.247671
5.231235 0.247115
5.236519 0.246504
5.241814 0.245893
5.247119 0.245282
5.252435 0.244672
5.257762 0.244061
5.2631 0.24345
5.268449 0.242839
5.273809 0.242116
5.27918 0.241505
5.284561 0.240783
5.289953 0.240117
5.295357 0.23945
5.300771 0.238784
5.306197 0.238062
5.311634 0.23734
5.31708 0.236618
5.322538 0.235784
5.328009 0.23484
5.33349 0.233952
5.338983 0.232952
5.344487 0.231841
5.350003 0.230619
5.355529 0.229564
5.361069 0.228453
5.366619 0.227286
5.37218 0.226064
5.377753 0.224731
5.383337 0.223343
5.388933 0.222121
5.394541 0.220788
5.40016 0.219399
5.405792 0.217844
5.411435 0.2164
5.417089 0.214955
5.422756 0.2134
5.428434 0.212178
5.434124 0.210845
5.439826 0.209346
5.44554 0.207957
5.451264 0.206568
5.457003 0.205235
5.462753 0.203847
5.468515 0.20268
5.47429 0.201625
5.480077 0.200514
5.485876 0.19957
5.491687 0.198626
5.497512 0.197681
5.503348 0.196737
5.509196 0.195848
5.515058 0.195015
5.520931 0.194126
5.526816 0.19346
5.532715 0.192682
5.538626 0.19196
5.544551 0.191238
5.550487 0.190516
5.556436 0.18985
5.562398 0.189239
5.568373 0.188516
5.57436 0.187572
5.58036 0.186684
5.586374 0.186073
5.592398 0.185406
5.598437 0.184573
5.604489 0.183684
5.610555 0.182851
5.616633 0.181851
5.622725 0.180907
5.62883 0.179907
5.634949 0.179018
5.641082 0.177908
5.647227 0.177019
5.653385 0.176241
5.659557 0.175408
5.665742 0.174353
5.671941 0.173242
5.678154 0.172187
5.68438 0.171409
5.69062 0.170465
5.696874 0.16952
5.703141 0.168465
5.709422 0.167299
5.715717 0.166188
5.722026 0.165355
5.728348 0.16441
5.734685 0.163411
5.741033 0.162189
5.747398 0.161078
5.753777 0.159967
5.76017 0.158634
5.766577 0.157079
5.772999 0.156134
5.779435 0.155023
5.785885 0.15369
5.792351 0.152246
5.798831 0.150858
5.805324 0.149358
5.811832 0.147692
5.818355 0.145803
5.824893 0.144248
5.831445 0.142859
5.838012 0.141304
5.844594 0.139416
5.851191 0.137472
5.857803 0.135416
5.864429 0.13325
5.871071 0.131139
5.877727 0.128751
5.884399 0.126418
5.891086 0.124419
5.897785 0.12203
5.904502 0.119809
5.911235 0.117698
5.917983 0.115365
5.924747 0.11281
5.931525 0.110144
5.93832 0.107644
5.94513 0.105811
5.951957 0.103812
5.958798 0.101646
5.965655 0.099535
5.972528 0.097591
5.979417 0.095813
5.986322 0.094092
5.993242 0.092425
6.000179 0.090981
6.00713 0.089648
6.014098 0.088426
6.021083 0.087371
6.028085 0.086371
6.035102 0.085482
6.042136 0.084594
6.049186 0.083816
6.056253 0.083427
6.063337 0.083038
6.070437 0.082538
6.077554 0.082372
6.084687 0.082316
6.091837 0.082094
6.099004 0.082039
6.106188 0.082205
6.113389 0.082427
6.120608 0.082927
6.127842 0.083594
6.135094 0.084205
6.142364 0.084871
6.14965 0.085816
6.156953 0.086815
6.164274 0.087871
6.171613 0.088982
6.178967 0.089926
6.18634 0.090981
6.193731 0.09237
6.201139 0.093592
6.208566 0.094758
6.216011 0.09598
6.223473 0.097424
6.230953 0.098868
6.238452 0.100313
6.245968 0.101701
6.253502 0.102979
6.261055 0.104201
6.268626 0.105534
6.276215 0.1067
6.283823 0.1077
6.291449 0.1087
6.299095 0.109699
6.306758 0.110533
6.31444 0.111477
6.32214 0.112532
6.32986 0.113699
6.337598 0.114643
6.345355 0.116087
6.353131 0.117864
6.360924 0.119475
6.368739 0.12103
6.376572 0.122697
6.384425 0.124308
6.392297 0.125863
6.400189 0.127196
6.4081 0.128196
6.416031 0.129584
6.423983 0.131362
6.431953 0.132639
6.439943 0.133972
6.447953 0.135305
6.455982 0.136638
6.464032 0.137916
6.472102 0.138971
6.480192 0.13986
6.488305 0.140749
6.496436 0.14186
6.504587 0.143248
6.512758 0.144137
6.52095 0.145025
6.529163 0.146025
6.537397 0.14697
6.545651 0.147692
6.553923 0.148303
6.562219 0.148858
6.570536 0.149191
6.578875 0.149747
6.587234 0.150302
6.595614 0.150691
6.604017 0.15108
6.61244 0.151191
6.620886 0.151302
6.629353 0.15108
6.637841 0.150913
6.646351 0.151302
6.654883 0.151635
6.663437 0.151524
6.672013 0.151358
6.680611 0.15108
6.689233 0.150969
6.697875 0.150802
6.70654 0.150469
6.715228 0.15008
6.723937 0.149747
6.73267 0.149358
6.741425 0.148747
6.750203 0.148136
6.759001 0.147636
6.767824 0.146914
6.776671 0.146081
6.785541 0.145137
6.794435 0.144359
6.803351 0.143637
6.812291 0.142748
6.821255 0.141804
6.830244 0.140915
6.839254 0.139971
6.848289 0.13886
6.857347 0.137583
6.86643 0.136583
6.875537 0.135805
6.884668 0.134583
6.893823 0.133306
6.902999 0.132028
6.912203 0.130862
6.921432 0.129751
6.930685 0.128584
6.939963 0.127251
6.949265 0.125752
6.958593 0.124252
6.967947 0.123197
6.977327 0.122197
6.98673 0.12103
6.996159 0.119809
7.005613 0.118642
7.015093 0.117587
7.024599 0.116642
7.03413 0.115809
7.043687 0.115087
7.053272 0.114587
7.062882 0.114087
7.072517 0.113643
7.082179 0.113365
7.091867 0.113032
7.101583 0.112588
7.111324 0.112199
7.121092 0.111644
7.130883 0.111199
7.140706 0.110588
7.150555 0.109811
7.160431 0.108922
7.170335 0.1082
7.180266 0.107422
7.190225 0.106645
7.200211 0.1057
7.210228 0.104701
7.22027 0.103812
7.23034 0.103034
7.240438 0.10209
7.250565 0.101035
7.26072 0.100035
7.270903 0.098813
7.281115 0.097424
7.291358 0.096036
7.301627 0.094647
7.311926 0.093258
7.322253 0.092203
7.33261 0.09137
7.342996 0.090537
7.353412 0.089481
7.363857 0.088259
7.374328 0.087038
7.384833 0.086038
7.395367 0.08526
7.405932 0.084538
7.416527 0.083816
7.427153 0.083094
7.437809 0.082372
7.448495 0.08165
7.459215 0.080983
7.469963 0.080317
7.480742 0.079706
7.491552 0.078928
7.502394 0.077984
7.513267 0.077206
7.524172 0.076373
7.535108 0.075595
7.546078 0.074762
7.557078 0.073874
7.56811 0.072985
7.579175 0.072152
7.590272 0.071319
7.601401 0.070541
7.612564 0.069708
7.623759 0.06893
7.634982 0.068153
7.646243 0.067375
7.657537 0.066542
7.668865 0.065598
7.680227 0.064764
7.691622 0.064042
7.703051 0.063154
7.714513 0.062209
7.726013 0.061321
7.737544 0.060487
7.74911 0.059654
7.76071 0.058821
7.772346 0.057932
7.784016 0.057044
7.795721 0.056155
7.807461 0.055322
7.819234 0.054267
7.831045 0.053378
7.842893 0.052434
7.854775 0.0516
7.866695 0.050656
7.87865 0.049601
7.890642 0.048657
7.90267 0.047712
7.914737 0.046768
7.926839 0.045824
7.938978 0.044824
7.951155 0.043824
7.963368 0.04288
7.97562 0.04188
7.987909 0.040769
8.000236 0.039658
8.012604 0.038659
8.025007 0.037659
8.03745 0.036604
8.04993 0.035493
8.062449 0.034437
8.075007 0.033438
8.087605 0.032438
8.100242 0.031605
8.112914 0.030605
8.12563 0.029661
8.138387 0.028661
8.151183 0.027661
8.16402 0.026772
8.176896 0.025828
8.189815 0.024939
8.202773 0.023828
8.215774 0.022606
8.228815 0.021607
8.241898 0.020718
8.255021 0.019663
8.268188 0.018774
8.281395 0.017996
8.294645 0.016996
8.307939 0.016163
8.321277 0.015441
8.334655 0.014553
8.348077 0.013719
8.361541 0.013053
8.37505 0.012331
8.388601 0.011609
8.402197 0.011053
8.415837 0.010609
8.429516 0.010109
8.443245 0.009776
8.457019 0.00922
8.470837 0.008776
8.484701 0.008387
8.49861 0.008109
8.512566 0.007998
8.526567 0.007832
8.540616 0.007832
8.554709 0.007943
8.56885 0.007943
8.583036 0.008165
8.59727 0.008332
8.611551 0.00872
8.62588 0.009054
8.640257 0.009609
8.654684 0.010109
8.669156 0.010776
8.683678 0.011553
8.698248 0.012331
8.712867 0.013331
8.727534 0.014608
8.742252 0.015941
8.75702 0.017496
8.771832 0.019163
8.786699 0.021107
8.801618 0.023217
8.816586 0.025606
8.831606 0.028272
8.846677 0.030938
8.861799 0.03366
8.876974 0.036826
8.892203 0.039936
8.907482 0.043213
8.922813 0.04649
8.938197 0.049767
8.953634 0.0531
8.969126 0.056322
8.98467 0.059099
9.000268 0.061543
9.015924 0.064042
9.031631 0.066708
9.047393 0.069263
9.06321 0.07193
9.079082 0.074651
9.095011 0.077651
9.110995 0.080928
9.127035 0.084594
9.143127 0.088315
9.159282 0.092425
9.175492 0.096924
9.191761 0.101368
9.208088 0.105756
9.224472 0.110199
9.240915 0.114254
9.257417 0.117976
9.27398 0.12153
9.290601 0.124585
9.307281 0.127251
9.32402 0.129195
9.34082 0.130695
9.35768 0.131917
9.374602 0.13275
9.391585 0.133306
9.408624 0.133861
9.42573 0.134528
9.442899 0.135416
9.460131 0.136361
9.477425 0.137583
9.494783 0.139304
9.512204 0.14136
9.52969 0.14397
9.547244 0.147081
9.564858 0.150524
9.582539 0.15419
9.600284 0.158078
9.618095 0.161966
9.635973 0.165855
9.653916 0.169632
9.671927 0.172631
9.690009 0.175353
9.708156 0.177852
9.72637 0.180129
9.744653 0.182184
9.763004 0.183962
9.781425 0.185073
9.799915 0.185406
9.818476 0.185239
9.837101 0.184406
9.855803 0.182684
9.874576 0.180129
9.89342 0.177186
9.912336 0.173908
9.931326 0.17002
9.950388 0.166021
9.969523 0.161911
9.988736 0.157412
10.008019 0.152691
10.027377 0.147747
10.04681 0.142748
10.066319 0.137971
10.085902 0.133028
10.105563 0.12814
10.1253 0.123363
10.145119 0.118864
10.165011 0.114754
10.184982 0.111144
10.205031 0.107978
10.22516 0.105089
10.245367 0.102868
10.265656 0.101257
10.286023 0.099868
10.306466 0.099091
10.326997 0.098591
10.34761 0.098091
10.368304 0.097646
10.389083 0.097091
10.409945 0.096424
10.43089 0.09598
10.45192 0.095147
10.473039 0.093925
10.49424 0.092536
10.515526 0.09087
10.536899 0.088926
10.558359 0.086704
10.579906 0.084594
10.601542 0.082483
10.623267 0.080372
10.645084 0.07815
10.666988 0.075929
10.688982 0.07404
10.711066 0.072541
10.733243 0.070819
10.755511 0.06943
10.777872 0.06843
10.800325 0.067653
10.822865 0.066708
10.845508 0.06582
10.868244 0.064987
10.891077 0.063931
10.914005 0.063265
10.937031 0.06282
10.960154 0.062376
10.983374 0.062154
11.006698 0.061987
11.030116 0.061709
11.053635 0.061543
11.077253 0.061821
11.100973 0.062043
11.124795 0.062265
11.14872 0.062487
11.172747 0.062487
11.196871 0.062432
11.221107 0.062432
11.245447 0.062376
11.269894 0.062209
11.294447 0.061987
11.319107 0.061876
11.343875 0.061487
11.368752 0.061043
11.393744 0.060543
11.418839 0.059821
11.444047 0.058988
11.469365 0.058321
11.494797 0.057655
11.52034 0.057044
11.545999 0.056433
11.571771 0.055711
11.597663 0.055155
11.623667 0.054655
11.649787 0.054211
11.676025 0.053989
11.702382 0.053544
11.728858 0.053156
11.755454 0.052989
11.782171 0.052211
11.809002 0.051489
11.835962 0.050989
11.863048 0.050267
11.890256 0.049545
11.91759 0.048657
11.94505 0.047546
11.972636 0.046046
12.000351 0.044602
12.028198 0.043324
12.056171 0.042047
12.084274 0.040492
12.112508 0.038992
12.140875 0.037825
12.169374 0.036937
12.198009 0.036215
12.226777 0.035548
12.255688 0.035048
12.28473 0.034604
12.31391 0.034271
12.343228 0.033882
12.372687 0.033438
12.402287 0.032827
12.432029 0.03216
12.461913 0.031605
12.491931 0.030994
12.522105 0.03016
12.552425 0.029327
12.582892 0.028827
12.613507 0.027994
12.644272 0.026994
12.675187 0.02605
12.706254 0.025439
12.737479 0.024828
12.768852 0.024217
12.80038 0.023884
12.832064 0.023217
12.863906 0.022384
12.895905 0.021884
12.928064 0.02144
12.960384 0.02144
12.992874 0.021273
13.025519 0.020885
13.05833 0.020773
13.091305 0.020551
13.124448 0.020662
13.157759 0.020885
13.191238 0.020718
13.22489 0.020496
13.258701 0.020662
13.292698 0.020607
13.326869 0.02044
13.361217 0.020162
13.395742 0.019885
13.430446 0.019885
13.46533 0.019663
13.500397 0.019385
13.535651 0.01944
13.571085 0.019885
13.606705 0.020329
13.642511 0.020607
13.678508 0.021107
13.714694 0.021551
13.751073 0.02194
13.787644 0.022551
13.82442 0.022773
13.861383 0.02244
13.898545 0.022051
13.935907 0.022162
13.97347 0.022218
14.011236 0.021773
14.049208 0.021384
14.087384 0.021273
14.125755 0.02094
14.16435 0.020829
14.203156 0.020996
14.242176 0.021273
14.281411 0.021273
14.320862 0.021107
14.360532 0.020829
14.400422 0.020996
14.440542 0.021384
14.48088 0.021773
14.521442 0.022218
14.562233 0.022773
14.603253 0.023162
14.644506 0.023328
14.685991 0.023551
14.727713 0.023884
14.76966 0.024106
14.811859 0.024162
14.8543 0.024495
14.896984 0.025217
14.939916 0.025439
14.983094 0.025717
15.026524 0.026328
15.070205 0.026828
15.11415 0.027939
15.158343 0.028827
15.202796 0.029383
15.24751 0.029994
15.292488 0.030383
15.337732 0.030327
15.383245 0.030049
15.429028 0.029605
15.475092 0.029105
15.521424 0.028827
15.568036 0.028216
15.614927 0.027217
15.662103 0.025661
15.709563 0.024828
15.757313 0.02455
15.805353 0.024106
15.853672 0.023606
15.902304 0.022995
15.951234 0.022384
16.000465 0.021829
16.050003 0.021384
16.099848 0.021107
16.150003 0.021107
16.200472 0.021384
16.251265 0.021329
16.30237 0.021273
16.353796 0.021162
16.405548 0.021329
16.45763 0.021329
16.510042 0.021384
16.56279 0.020996
16.615877 0.021107
16.669313 0.021107
16.723085 0.020885
16.777206 0.021218
16.831676 0.021551
16.886503 0.021273
16.941689 0.020496
16.997234 0.01994
17.053146 0.019718
17.109409 0.01944
17.166063 0.019663
17.223093 0.020051
17.280504 0.020662
17.338299 0.021718
17.396481 0.023162
17.455055 0.025717
17.514025 0.029772
17.573404 0.034548
17.633179 0.040325
17.693359 0.047324
17.753954 0.05671
17.814964 0.066542
17.876394 0.075318
17.938251 0.084482
18.000536 0.094314
18.063269 0.103367
18.126427 0.112421
18.190027 0.121808
18.254078 0.130695
18.318579 0.139971
18.383539 0.148136
18.448961 0.154024
18.514851 0.158967
18.58119 0.162855
18.648029 0.16591
18.715351 0.16791
18.783159 0.170187
18.851461 0.173742
18.920263 0.178963
18.989569 0.184962
19.059383 0.192127
19.129725 0.200236
19.200575 0.20829
19.271952 0.215233
19.343863 0.22151
19.416311 0.22562
19.489305 0.228175
19.562849 0.230563
19.636951 0.230397
19.711594 0.229286
19.786827 0.228064
19.862638 0.226897
19.939034 0.225898
20.016018 0.223676
20.093599 0.220066
20.171785 0.215233
20.250582 0.211845
20.330009 0.208735
20.410049 0.207068
20.490723 0.209123
20.572035 0.212956
20.653994 0.217899
20.73661 0.223176
20.819889 0.228342
20.903841 0.230952
20.988487 0.231285
21.073807 0.231341
21.159821 0.23073
21.246542 0.228786
21.333977 0.225898
21.422132 0.222621
21.511023 0.218899
21.600651 0.212734
21.691 0.207513
21.782139 0.201625
21.874046 0.193571
21.966734 0.187961
22.060209 0.182518
22.154484 0.175686
22.249567 0.169965
22.34547 0.167576
22.442221 0.16741
22.539797 0.166688
22.638224 0.163855
22.737514 0.160245
22.837679 0.157301
22.93873 0.155912
23.04068 0.153968
23.143541 0.150524
23.247343 0.144748
23.35206 0.141804
23.457727 0.140526
23.564352 0.136694
23.671953 0.131806
23.78054 0.12914
23.890127 0.126474
24.000731 0.12253
24.112324 0.119086
24.224998 0.11892
24.338732 0.120364
24.453537 0.119198
24.569429 0.11592
24.686426 0.113976
24.804543 0.110588
24.923796 0.108533
